3500.3586	3.519e2
3500.8604	3.169e2
3501.3359	8.049e2
3501.7239	8.198e2
3502.0278	1.119e3
3502.7805	5.030e2
3503.4768	8.204e2
3503.9124	6.286e2
3504.2185	5.073e2
3504.5659	1.393e2
3505.2993	2.538e2
3506.0090	1.541e3
3506.9133	1.190e3
3507.7014	1.165e1
3508.1973	4.409e2
3508.5554	2.082e3
3509.4460	1.140e3
3509.7642	5.374e2
3510.2505	5.569e2
3510.8257	2.074e3
3511.4927	9.930e2
3511.9941	7.410e2
3512.4072	1.663e3
3512.8220	3.524e2
3513.2178	6.085e2
3513.7734	9.757e2
3514.4502	1.030e3
3514.7615	6.087e2
3515.1343	5.408e2
3515.4602	1.683e2
3516.0386	9.061e2
3516.8757	2.084e2
3517.1724	1.225e2
3517.8384	1.135e3
3518.2708	1.201e3
3518.8357	1.358e3
3519.2249	1.402e3
3519.7627	1.645e3
3520.4478	1.110e3
3520.8440	1.018e3
3521.0603	4.978e2
3521.4641	1.710e3
3522.0779	1.225e3
3522.5979	5.644e2
3523.0359	9.908e2
3523.4004	1.386e3
3524.0820	1.106e3
3524.4307	3.374e2
3524.7278	3.752e2
3525.2751	5.429e2
3525.6404	3.116e2
3526.2019	1.148e3
3526.5625	3.702e2
3526.9961	6.764e2
3527.3730	2.994e2
3527.7263	6.878e2
3528.6118	1.434e3
3529.0574	6.765e2
3529.4451	6.016e2
3529.7861	1.505e3
3530.0652	3.922e2
3530.5793	5.326e2
3531.0315	8.685e2
3531.5774	7.499e2
3531.8606	2.616e2
3532.8113	4.198e2
3533.2966	3.283e2
3533.6340	1.434e3
3534.4031	1.029e3
3535.4607	3.058e3
3535.7627	3.371e2
3536.0574	5.803e2
3536.8674	4.188e1
3537.6646	8.376e2
3537.9607	1.699e2
3538.6907	1.748e3
3539.1785	2.351e3
3539.9009	6.523e2
3540.6279	3.327e3
3541.4158	5.867e2
3541.8176	1.780e3
3542.3645	2.239e2
3542.8132	3.520e3
3543.3057	1.485e3
3543.7366	7.640e2
3544.2175	7.758e2
3544.5601	6.398e2
3545.0901	5.672e2
3545.7749	4.936e2
3546.4419	4.733e2
3546.6682	2.608e2
3547.0264	7.256e2
3547.3604	1.487e2
3547.8542	3.171e3
3548.8472	1.160e3
3549.1985	1.085e3
3549.7244	1.884e3
3550.1436	1.523e2
3550.5815	6.609e2
3551.1340	1.347e3
3551.7161	1.563e3
3552.3931	1.803e2
3552.7410	7.447e2
3553.3416	5.250e2
3553.8247	1.426e3
3554.1191	1.357e3
3554.4651	3.565e2
3555.1042	9.797e2
3555.7295	7.416e1
3556.1292	4.855e2
3556.4150	6.037e2
3556.7610	3.145e2
3557.2671	2.618e-3
3557.6008	2.286e1
3558.1541	5.130e2
3558.5332	1.398e3
3558.8840	1.811e3
3559.4219	8.695e2
3559.9326	8.319e2
3560.7354	5.361e2
3561.2034	7.672e2
3561.6150	8.500e2
3562.1479	1.121e3
3562.7058	1.132e3
3563.4094	9.165e2
3563.9695	1.378e3
3564.6462	1.886e3
3565.9438	4.257e2
3566.2632	3.818e1
3566.5996	1.858e2
3567.0046	1.586e3
3567.6460	3.969e2
3568.6008	1.647e3
3569.1948	1.309e3
3569.5071	1.847e3
3570.2388	6.072e2
3570.8518	7.005e2
3571.5508	1.686e3
3571.8137	1.606e3
3572.7517	2.793e2
3573.0630	8.291e1
3573.6921	9.795e2
3574.4727	3.164e2
3574.9753	8.577e2
3575.3770	1.777e3
3575.9819	9.088e2
3576.4041	8.186e2
3576.8926	1.553e3
3577.6838	1.061e3
3578.2048	8.764e2
3578.6719	2.147e2
3579.1704	1.188e3
3579.6318	1.776e3
3580.0637	3.628e2
3580.4053	1.975e3
3580.9302	2.761e3
3581.6140	1.972e3
3582.0315	6.462e2
3582.8096	4.276e2
3583.4106	1.519e3
3584.0442	3.689e3
3584.7080	5.138e2
3585.1555	4.734e2
3586.0972	2.501e3
3586.7969	4.289e2
3587.2007	4.663e2
3587.4919	1.962e2
3587.7144	3.078e2
3588.0967	6.501e2
3588.7063	1.701e3
3589.2495	9.572e2
3589.7134	1.416e3
3590.1174	1.686e3
3590.4204	1.178e3
3590.9629	9.468e2
3591.4866	1.481e3
3591.8628	1.898e2
3592.2410	5.072e2
3592.8208	6.050e2
3593.5840	8.188e2
3594.2332	3.689e2
3594.6902	5.971e2
3595.1982	2.297e2
3595.5193	7.580e2
3596.0984	1.205e3
3596.4250	4.328e2
3596.9023	7.717e2
3597.8601	4.615e2
3598.2205	9.210e2
3598.7051	1.614e3
3599.1150	1.502e3
3599.5684	1.511e3
3599.8604	6.057e2
3600.5352	1.993e3
3601.2354	9.311e2
3601.6467	1.019e3
3602.2278	1.303e2
3602.7122	7.924e2
3603.6174	1.100e3
3604.0190	7.831e2
3604.4021	6.584e2
3605.2900	3.337e2
3605.7964	1.058e2
3606.1794	7.467e2
3606.7671	1.259e0
3607.3213	1.122e3
3608.1250	1.212e3
3608.9431	1.992e3
3609.7642	1.142e3
3610.2363	9.316e2
3610.8101	1.723e3
3611.0625	7.725e2
3611.4724	1.175e3
3612.1882	1.927e3
3612.8601	2.268e2
3613.3574	5.316e2
3613.6223	7.085e2
3614.1401	1.989e3
3614.6934	1.935e2
3615.0767	1.106e3
3616.0190	2.216e3
3616.4792	1.019e3
3616.9070	1.625e3
3617.6479	1.639e3
3618.1541	1.577e3
3618.6377	7.612e2
3619.0203	1.598e3
3619.6130	4.787e2
3620.0923	1.245e3
3620.8672	3.338e2
3621.1313	5.196e2
3622.1956	9.977e2
3622.7102	1.297e3
3623.2251	1.094e3
3623.6150	6.156e2
3623.9146	6.176e2
3624.2219	8.454e2
3625.3076	1.851e3
3626.2180	9.848e2
3626.9033	6.125e2
3627.1611	1.800e2
3627.7012	3.271e2
3628.1628	3.678e2
3628.5972	5.272e2
3629.0393	1.089e3
3629.9194	4.020e2
3630.7981	1.378e3
3631.6641	1.092e3
3632.0276	6.931e2
3632.8040	4.488e1
3633.2952	5.794e2
3633.6223	1.346e3
3634.2463	1.001e3
3634.6062	1.346e3
3635.2813	8.964e2
3635.8271	1.744e2
3636.3867	6.670e2
3636.8833	2.381e2
3637.3464	1.485e2
3637.6462	2.126e2
3638.1707	9.390e2
3638.6233	5.969e2
3639.0159	7.624e2
3639.5483	1.765e3
3640.9036	1.151e3
3641.3147	4.982e2
3641.6895	2.131e2
3641.9944	1.238e3
3642.6404	1.230e2
3643.0684	6.833e1
3643.4458	1.005e3
3643.8977	6.680e2
3644.2146	3.972e2
3644.5649	1.841e2
3646.3093	1.266e3
3646.8862	1.750e3
3647.5942	2.499e2
3647.9165	6.886e2
3648.5071	1.259e3
3648.8965	9.432e2
3649.3354	1.292e3
3649.7239	5.181e2
3650.1909	8.070e2
3650.7861	1.280e2
3651.4290	1.179e3
3651.9983	2.121e2
3652.3997	5.665e2
3652.8215	1.516e3
3653.1619	4.674e2
3653.6357	3.291e2
3654.1953	1.394e3
3654.6619	4.572e2
3655.0542	1.513e3
3655.4639	7.284e2
3656.2070	2.525e2
3656.7920	8.818e1
3657.2959	8.586e1
3657.6941	6.566e2
3658.3274	9.596e2
3658.9429	1.479e3
3659.2627	4.323e2
3659.5732	6.624e2
3659.8472	8.054e2
3660.3708	2.017e2
3660.7014	3.282e2
3661.0300	1.893e2
3661.7297	1.220e3
3662.2576	5.535e2
3662.5789	9.633e2
3663.0259	8.864e2
3663.3896	1.120e3
3663.8411	6.156e2
3664.2319	7.448e2
3664.6455	1.094e3
3665.1338	1.114e3
3665.8533	6.392e2
3666.2561	1.678e3
3667.0415	1.831e3
3667.5139	1.446e2
3667.8677	1.795e1
3668.1992	1.525e2
3668.8452	2.713e2
3669.2380	4.141e2
3669.5120	4.542e2
3670.2297	2.741e3
3670.7214	1.377e3
3671.1501	1.164e3
3671.6050	2.288e3
3671.8945	3.329e2
3672.1746	9.297e2
3672.7000	4.220e2
3673.0256	1.727e3
3673.4937	6.066e2
3673.7192	9.978e2
3674.2729	1.993e3
3674.7825	2.276e2
3675.0420	4.718e2
3675.5940	9.586e2
3676.0342	3.124e2
3676.9736	1.139e3
3677.3157	9.912e2
3678.1965	1.039e3
3678.7041	1.523e3
3679.2268	2.346e3
3679.5129	8.705e2
3679.8782	1.201e3
3680.1567	1.729e3
3681.1326	1.423e3
3681.4646	1.171e3
3682.2468	1.025e3
3682.5930	8.560e2
3682.8518	1.467e3
3683.4214	1.329e3
3683.9568	1.459e3
3684.9099	7.156e2
3685.3420	3.277e2
3686.0911	1.085e3
3686.6152	5.707e2
3687.1145	2.403e2
3687.5903	5.055e2
3688.1150	8.936e2
3688.5190	2.035e3
3689.0288	2.226e3
3689.3765	1.259e3
3689.6313	1.501e3
3690.1128	8.359e2
3690.4651	2.150e2
3691.0522	1.656e3
3692.0933	6.511e2
3692.3608	3.293e2
3692.9570	3.459e2
3693.2644	3.877e2
3693.5286	3.977e2
3693.8738	4.425e2
3694.1877	1.163e3
3694.5393	7.024e2
3694.9292	1.640e3
3695.1614	7.546e2
3695.9243	8.310e2
3696.2612	1.829e2
3696.6609	1.565e1
3697.4636	1.315e3
3697.9941	5.801e2
3698.2839	1.980e3
3698.6792	5.397e2
3698.9258	1.326e3
3699.8149	7.217e2
3700.2368	6.825e2
3701.2043	1.694e3
3701.8865	5.086e2
3702.3347	7.690e2
3702.5608	6.703e2
3703.6057	1.331e3
3704.1902	6.862e2
3704.5623	1.158e2
3705.1067	4.201e2
3705.6138	1.994e2
3706.1721	6.856e2
3706.4336	6.669e2
3706.7253	5.177e2
3707.1240	6.338e2
3707.5244	6.184e2
3708.1804	1.188e3
3708.5649	5.360e2
3708.8958	1.064e3
3709.1353	2.028e3
3709.7791	7.409e2
3710.2976	2.402e3
3710.7798	1.198e3
3711.2317	1.158e3
3711.6274	5.759e2
3712.3159	1.309e3
3713.0693	1.524e3
3713.4763	3.745e2
3713.7134	1.051e3
3714.3369	6.252e2
3714.9707	1.881e1
3715.6150	7.983e2
3715.9646	2.818e2
3716.5476	4.424e2
3717.1104	2.617e2
3717.5676	2.856e-5
3718.4458	1.806e3
3718.9568	1.071e3
3719.2964	2.173e3
3719.7729	9.869e2
3720.5352	3.357e2
3720.7634	1.559e2
3721.2307	2.624e2
3721.6670	1.046e2
3722.2344	6.832e2
3722.6858	1.269e3
3723.3857	8.562e2
3724.0020	7.429e2
3724.2622	4.095e2
3724.9258	8.278e2
3725.2166	8.581e2
3725.8357	3.122e2
3726.3008	1.084e3
3727.0505	3.611e2
3727.5818	1.047e3
3728.1516	8.630e2
3728.4539	9.379e2
3728.9871	1.021e3
3729.4482	1.370e3
3729.9395	6.961e2
3730.3726	1.234e3
3730.5605	1.176e3
3731.4265	8.296e2
3731.9292	2.111e2
3732.3152	6.574e2
3732.9822	3.685e2
3733.4824	8.618e2
3734.1941	1.698e3
3734.8191	5.798e2
3735.3672	7.022e2
3735.8296	3.221e2
3736.2249	7.866e2
3736.7642	1.544e3
3737.2864	1.541e3
3737.8472	5.063e2
3738.1904	8.733e2
3738.5315	9.412e2
3738.8621	3.859e2
3739.2781	1.128e3
3739.7468	5.718e2
3740.1260	4.656e2
3740.6272	7.086e1
3741.1746	1.393e2
3741.4749	2.738e2
3741.8274	4.669e2
3742.4250	1.892e3
3743.1147	1.389e3
3743.6145	1.973e3
3744.0166	1.416e3
3744.7197	6.237e2
3745.3230	7.272e2
3745.7102	2.239e2
3746.2449	3.065e3
3747.1953	3.316e2
3747.6282	5.156e2
3747.8765	2.223e2
3748.4197	1.515e3
3749.2156	2.461e3
3749.6125	6.585e2
3750.2510	7.753e2
3750.7871	2.434e3
3751.4512	2.281e3
3751.7761	2.260e3
3752.2510	2.199e3
3753.1296	8.973e2
3753.3613	8.523e2
3754.3115	3.772e3
3754.6606	4.236e2
3755.1396	5.164e2
3755.5818	1.811e3
3756.1335	6.721e2
3757.0830	2.521e3
3757.7502	5.482e2
3758.3643	3.739e3
3759.0039	1.825e3
3759.6592	1.261e3
3760.0879	2.425e3
3760.5505	1.097e3
3760.8831	1.918e3
3761.3035	1.649e3
3761.7771	7.862e2
3762.2942	1.576e3
3762.9658	1.662e2
3763.7021	1.622e3
3764.1179	7.593e2
3764.9236	1.233e3
3765.3467	6.649e2
3765.7163	3.513e2
3766.2334	1.432e3
3766.6262	6.223e2
3766.9988	7.121e2
3767.2180	1.201e3
3767.6643	4.157e2
3768.0381	6.097e2
3768.8816	3.292e3
3769.5066	2.360e3
3769.8633	7.632e2
3770.1987	3.026e2
3770.4250	9.584e2
3771.5911	2.037e3
3772.0474	6.747e2
3772.5125	7.090e2
3772.9788	9.468e2
3773.4534	4.102e2
3774.0737	1.676e3
3774.6367	1.215e3
3775.0745	4.956e2
3775.4883	1.221e3
3775.8164	6.876e2
3776.2214	9.003e2
3776.9155	1.356e3
3777.3640	4.248e2
3777.7559	3.209e2
3778.2283	5.392e3
3778.7239	2.668e3
3779.1167	1.508e3
3779.5664	4.285e3
3780.0471	1.360e3
3780.3647	4.976e2
3780.8984	2.727e3
3781.2124	1.006e3
3781.7444	8.811e2
3782.2437	2.502e3
3782.7197	8.750e2
3783.2883	6.081e2
3783.6189	1.256e3
3783.9626	5.148e2
3784.3162	5.756e2
3784.9871	2.350e2
3785.3872	1.074e3
3785.9358	8.283e2
3786.2642	5.000e2
3786.8218	8.484e2
3787.4358	6.672e2
3787.7935	4.813e2
3788.0503	8.690e2
3788.4365	1.389e3
3788.9700	1.502e3
3789.4963	7.324e2
3789.7612	2.757e2
3790.0557	4.746e2
3790.5024	1.537e3
3791.0039	1.080e3
3791.6067	1.531e3
3791.9780	4.438e2
3792.2988	1.122e3
3792.8330	7.336e2
3793.1833	7.521e2
3793.5693	1.922e3
3794.2222	9.582e2
3794.9551	1.558e3
3795.3862	3.661e2
3796.2168	2.769e3
3796.9639	4.836e2
3797.3840	7.922e2
3797.6621	3.515e2
3798.2214	1.552e3
3798.6357	1.755e3
3799.1619	1.860e3
3799.4153	1.857e3
3799.8269	1.349e3
3800.1616	4.947e2
3800.4373	8.376e2
3800.9175	6.788e2
3801.2871	5.390e2
3801.5364	8.772e2
3801.9370	5.421e2
3802.2393	7.404e2
3802.8164	8.334e2
3803.3923	1.038e3
3803.7612	6.557e2
3804.2354	7.968e2
3804.7419	4.977e2
3805.2500	3.863e2
3805.5608	1.621e2
3805.8755	5.228e2
3806.2959	2.426e3
3806.6973	1.238e3
3807.3237	3.406e3
3807.8933	4.827e2
3808.2939	2.662e3
3808.5627	8.330e2
3808.9038	1.920e3
3809.2998	2.660e3
3810.3264	1.809e3
3811.3245	2.278e3
3812.2327	9.385e2
3813.2375	6.343e2
3813.8335	1.163e3
3814.3726	2.831e3
3814.8145	1.245e3
3815.1619	6.639e2
3815.5864	5.820e2
3815.9402	1.678e3
3816.4600	7.021e2
3816.6616	4.498e2
3817.2668	2.283e3
3817.7407	2.309e2
3818.4558	2.245e3
3819.1406	2.258e3
3819.8577	1.110e3
3820.3264	8.538e2
3820.7295	1.010e3
3821.0305	7.686e2
3821.3967	1.295e3
3821.8523	4.241e2
3822.2878	9.599e2
3822.6243	4.539e2
3823.2422	2.064e3
3823.7251	2.038e3
3824.1609	9.760e2
3824.8315	5.405e2
3825.1729	6.937e2
3826.0549	8.222e2
3826.3950	1.252e3
3827.1172	6.622e2
3827.4495	6.236e2
3827.7175	4.788e2
3828.6909	2.511e3
3829.2725	1.088e3
3829.5603	3.479e2
3830.1089	1.560e3
3830.6963	1.399e2
3831.3669	1.959e3
3831.9109	8.637e2
3832.4016	1.679e3
3832.8367	1.430e3
3833.2998	1.442e3
3833.8469	1.801e3
3834.2979	2.074e3
3834.6638	3.502e2
3835.3401	3.550e3
3835.9128	5.996e2
3836.2949	2.253e3
3836.8525	1.387e3
3837.3113	3.427e3
3837.8748	4.778e2
3838.3013	3.087e3
3838.7397	6.825e2
3839.3630	2.769e3
3840.1833	6.893e2
3841.0393	1.428e3
3841.3838	1.883e3
3841.9917	1.458e3
3842.3845	2.185e3
3842.9612	1.570e3
3843.1638	1.268e3
3843.5640	6.175e2
3843.9431	1.258e3
3844.2605	8.698e2
3844.9333	7.985e2
3845.3301	8.163e2
3845.8318	6.319e2
3846.4419	1.544e3
3847.2222	1.591e3
3847.9614	9.066e2
3848.3335	2.970e3
3848.7183	2.940e3
3849.3352	2.270e3
3849.7234	3.056e3
3850.3977	2.198e3
3850.9626	1.349e3
3851.2913	1.932e3
3851.5618	1.353e3
3852.2329	1.999e3
3853.1528	1.564e3
3853.4888	8.410e2
3853.8083	2.104e3
3854.3782	2.134e3
3854.7620	4.500e2
3855.3357	4.505e3
3856.5471	4.137e3
3857.2817	1.545e3
3857.5605	3.394e2
3857.9702	8.497e2
3858.3418	1.236e3
3858.7764	1.505e3
3859.2957	2.457e3
3859.6858	2.519e3
3860.3374	1.704e3
3860.8323	1.616e3
3861.3003	1.185e3
3862.4202	4.390e3
3862.8135	1.531e3
3863.3347	4.142e3
3863.7722	1.341e3
3864.3159	4.556e3
3864.8171	5.902e2
3865.3169	4.666e3
3865.9629	4.323e2
3866.3328	3.624e3
3866.8577	4.398e2
3867.3882	2.648e3
3868.4392	3.387e3
3868.8433	2.645e3
3869.2627	1.283e3
3869.6404	8.605e2
3870.1282	2.554e3
3870.5200	2.476e3
3871.0129	1.678e3
3871.2605	9.636e2
3871.6428	1.037e3
3872.0435	5.980e2
3872.3960	1.775e3
3872.9766	5.379e2
3873.3318	1.367e3
3873.8396	1.407e3
3874.1638	4.262e2
3874.6418	1.425e3
3875.2517	1.211e3
3875.6621	3.731e2
3876.2188	1.507e3
3876.6189	6.958e2
3877.0032	9.414e2
3877.3247	1.221e3
3877.8086	1.380e3
3878.3740	3.626e3
3878.8940	4.864e2
3879.2871	2.157e3
3879.7307	7.822e2
3880.2976	2.191e3
3880.6880	4.808e2
3881.1487	1.669e3
3881.5291	1.783e3
3881.9656	8.450e2
3882.2888	1.422e3
3883.0771	6.440e2
3883.4666	1.529e3
3883.8772	1.178e3
3884.3220	9.035e2
3884.6611	2.732e2
3884.9634	4.711e2
3885.2781	1.449e2
3886.0239	1.978e3
3886.4097	1.464e3
3886.7339	1.257e3
3887.1035	1.832e3
3887.4575	1.200e3
3887.9060	1.195e3
3888.3062	1.711e3
3888.6602	8.020e2
3889.2505	1.475e3
3889.7866	1.188e3
3890.2935	1.572e3
3890.8840	9.315e2
3891.3496	1.868e3
3891.6606	5.817e2
3892.3997	3.413e3
3892.9878	9.280e2
3893.3311	1.696e3
3893.8608	1.708e3
3894.3162	1.993e3
3894.8237	1.015e3
3895.4185	1.227e3
3895.7437	1.317e3
3896.3262	1.378e3
3896.5603	5.298e2
3897.0325	2.580e3
3897.7322	1.128e3
3898.4063	2.854e3
3898.7112	2.145e3
3899.3096	1.371e3
3899.6379	1.332e3
3900.3086	7.924e2
3900.6313	4.616e2
3901.0667	7.364e2
3901.3167	1.431e3
3901.9731	2.783e2
3902.2236	6.308e2
3902.8508	6.119e2
3903.6130	2.446e3
3904.2983	2.369e3
3904.7859	2.036e3
3905.3638	2.308e3
3905.9290	1.135e3
3906.3672	3.057e3
3906.8647	5.797e2
3907.3706	2.088e3
3908.1843	4.652e3
3908.8481	1.480e3
3909.3604	1.459e3
3909.8909	8.371e2
3910.2852	1.078e3
3910.7444	9.318e2
3911.1855	8.500e2
3911.4561	1.208e3
3911.7622	1.061e3
3912.4241	4.718e2
3912.9358	4.479e2
3913.3120	1.094e3
3913.8267	2.579e3
3914.3188	1.090e3
3914.9749	2.049e2
3915.4453	1.204e3
3915.8965	2.338e2
3916.3435	9.598e2
3916.8660	1.752e3
3917.2927	1.384e3
3917.6443	6.349e2
3918.2959	5.247e3
3918.8245	1.995e3
3919.4575	2.422e3
3919.8884	1.359e3
3920.3281	2.025e3
3920.9749	6.894e2
3921.3398	1.734e3
3921.9070	1.557e3
3922.3235	1.708e3
3922.7305	2.486e3
3923.3298	1.744e3
3923.7659	2.059e3
3924.2861	1.404e3
3924.8745	1.116e3
3925.4077	1.840e3
3925.7710	4.708e2
3926.3254	2.527e3
3927.1565	1.200e3
3927.6814	1.010e3
3928.6350	3.895e3
3929.3005	1.492e3
3929.6621	1.010e3
3930.3323	7.098e2
3930.8896	9.360e2
3931.3457	9.801e2
3931.7993	1.667e3
3932.3977	2.616e3
3933.3186	2.452e3
3933.8630	1.633e3
3934.3787	3.019e3
3934.8613	1.988e3
3935.3755	4.608e3
3935.6619	7.875e2
3935.9734	4.681e2
3936.3872	3.553e3
3936.7732	2.040e3
3937.3701	3.546e3
3937.9585	1.433e3
3938.3889	4.230e3
3938.8398	9.793e2
3939.3181	2.353e3
3939.5613	1.373e3
3939.9946	5.228e2
3940.4675	4.202e3
3941.1929	2.000e3
3941.9014	1.022e3
3942.3496	1.395e3
3942.6838	1.583e3
3943.3389	2.611e3
3943.8130	1.345e3
3944.1746	4.305e2
3944.4636	6.743e2
3944.8384	1.343e3
3945.3406	6.157e2
3945.6875	6.700e2
3946.2185	3.455e3
3946.8208	1.172e3
3947.4651	2.661e3
3947.8435	1.377e3
3948.4160	2.562e3
3948.8867	1.436e3
3949.3816	3.641e3
3949.6963	5.446e2
3949.9668	1.047e3
3950.3809	4.684e3
3950.7224	1.132e3
3951.3953	3.951e3
3951.7444	1.086e3
3952.4023	2.646e3
3952.7373	7.680e2
3953.3618	2.867e3
3953.8059	1.269e3
3954.3777	2.545e3
3954.8157	8.234e2
3955.3660	1.346e3
3956.0022	1.340e3
3956.3345	8.475e2
3956.8228	1.035e3
3957.3743	1.521e3
3957.8286	4.018e2
3958.3738	2.954e3
3958.7439	3.362e3
3959.3533	5.109e3
3960.3740	4.387e3
3960.9138	1.656e3
3961.3882	3.325e3
3961.8145	1.241e3
3962.3679	3.400e3
3962.8708	8.369e2
3963.3796	3.117e3
3963.8213	6.798e2
3964.3555	3.916e3
3964.9167	9.000e2
3965.4082	2.302e3
3965.7158	2.062e3
3966.3701	2.941e3
3967.2046	4.856e3
3967.7158	2.300e3
3968.5183	4.521e3
3969.2302	2.679e3
3970.0481	3.095e3
3970.4246	1.370e3
3970.8997	1.022e3
3971.3586	2.280e3
3971.7769	8.793e2
3972.3335	1.383e3
3972.8164	9.968e2
3973.3875	2.221e3
3973.9541	1.683e3
3974.3743	3.769e3
3974.8474	1.388e3
3975.3882	5.888e3
3975.9609	4.776e2
3976.3967	5.142e3
3976.7637	1.740e3
3977.3887	6.167e3
3977.9082	1.192e3
3978.3831	1.034e4
3978.9331	9.884e2
3979.3921	1.055e4
3979.8223	8.424e2
3980.3918	7.830e3
3980.9004	1.392e3
3981.3787	7.829e3
3981.6909	5.284e2
3982.3269	7.435e3
3982.9006	1.330e3
3983.3960	2.807e3
3983.7813	1.161e3
3984.3442	1.706e3
3984.8816	1.115e3
3985.5073	3.447e3
3985.8608	9.096e2
3986.4365	1.702e3
3986.6606	9.608e2
3987.2705	1.643e3
3987.6611	3.375e2
3988.3416	3.935e3
3989.1184	2.973e3
3989.4302	2.422e3
3989.9167	1.430e3
3990.3767	4.389e3
3990.8738	1.997e3
3991.4065	1.005e5
3991.8477	2.351e3
3992.4067	2.042e5
3992.9109	1.917e3
3993.4067	2.310e5
3993.9138	3.347e3
3994.4065	1.762e5
3994.9106	2.960e3
3995.4077	1.097e5
3995.9353	2.630e3
3996.4111	5.618e4
3996.9187	2.678e3
3997.4148	2.483e4
3997.9751	2.232e3
3998.4111	1.092e4
3999.0742	2.352e3
3999.3918	6.204e3
4000.3906	2.611e3
4000.7183	1.689e3
4001.3032	2.138e3
4001.7905	8.555e2
4002.3455	3.261e3
4002.9419	1.499e3
4003.3923	2.676e3
4003.8975	2.317e3
4004.3682	2.648e3
4004.9109	1.333e3
4005.4075	8.129e3
4005.8601	1.634e3
4006.4128	1.720e4
4006.7603	1.483e3
4007.4148	1.806e4
4007.9390	9.720e2
4008.4133	1.674e4
4008.7612	1.693e3
4009.4121	1.126e4
4009.9243	1.317e3
4010.4080	8.446e3
4010.9465	1.056e3
4011.4070	4.264e3
4011.6604	7.815e2
4011.9626	4.778e2
4012.4187	3.321e3
4012.9346	1.526e3
4013.3787	2.758e3
4013.9004	2.046e3
4014.3901	3.099e3
4014.8608	1.956e3
4015.3650	3.154e3
4016.3831	4.599e3
4016.8225	1.507e3
4017.3936	3.127e3
4017.9475	7.814e2
4018.3860	3.108e3
4018.9038	1.859e3
4019.3911	5.450e3
4019.9355	1.111e3
4020.3950	6.455e3
4020.9150	1.067e3
4021.4089	7.431e3
4021.8303	1.381e3
4022.4287	7.337e3
4022.7827	4.060e2
4023.0762	8.704e2
4023.3979	4.968e3
4023.9744	3.698e3
4024.4028	5.594e3
4024.8962	1.253e3
4025.3872	6.016e3
4025.8843	9.433e2
4026.3914	4.099e3
4026.7109	1.479e3
4026.9604	6.595e2
4027.3979	4.275e3
4028.4084	3.456e3
4028.6604	1.401e3
4029.3591	4.055e3
4029.9587	1.350e3
4030.3735	7.510e3
4030.8164	2.457e3
4031.3650	7.260e3
4031.7178	1.214e3
4032.3652	5.675e3
4032.6611	4.899e2
4032.9917	7.826e2
4033.3909	5.584e3
4033.7632	8.780e2
4033.9607	5.649e2
4034.4104	8.690e3
4034.8430	7.880e2
4035.4097	8.043e3
4035.8638	8.694e2
4036.4116	7.951e3
4036.9360	1.305e3
4037.4023	4.851e3
4037.9397	6.432e2
4038.4019	4.314e3
4038.9417	2.282e3
4039.4136	3.378e3
4039.8179	1.377e3
4040.4011	1.805e3
4040.9495	1.066e3
4041.3555	2.416e3
4041.8938	6.082e2
4042.4482	4.282e3
4043.4187	3.035e3
4043.8582	1.251e3
4044.3982	2.662e3
4044.9404	7.876e2
4045.3652	3.194e3
4045.9275	1.504e3
4046.3413	4.655e3
4046.6655	2.153e3
4047.3601	5.172e3
4048.3755	9.954e3
4049.4255	9.098e3
4049.9609	3.890e2
4050.3931	6.542e3
4051.0261	2.811e3
4051.4070	5.604e3
4051.8655	1.238e3
4052.4031	4.502e3
4052.8965	8.285e2
4053.3982	2.351e3
4053.9983	1.974e3
4054.4167	2.682e3
4054.9697	9.673e2
4055.3860	3.518e3
4056.4243	2.090e3
4056.8169	8.761e2
4057.3801	2.209e3
4057.9519	1.319e3
4058.3950	3.334e3
4058.6604	1.831e3
4059.0603	6.818e2
4059.4009	2.838e3
4059.8298	9.963e2
4060.4258	2.231e3
4060.8845	8.662e2
4061.3723	3.000e3
4061.7104	1.327e3
4062.3999	3.882e3
4062.7107	5.906e2
4062.9617	3.526e2
4063.4771	8.798e3
4063.9604	8.389e2
4064.4229	7.735e3
4064.8647	5.813e2
4065.3994	5.976e3
4065.9033	2.501e3
4066.4451	8.698e3
4066.8765	1.035e3
4067.4146	5.178e3
4067.8501	7.372e2
4068.2483	4.360e3
4068.4607	2.728e3
4069.2566	5.998e3
4070.4558	4.953e3
4070.9624	1.543e3
4071.3191	2.688e3
4071.8201	1.153e3
4072.3921	5.111e3
4072.8171	1.488e3
4073.3728	4.158e3
4073.8347	1.458e3
4074.3982	4.018e3
4074.8896	1.222e3
4075.3677	2.910e3
4075.9453	1.347e3
4076.3958	4.806e3
4076.9639	5.163e2
4077.3970	2.348e3
4077.8010	1.610e3
4078.3904	3.459e3
4078.8333	1.239e3
4079.3347	4.508e3
4079.9229	1.396e3
4080.4224	3.352e3
4080.9634	6.964e2
4081.3738	2.242e3
4081.9097	1.012e3
4082.3589	2.172e3
4082.6638	4.846e2
4083.3762	3.289e3
4083.9463	1.229e3
4084.3779	2.654e3
4084.9783	1.316e3
4085.3162	1.917e3
4085.7263	5.911e2
4086.3801	3.654e3
4086.8979	1.325e3
4087.3206	2.595e3
4087.7324	5.809e2
4088.4004	5.067e3
4088.9226	1.076e3
4089.3843	9.172e3
4089.8569	1.037e3
4090.3938	1.561e4
4091.3916	1.475e4
4091.8120	1.183e3
4092.3889	1.107e4
4093.3801	1.023e4
4094.3689	8.369e3
4095.0693	1.159e3
4095.3977	2.489e3
4095.7158	9.413e2
4096.5542	3.766e3
4097.3350	2.118e3
4098.4507	2.260e3
4099.2534	3.210e3
4099.8735	4.974e2
4100.3047	1.641e3
4100.9014	7.855e2
4101.4907	2.087e3
4101.8779	1.856e3
4102.4580	3.463e3
4102.8311	1.140e3
4103.4341	4.918e3
4103.8643	1.051e3
4104.3970	3.254e3
4105.3569	3.638e3
4105.9443	1.039e3
4106.4243	3.299e3
4106.9341	1.203e3
4107.4009	2.564e3
4107.9346	1.441e3
4108.4722	3.441e3
4109.0249	1.158e3
4109.4517	2.313e3
4109.8643	4.715e2
4110.3633	1.664e3
4110.8862	6.885e2
4111.3286	3.725e3
4111.9160	1.270e3
4112.3999	3.261e3
4112.8638	1.093e3
4113.3364	2.855e3
4113.9399	1.335e3
4114.3535	5.350e3
4114.9814	4.453e2
4115.3682	3.397e3
4115.7612	2.559e2
4116.3379	2.320e3
4116.8325	7.464e2
4117.2466	1.414e3
4117.6152	8.983e2
4118.3564	2.869e3
4118.7627	7.105e2
4119.0791	1.177e3
4119.3320	1.947e3
4119.7871	1.085e3
4120.0981	4.914e2
4120.4341	2.570e3
4120.9795	7.989e2
4121.4561	3.821e3
4122.0332	1.087e3
4122.4136	2.214e3
4122.9600	5.580e2
4123.4038	1.743e3
4123.8970	1.207e3
4124.4233	1.914e3
4124.9468	5.854e2
4125.3169	9.371e2
4125.6436	4.914e2
4126.2622	2.373e3
4126.6909	1.604e3
4127.3491	3.173e3
4127.8716	1.263e3
4128.3506	5.443e3
4128.6631	1.457e3
4129.0913	3.071e3
4129.3262	7.257e3
4129.8374	1.646e3
4130.4087	7.710e3
4131.3794	5.153e3
4132.0386	2.432e3
4132.3164	3.223e3
4133.4512	5.166e3
4134.3438	3.525e3
4135.3901	3.811e3
4135.8438	1.299e3
4136.3809	2.951e3
4136.9873	6.654e2
4137.3433	2.021e3
4138.0464	1.939e3
4138.4028	3.210e3
4138.7783	3.030e3
4139.3882	3.919e3
4140.2397	8.948e2
4140.6631	1.654e3
4141.3486	1.775e3
4141.9775	1.402e3
4142.3223	2.723e3
4142.8164	5.402e2
4143.3354	2.741e3
4143.8223	1.554e3
4144.3169	4.030e3
4144.9736	1.280e3
4145.2974	3.187e3
4145.5620	9.408e2
4145.8613	5.550e2
4146.3413	3.396e3
4146.8892	4.834e2
4147.4253	3.323e3
4147.8608	5.790e2
4148.3857	3.502e3
4148.6621	1.372e3
4148.9604	9.455e2
4149.4702	2.819e3
4150.0659	1.616e3
4150.4326	2.669e3
4150.8188	1.659e3
4151.4160	3.232e3
4151.9521	7.053e2
4152.2842	1.159e3
4152.5605	6.461e2
4153.0259	1.284e3
4153.5283	2.267e3
4154.3755	2.798e3
4155.3354	1.367e3
4156.2583	2.471e3
4156.7813	1.998e3
4157.4492	3.927e3
4158.3882	3.382e3
4158.6157	3.116e3
4159.3823	5.731e3
4159.9858	1.564e3
4160.4258	3.763e3
4160.8296	5.473e2
4161.3940	2.583e3
4161.9487	1.758e3
4162.4253	3.290e3
4162.9263	1.031e3
4163.4658	3.018e3
4164.2412	2.705e3
4165.3467	2.120e3
4165.9316	1.816e3
4166.3359	2.599e3
4166.7612	6.699e2
4167.3130	1.375e3
4167.6138	9.848e2
4168.2593	2.252e3
4168.5190	1.982e3
4168.9824	1.880e3
4169.3208	2.512e3
4169.9126	8.167e2
4170.3760	2.556e3
4171.0659	1.164e3
4171.3213	1.035e3
4171.6904	1.587e3
4171.9604	8.242e2
4172.3999	2.144e3
4173.5313	2.751e3
4174.0288	1.522e3
4174.4346	3.045e3
4175.3262	2.443e3
4175.7622	9.044e2
4176.3892	1.189e3
4177.0317	2.280e3
4177.4209	1.121e3
4178.0923	1.628e3
4178.4131	3.103e3
4179.0781	1.669e3
4179.4570	3.633e3
4179.9946	7.174e2
4180.3550	2.416e3
4180.9438	1.391e3
4181.3262	2.109e3
4182.1748	3.006e3
4182.7227	1.285e3
4183.2578	1.880e3
4183.4604	1.405e3
4183.8193	1.693e3
4184.3408	2.776e3
4184.8247	9.811e2
4185.3442	2.299e3
4185.7646	5.452e2
4186.3389	3.401e3
4186.9204	7.451e2
4187.3604	2.919e3
4188.3604	2.856e3
4189.2852	4.705e3
4189.7202	1.143e3
4190.3442	3.349e3
4190.8608	5.187e2
4191.3271	2.512e3
4191.9028	1.983e3
4192.2915	2.079e3
4192.5605	1.399e3
4193.2681	4.048e3
4194.1812	2.716e3
4194.9331	6.660e2
4195.3164	8.035e2
4195.8447	9.544e2
4196.2568	6.920e2
4196.9854	1.208e3
4197.2905	1.345e3
4197.8496	3.595e2
4198.2407	1.639e3
4198.5317	1.839e3
4198.9463	1.054e3
4199.3184	1.721e3
4199.7192	2.328e3
4200.4927	2.474e3
4201.0908	5.963e2
4201.4038	1.923e3
4201.8135	1.624e3
4202.3687	2.378e3
4203.3516	1.521e3
4203.8687	1.270e3
4204.3350	1.791e3
4204.8071	1.034e3
4205.3315	1.423e3
4205.6719	4.161e2
4205.9849	6.541e2
4206.2759	9.193e2
4206.5264	1.652e3
4206.9614	5.364e2
4207.3091	5.462e2
4207.8438	1.151e3
4208.3750	2.420e3
4209.2822	2.304e3
4210.5010	2.669e3
4210.8154	1.308e3
4211.2222	2.088e3
4211.7632	1.618e3
4212.3159	1.897e3
4212.6333	1.512e3
4213.3384	1.742e3
4214.1929	4.043e3
4214.4614	1.890e3
4215.3022	1.189e3
4216.3120	3.398e3
4217.0337	1.555e3
4217.5630	1.337e3
4218.3042	2.026e3
4218.8340	1.274e3
4219.2939	2.998e3
4219.9209	7.361e2
4220.2236	9.286e2
4221.2222	9.371e2
4222.0952	2.514e3
4222.5913	2.165e3
4223.2070	2.509e3
4223.7261	3.479e3
4224.3096	2.441e3
4224.6787	3.968e2
4225.2515	2.584e3
4225.8408	8.807e2
4226.3428	3.647e3
4226.9512	8.587e2
4227.3774	3.581e3
4227.9917	1.321e3
4228.3130	2.921e3
4228.6606	8.275e2
4229.2793	4.852e3
4229.8247	7.924e2
4230.3813	1.832e3
4230.8262	5.448e2
4231.3096	1.048e3
4231.9116	1.487e3
4232.1606	8.176e2
4232.5605	6.259e2
4233.2148	1.847e3
4233.6431	9.876e2
4233.9810	9.998e2
4234.2939	1.346e3
4234.5430	2.232e3
4235.3096	1.457e3
4235.9443	4.631e2
4236.4312	1.337e3
4237.0479	1.414e3
4237.4932	7.762e2
4237.8159	1.572e3
4238.4702	5.693e3
4239.0986	1.109e3
4239.3867	2.954e3
4239.9771	6.104e2
4240.3872	2.700e3
4240.9185	1.081e3
4241.4619	3.730e3
4242.3555	3.098e3
4243.4546	2.187e3
4243.7144	1.434e3
4244.3257	3.070e3
4245.3716	8.975e2
4246.2285	3.603e3
4246.8120	1.645e3
4247.3823	2.701e3
4247.8691	1.103e3
4248.3232	3.263e3
4249.0620	3.988e3
4249.4834	2.192e3
4250.1367	1.267e3
4250.5073	3.017e3
4251.1714	2.482e3
4252.0273	2.597e3
4252.3618	7.804e2
4252.9395	1.138e3
4253.4966	3.175e3
4254.3940	2.438e3
4255.0195	1.707e3
4255.3975	1.759e3
4255.8135	1.359e3
4256.4424	2.082e3
4256.9810	1.482e3
4257.3784	1.060e3
4258.0791	2.786e3
4258.4478	2.276e3
4259.0420	1.475e3
4259.6245	5.123e3
4260.3994	1.093e3
4260.8711	8.823e2
4261.1431	9.408e2
4261.6670	6.343e2
4261.9858	8.558e2
4262.2378	1.014e3
4262.6128	1.761e3
4263.2886	1.382e3
4263.6836	9.487e2
4264.2749	3.162e3
4264.7114	7.224e2
4265.1533	1.886e3
4265.4604	7.905e2
4266.1245	1.468e3
4266.3623	8.084e2
4266.7466	1.206e3
4267.1807	1.938e3
4268.2065	2.786e3
4268.5366	1.787e3
4269.3794	1.892e3
4269.8818	8.940e2
4270.2949	7.890e2
4270.5229	1.204e3
4271.2407	3.183e3
4271.5327	1.866e3
4272.2861	2.558e3
4272.7256	7.492e2
4273.0962	1.098e3
4273.6079	1.873e3
4274.0039	1.189e3
4274.4185	2.073e3
4275.3701	9.078e2
4276.0420	1.895e3
4276.3613	1.021e3
4277.0107	1.040e3
4277.5142	2.562e2
4278.3013	2.390e3
4278.5610	9.261e2
4278.9492	1.354e3
4279.2666	6.746e2
4279.5166	1.271e3
4279.8643	5.602e2
4280.1860	4.075e2
4280.4639	8.448e2
4281.2085	2.075e3
4282.2324	4.172e3
4282.7612	6.872e2
4283.1406	2.088e3
4283.7686	1.577e3
4284.2925	1.977e3
4284.8608	2.809e2
4285.2383	1.396e3
4285.7051	1.087e3
4286.3359	1.865e3
4286.9463	4.711e2
4287.3291	8.153e2
4287.9858	8.002e2
4288.3994	2.390e3
4289.0122	3.051e3
4289.3608	1.609e3
4289.9150	4.459e2
4290.3198	8.232e2
4290.9438	6.366e2
4291.3574	7.797e2
4291.8574	9.274e2
4292.3037	2.074e3
4292.5645	5.293e2
4292.8936	1.644e2
4293.2310	6.887e2
4293.8223	2.413e3
4294.2646	1.774e3
4294.7104	2.013e3
4295.5127	1.192e3
4295.8867	8.895e2
4296.2915	1.126e3
4296.7363	6.132e2
4297.1265	2.179e3
4297.6616	2.153e2
4298.4565	1.922e3
4298.9014	1.295e3
4299.2935	1.435e3
4299.5605	4.547e2
4300.0210	1.928e3
4300.6113	2.127e3
4301.5166	1.980e3
4302.1084	1.921e3
4302.4604	7.177e2
4302.9448	1.021e3
4303.1616	6.857e2
4303.6001	8.531e2
4303.8872	2.162e3
4304.4180	1.257e3
4305.2363	6.427e2
4305.5264	4.379e2
4305.9316	1.099e3
4306.5127	1.862e3
4306.7617	1.151e3
4307.2344	9.558e2
4307.9214	6.858e2
4308.3906	1.093e3
4308.8887	7.521e2
4309.1851	1.463e3
4309.5127	1.555e3
4309.9736	1.736e3
4310.4443	2.075e3
4310.8184	1.089e3
4311.2939	2.410e3
4311.9399	1.304e3
4312.3159	1.271e3
4312.6572	1.013e3
4312.9946	1.010e3
4313.3765	2.098e3
4314.2085	2.148e3
4314.5347	1.432e3
4315.3594	6.094e2
4315.9912	2.102e3
4316.5703	3.055e2
4317.1782	1.371e3
4317.5259	1.197e3
4318.4668	2.040e3
4318.7100	1.418e3
4319.1211	2.573e3
4319.7891	1.089e3
4320.2993	1.068e3
4320.7139	8.846e2
4321.2188	1.419e3
4322.0444	2.704e3
4322.4590	1.110e3
4322.8364	9.536e2
4323.2739	1.229e3
4323.8438	8.365e2
4324.3774	2.506e3
4325.2520	1.638e3
4325.7192	1.034e3
4325.9604	3.724e2
4326.3306	1.298e3
4326.9707	1.552e3
4327.3447	7.300e2
4327.7363	1.677e3
4328.3604	2.363e3
4328.8071	2.769e3
4329.3823	1.101e3
4330.0132	1.198e3
4330.3950	1.791e3
4331.1509	2.176e3
4331.9883	1.224e3
4332.5161	1.230e3
4333.0557	1.604e3
4333.5366	8.540e2
4333.8813	8.166e2
4334.2544	2.254e3
4334.7598	6.894e2
4335.0591	6.306e2
4335.4673	1.299e3
4335.9902	1.194e3
4336.2603	3.467e2
4336.6235	1.009e3
4337.0498	1.977e3
4337.4272	7.554e2
4337.9609	1.072e3
4338.3506	2.390e3
4339.0674	3.264e3
4340.2725	1.568e3
4340.6084	4.543e2
4341.2192	8.146e2
4341.5820	8.247e2
4341.9673	1.409e3
4342.4277	7.229e2
4342.9351	4.186e2
4343.6396	2.501e3
4344.2065	1.027e3
4344.5996	1.076e3
4345.2104	1.442e3
4345.8218	2.163e3
4346.3794	1.633e3
4346.8149	5.835e2
4347.1260	6.122e2
4347.6592	8.124e2
4347.8628	5.622e2
4348.3906	1.021e3
4348.7939	1.633e3
4349.2563	2.257e3
4349.5625	1.152e3
4350.1670	1.285e3
4350.9214	1.032e3
4351.3325	7.376e2
4351.9287	2.336e3
4352.6660	3.205e2
4353.1807	1.370e3
4353.9961	1.655e3
4354.2710	1.534e3
4354.5332	2.413e3
4354.9604	3.193e2
4355.4224	1.274e3
4356.0679	5.801e2
4356.3613	3.768e2
4357.0801	1.850e3
4357.4863	2.385e2
4357.7710	5.310e2
4358.1265	1.202e3
4358.5000	1.540e3
4358.8828	2.064e3
4359.4194	1.814e3
4360.1406	2.091e3
4360.8301	9.660e2
4361.3750	1.291e3
4362.1406	1.423e3
4362.8716	3.885e2
4363.2490	8.422e2
4363.7300	1.550e3
4364.3906	2.226e3
4365.2134	9.678e2
4366.0117	1.959e3
4366.5435	3.146e3
4366.8989	8.504e2
4367.1455	1.452e3
4367.5781	3.302e3
4368.3296	2.467e3
4369.0386	2.517e3
4369.6738	1.600e3
4370.0615	5.294e2
4370.5786	1.112e3
4371.0776	1.343e3
4371.5156	5.036e2
4371.9395	8.510e2
4372.3608	1.403e3
4372.9375	3.510e2
4373.3818	1.215e3
4373.6621	8.213e2
4374.0933	1.122e3
4374.5171	7.107e2
4374.9497	1.340e3
4375.7437	5.899e2
4376.1133	5.792e2
4376.5112	3.935e2
4377.0137	4.924e2
4377.4653	2.845e2
4377.9229	1.750e3
4378.4277	1.759e3
4378.8398	2.116e3
4379.4971	2.963e3
4379.9849	1.047e3
4380.4204	4.135e2
4380.8374	1.018e3
4381.2422	1.605e3
4381.8022	1.440e3
4382.3369	2.280e3
4382.7607	6.531e2
4383.1611	2.894e2
4383.5317	2.775e2
4383.8901	3.979e2
4384.2832	1.676e3
4384.8613	1.235e2
4385.6172	2.106e2
4386.3423	1.638e2
4386.9932	6.040e2
4387.4712	2.810e2
4387.8032	9.601e2
4388.0635	7.284e2
4388.5254	5.566e2
4388.9229	4.812e2
4389.3599	7.385e2
4389.8413	1.068e3
4390.1265	1.024e3
4390.4795	1.774e3
4390.9746	1.916e3
4391.6211	1.688e3
4392.2236	3.447e2
4393.2412	9.790e2
4393.7388	1.150e3
4394.2261	7.852e2
4394.5381	6.446e2
4395.0464	3.532e2
4395.3164	5.556e2
4395.9731	8.643e2
4396.3208	4.443e2
4396.8560	1.261e3
4397.7666	7.933e2
4397.9619	2.973e2
4398.4673	1.456e3
4398.8726	3.449e2
4399.2949	1.033e3
4399.8818	1.805e3
4400.3618	5.275e2
4401.0327	5.622e2
4401.4932	1.061e3
4402.2256	3.688e3
4402.8208	7.739e2
4403.1792	5.233e2
4403.6836	1.681e3
4404.3628	1.783e3
4404.8848	2.033e1
4405.2803	4.140e2
4405.8174	1.165e3
4406.3677	5.666e2
4406.8188	3.112e2
4407.5146	1.408e3
4408.2886	1.813e3
4408.7925	1.220e3
4409.1450	4.669e3
4409.6602	7.455e2
4410.1592	6.337e2
4410.3633	3.625e2
4410.7217	1.043e3
4411.0615	1.798e2
4411.8657	1.570e3
4412.3271	9.953e2
4412.7290	3.931e2
4413.4219	8.120e2
4414.0562	1.162e3
4414.8936	2.547e2
4415.3999	1.400e3
4416.1514	1.161e3
4416.8135	6.102e2
4417.6665	6.051e2
4418.2158	1.969e3
4418.6899	1.016e3
4419.4961	1.044e3
4419.9878	8.411e2
4420.3823	1.301e3
4421.0781	1.669e3
4421.6074	1.508e3
4421.8618	6.196e2
4422.2280	5.853e2
4422.6216	1.287e3
4423.2197	8.540e2
4423.9282	1.004e3
4424.3052	1.146e3
4424.9873	1.228e2
4425.3193	2.940e2
4426.0552	1.092e3
4426.5957	3.662e2
4427.0278	5.571e2
4427.7847	4.947e2
4428.3740	1.569e3
4428.8789	5.275e2
4429.4199	1.194e3
4429.8662	9.501e2
4430.3071	1.811e3
4430.5610	5.623e2
4430.9614	2.963e3
4431.5391	1.763e3
4431.8608	8.811e2
4432.4419	1.057e3
4432.8354	2.685e2
4433.3159	5.819e2
4433.7881	1.024e3
4434.4741	1.457e3
4434.8926	1.399e3
4436.0625	1.537e3
4436.6470	4.500e2
4437.1709	3.740e3
4437.8682	4.615e2
4438.3037	1.249e3
4438.6265	8.178e2
4439.4067	2.999e3
4440.0630	4.597e2
4440.4731	2.655e2
4441.0039	1.112e3
4441.5776	4.842e2
4441.9810	1.815e3
4442.9038	1.874e3
4443.7246	1.201e3
4444.4214	1.931e3
4444.9268	9.790e2
4445.3203	4.900e2
4446.0200	1.374e3
4446.5156	8.813e2
4446.8569	9.003e2
4447.3330	7.330e2
4447.6279	6.714e2
4448.0220	2.998e2
4448.4082	9.101e2
4449.0166	5.475e2
4449.6865	1.760e3
4450.4575	1.009e3
4450.8174	1.192e3
4451.3208	1.454e3
4451.6616	2.608e2
4452.1260	6.036e2
4452.8940	2.849e3
4453.1621	5.771e2
4453.8179	2.578e3
4454.4712	2.165e3
4454.9272	5.181e2
4455.6011	3.353e1
4456.0869	7.195e2
4457.0361	2.111e3
4457.6377	9.304e2
4458.1704	9.645e2
4458.7490	6.372e2
4459.1782	2.351e3
4460.1147	9.131e2
4460.7383	1.389e3
4461.4883	3.523e2
4462.1421	1.381e3
4462.5840	9.243e2
4463.4482	1.430e3
4464.0894	1.419e3
4464.4126	5.553e2
4464.7153	4.311e2
4465.1743	1.007e3
4465.4741	5.395e2
4466.0303	1.331e3
4466.6240	1.074e3
4467.0928	7.804e2
4467.5659	2.304e2
4468.2793	2.536e3
4468.9194	9.440e2
4469.5845	1.740e3
4470.4331	2.694e2
4471.2041	1.955e3
4471.5249	1.073e3
4472.0859	2.383e3
4472.7183	3.278e2
4473.0991	8.170e2
4473.4380	3.224e2
4474.5488	3.819e3
4475.0894	6.247e2
4475.6328	4.774e2
4476.0171	4.009e2
4476.6670	5.155e2
4477.3535	1.094e3
4477.9429	1.522e3
4478.3550	8.461e2
4478.8730	4.399e3
4479.2612	3.928e2
4479.6367	7.677e2
4480.1357	1.370e3
4480.6426	1.330e3
4481.0762	1.226e3
4481.8091	2.520e3
4482.4116	8.996e2
4482.6606	4.926e2
4483.0977	5.522e2
4483.6426	1.114e3
4484.3652	7.932e2
4484.7188	3.904e2
4485.1704	8.892e2
4485.4868	2.151e2
4486.0005	1.852e3
4486.2607	3.816e2
4486.6704	9.938e2
4487.1172	1.017e3
4487.8374	1.366e3
4488.5498	1.538e3
4489.0571	1.553e3
4489.5972	1.136e3
4490.0742	5.563e2
4490.8052	9.886e2
4491.4688	2.547e2
4492.0332	1.941e3
4492.4653	4.479e2
4493.0996	1.016e3
4493.8062	1.313e3
4494.2969	6.422e2
4494.7339	9.611e2
4495.1992	2.209e2
4495.4883	9.033e2
4495.8608	2.125e-1
4496.5938	5.594e2
4497.6240	2.051e2
4498.2505	2.044e3
4498.7813	1.606e3
