3500.0681	1.824e2
3500.9185	9.242e2
3501.6624	1.832e3
3502.0256	1.363e3
3502.4878	9.121e2
3502.8418	1.946e3
3503.3621	1.777e3
3504.2744	1.030e3
3504.7690	3.404e2
3505.1885	3.500e2
3505.6436	5.551e2
3506.0676	1.385e3
3506.4788	6.339e2
3506.9243	1.121e3
3507.8286	2.593e2
3508.2522	2.099e3
3508.7517	1.993e3
3509.0369	1.445e3
3509.6406	1.737e3
3509.9978	6.258e2
3510.3196	2.246e3
3510.8628	4.250e3
3511.4917	1.114e3
3512.0518	2.534e3
3512.4285	1.724e3
3512.8711	3.314e2
3513.2590	2.349e3
3513.7813	9.957e2
3514.4580	2.790e3
3515.2192	1.076e3
3515.7161	7.333e2
3516.0811	8.305e2
3516.9094	1.670e2
3517.3904	2.689e2
3517.8440	1.366e3
3518.3511	2.320e3
3518.7986	1.990e3
3519.1926	1.104e3
3519.7405	1.784e3
3520.4834	1.973e3
3521.0281	1.589e3
3521.4851	1.623e3
3522.1838	2.790e3
3522.5232	1.017e3
3523.1416	2.247e3
3524.0906	9.169e2
3524.4331	5.524e2
3524.8357	4.587e2
3525.1428	6.872e2
3525.7021	3.918e2
3526.2415	1.616e3
3526.5806	2.006e3
3527.0383	1.768e3
3527.3628	7.861e2
3527.6624	3.479e2
3528.5430	2.440e3
3529.2739	1.070e3
3529.7639	2.052e3
3530.1924	1.033e3
3530.5254	1.049e3
3531.0061	1.708e3
3531.4041	8.451e2
3532.1653	1.326e3
3532.7686	6.184e2
3533.0146	6.472e2
3533.6777	1.473e3
3534.0420	6.166e2
3534.4370	1.904e3
3535.0967	9.397e2
3535.4097	1.830e3
3536.0315	2.054e3
3536.5291	1.685e2
3536.9475	7.893e2
3537.7432	1.715e3
3538.1904	2.825e2
3538.8123	3.615e3
3539.9189	1.490e3
3540.3840	2.189e3
3540.8425	9.383e2
3541.1194	1.368e3
3541.8196	1.342e3
3542.7957	3.241e3
3543.3374	4.735e2
3543.6790	8.672e2
3544.2893	1.898e3
3545.2542	1.164e3
3545.7402	2.558e2
3546.1465	4.460e2
3546.6516	2.349e2
3547.0229	1.462e3
3547.4106	6.267e2
3547.8972	1.983e3
3548.3635	4.073e2
3548.8579	3.904e3
3549.1658	1.034e3
3549.7241	7.211e2
3550.1892	7.810e2
3550.6912	1.406e2
3551.1355	2.558e3
3551.4617	3.928e2
3552.0198	8.212e2
3552.2644	5.233e2
3552.7373	1.681e3
3553.1204	1.215e3
3553.6563	2.820e3
3554.1902	1.635e3
3554.5266	5.428e2
3555.0266	5.069e2
3555.4448	7.928e2
3556.0342	2.377e2
3556.4065	7.944e2
3556.8926	5.740e2
3557.2427	3.095e2
3557.7007	3.493e2
3558.1138	1.704e3
3558.5310	2.675e3
3559.0032	1.576e3
3559.4053	1.239e3
3559.7566	9.021e2
3560.3950	5.464e2
3560.8904	9.940e2
3561.2234	1.470e3
3562.1970	3.196e3
3562.8340	2.872e3
3563.4663	2.457e3
3564.0007	2.812e3
3564.3252	7.402e2
3564.8337	1.834e3
3565.1309	1.191e3
3565.6914	9.738e1
3566.0344	9.423e2
3566.4236	5.267e2
3566.9578	2.175e3
3567.8118	1.429e3
3568.2029	2.206e3
3569.0024	3.957e3
3569.3164	1.056e3
3569.7874	5.082e2
3570.3718	1.804e3
3570.6646	6.360e2
3571.1113	1.450e3
3571.5374	8.784e2
3572.0125	2.847e3
3572.7881	1.493e2
3573.2217	5.441e2
3573.8142	9.447e2
3574.2400	8.433e2
3574.6650	1.559e3
3575.1460	1.412e3
3575.5715	1.736e3
3575.8613	8.666e2
3576.4102	1.478e3
3576.8835	7.597e2
3577.4048	5.875e2
3577.7188	3.275e2
3578.1521	1.691e3
3578.6162	2.937e2
3579.0715	6.212e2
3579.3965	4.344e2
3579.6223	1.124e3
3580.3306	3.684e3
3581.0313	4.120e3
3581.8457	5.755e2
3582.2742	1.555e3
3582.6936	8.653e2
3583.2598	1.969e3
3583.7017	1.138e3
3584.1560	1.420e3
3584.6040	9.834e2
3585.2278	3.540e2
3586.0803	1.285e3
3587.0120	1.318e3
3587.7009	3.748e2
3588.2957	9.174e2
3588.7827	1.877e3
3589.1250	1.080e3
3589.6067	1.100e3
3590.0737	2.069e3
3590.3621	1.011e3
3590.8171	5.462e2
3591.4102	1.278e3
3591.6606	2.741e2
3592.2075	1.079e3
3592.7295	7.633e2
3593.1362	9.913e2
3593.6423	9.611e2
3594.1162	9.110e2
3594.4797	6.797e2
3594.7632	2.738e2
3595.1147	6.928e2
3595.4504	5.498e2
3595.6606	3.346e2
3596.1614	2.798e3
3596.8447	5.618e2
3597.2209	2.304e2
3598.2214	1.819e3
3598.6824	2.972e3
3599.1292	2.585e3
3600.2795	3.170e3
3600.7542	1.859e3
3601.2227	1.550e3
3601.7871	8.606e2
3602.1814	1.158e3
3602.6458	5.097e2
3603.3125	1.825e3
3603.6606	4.170e2
3604.2969	1.741e3
3604.6345	8.135e2
3605.8789	3.980e2
3606.7349	5.981e2
3607.3386	1.405e3
3608.1619	1.444e3
3608.8560	2.694e2
3609.3801	8.204e2
3609.7131	1.380e3
3610.4153	2.820e3
3611.1829	1.862e3
3611.8813	1.480e3
3612.2896	5.872e2
3612.8774	4.057e2
3613.2385	1.006e3
3613.7671	1.438e3
3614.1931	2.076e3
3614.5847	3.483e2
3615.0430	9.354e2
3615.3250	8.922e2
3615.7112	1.825e2
3616.1335	8.224e2
3616.4561	8.589e2
3617.3127	1.656e3
3617.7368	1.349e3
3618.2822	2.064e3
3618.6631	1.133e3
3619.1748	1.203e3
3620.0876	2.380e3
3620.4202	6.767e2
3621.0740	1.337e3
3621.4976	9.420e2
3621.7661	3.529e2
3622.1992	2.246e3
3622.7512	7.720e2
3623.1506	1.719e3
3623.5898	2.306e3
3624.2283	3.372e3
3624.7605	2.332e2
3625.2090	3.383e3
3625.8376	2.875e2
3626.2358	1.246e3
3627.0415	2.401e3
3628.1606	2.168e3
3628.6636	3.298e2
3629.0652	1.104e3
3629.3647	4.417e2
3629.8154	7.738e1
3630.2822	7.360e2
3630.8579	1.875e3
3631.7244	1.145e3
3632.1211	6.174e2
3632.9358	3.871e2
3633.4468	2.012e3
3634.2151	1.754e3
3634.4624	6.852e2
3635.0637	1.832e3
3635.3562	1.524e3
3636.1863	1.562e3
3636.6907	4.303e2
3637.1829	2.052e3
3637.7034	7.451e2
3638.1890	2.446e3
3638.6917	1.716e3
3639.1169	2.535e3
3639.5198	1.539e3
3640.2478	1.078e3
3640.4602	6.139e2
3640.7854	6.224e2
3641.0625	5.817e2
3641.4644	1.110e2
3641.9368	6.136e2
3642.6938	3.399e0
3643.0061	1.665e2
3643.5425	1.040e3
3643.8311	1.095e3
3644.1626	1.874e2
3645.0703	1.533e1
3645.4929	3.515e2
3646.1987	2.014e2
3646.5356	5.712e2
3647.1196	5.386e2
3647.7832	1.135e3
3648.0610	2.837e2
3648.4421	1.097e3
3648.7693	1.179e3
3649.1353	1.227e3
3649.6160	4.853e2
3650.2288	1.620e3
3651.2231	1.154e3
3651.7410	1.125e2
3652.0913	5.827e2
3652.3940	1.316e3
3652.7864	1.173e3
3653.2661	2.312e3
3654.3018	2.035e3
3654.7271	6.321e2
3655.0845	1.060e3
3655.5999	2.641e2
3656.0713	1.334e3
3656.7620	1.005e1
3657.1653	2.076e3
3657.5623	7.256e2
3658.2883	3.503e3
3658.7605	4.478e2
3659.2205	3.540e3
3659.7627	6.345e2
3660.1223	1.054e3
3661.1316	1.043e3
3661.8098	1.437e3
3662.2334	1.962e3
3662.7590	1.702e3
3663.3022	2.330e3
3663.8279	7.425e2
3664.2559	1.640e3
3664.6321	6.843e2
3665.2708	2.233e3
3665.8521	1.115e3
3666.2107	2.234e3
3666.6152	1.695e3
3667.1741	1.982e3
3668.2263	1.115e3
3668.8528	1.046e3
3669.7913	3.049e2
3670.2466	2.586e3
3670.8281	1.500e3
3671.2178	1.965e3
3671.6250	1.835e3
3672.2791	1.143e3
3672.9131	1.469e3
3673.6541	2.174e3
3674.1904	2.145e3
3674.6875	3.447e2
3675.0173	1.085e3
3675.4602	8.695e2
3675.9871	9.861e2
3677.1079	1.292e3
3677.7375	2.445e2
3678.1628	1.082e3
3678.5525	2.510e3
3679.1948	7.486e3
3679.6255	3.022e3
3680.2085	1.197e4
3680.7925	1.109e3
3681.2068	1.128e4
3681.7605	4.832e2
3682.2100	8.068e3
3682.7432	3.502e3
3683.2190	5.024e3
3683.8735	1.099e3
3684.2012	3.628e3
3684.7612	5.380e2
3685.1819	2.220e3
3685.7136	2.323e2
3686.2205	1.853e3
3686.7627	3.254e2
3687.1760	1.018e3
3688.4724	4.169e3
3689.0369	2.381e3
3689.4326	1.385e3
3689.7625	1.317e3
3690.2769	1.464e3
3691.1292	2.571e3
3691.4619	6.901e2
3692.2427	1.980e3
3693.1987	2.781e3
3693.5974	1.147e3
3694.2815	3.151e3
3694.8013	1.323e3
3695.1951	2.390e3
3695.9185	1.056e3
3696.5696	7.941e-1
3697.5005	3.734e3
3698.1987	2.633e3
3698.6301	8.219e2
3698.8833	9.046e2
3699.1628	1.236e3
3700.2302	6.925e2
3701.1436	2.652e3
3701.7500	2.879e2
3702.3933	2.277e3
3702.7209	1.036e3
3703.1235	5.743e2
3703.6150	1.608e3
3704.1997	8.330e2
3704.5161	3.733e2
3705.1912	1.198e3
3705.6492	2.641e2
3706.2461	2.031e3
3706.7781	7.259e2
3707.2070	5.082e3
3707.6951	7.214e2
3708.2058	9.779e3
3708.8391	9.798e2
3709.2083	1.150e4
3709.7273	7.962e2
3710.2273	8.025e3
3710.6990	2.006e3
3711.2168	5.609e3
3711.5608	7.384e2
3712.2463	3.874e3
3712.8538	8.662e2
3713.2395	2.493e3
3713.7124	1.037e3
3714.1965	1.054e3
3714.4644	4.634e2
3715.2168	1.295e3
3715.6187	2.094e2
3716.2458	1.457e3
3716.8093	3.718e2
3717.1604	3.195e2
3717.6724	8.275e1
3718.3245	2.090e3
3718.5608	9.535e2
3719.2104	4.106e3
3720.1160	2.859e3
3720.7629	3.298e2
3721.1816	1.634e3
3721.7283	5.047e2
3722.2319	2.102e3
3722.6804	6.440e2
3723.2283	1.139e3
3723.7144	6.340e2
3724.2200	1.963e3
3724.6606	4.944e2
3725.2087	1.324e3
3725.8540	4.673e2
3726.2988	2.143e3
3726.8855	7.128e2
3727.2349	1.639e3
3727.8452	1.167e3
3728.3599	3.574e3
3729.2119	2.731e3
3729.5173	1.070e3
3730.2515	2.137e3
3730.4604	1.244e3
3731.0613	1.255e3
3731.7188	1.419e2
3732.2114	8.613e2
3733.1389	1.152e3
3733.4919	1.386e3
3733.8232	9.688e2
3734.2153	1.620e3
3734.7744	8.946e2
3735.3047	9.609e2
3735.6650	2.946e2
3736.2227	1.922e3
3736.4702	8.621e2
3736.7371	1.186e3
3737.2532	3.262e3
3737.8401	5.712e2
3738.2520	2.082e3
3738.8262	1.376e3
3739.1621	5.490e2
3739.6807	8.037e2
3740.1096	7.981e2
3740.5679	6.638e1
3741.8481	1.011e3
3742.5378	2.936e3
3743.3984	3.240e3
3744.0610	1.473e2
3744.3679	4.096e2
3744.6614	4.915e2
3745.0430	1.168e3
3746.2986	4.359e3
3747.2349	1.250e3
3747.5505	1.566e3
3748.4460	3.456e3
3749.2305	1.894e3
3749.6973	1.983e2
3750.2605	2.492e3
3750.7502	1.632e3
3751.2722	3.979e3
3751.8074	2.488e3
3752.2095	3.666e3
3752.8286	4.239e2
3753.2209	1.524e3
3753.5247	9.608e2
3753.8940	3.619e2
3754.2458	2.577e3
3754.7844	1.744e3
3755.1980	2.079e3
3755.8984	6.277e2
3756.2168	1.388e3
3756.8506	6.340e2
3757.2158	1.099e3
3757.5313	8.922e2
3757.7649	6.866e2
3758.4480	1.870e3
3758.7214	1.514e3
3759.2576	1.452e3
3759.6809	7.249e2
3760.1626	2.793e3
3760.9329	2.729e3
3761.2175	2.497e3
3761.7200	1.004e3
3762.2141	2.304e3
3762.5627	6.251e2
3763.2773	1.376e3
3763.5266	1.962e3
3764.2546	2.797e3
3764.8481	1.394e3
3765.2197	1.960e3
3765.5835	2.167e2
3765.8782	5.737e2
3766.2292	2.701e3
3766.7388	1.691e3
3767.2466	1.907e3
3767.7366	1.509e3
3768.1946	1.709e3
3768.9255	3.670e3
3769.2134	1.469e3
3769.5239	2.244e3
3770.2344	3.152e3
3770.7156	8.852e2
3771.2256	3.871e3
3771.6321	1.509e3
3772.2461	4.036e3
3772.5608	9.073e2
3773.2625	3.792e3
3773.8447	1.350e3
3774.2815	2.970e3
3774.5642	1.246e3
3775.2136	3.703e3
3776.0774	2.028e3
3776.4846	1.621e2
3776.8154	7.542e2
3777.1941	9.319e2
3777.6819	1.442e3
3778.2434	3.812e3
3778.6143	5.018e3
3779.2671	6.428e3
3780.2131	3.777e3
3780.8940	1.308e3
3781.1990	3.305e3
3781.8274	1.276e3
3782.2327	4.162e3
3782.9497	1.793e3
3783.3508	3.478e3
3783.9736	8.372e2
3784.2170	1.263e3
3784.6665	5.270e2
3785.2605	2.220e3
3785.7727	6.956e2
3786.1655	1.392e3
3786.6807	4.180e2
3787.1433	9.717e2
3787.5637	1.147e3
3787.9463	1.605e3
3788.3032	2.960e3
3788.8118	1.987e3
3789.4265	2.330e3
3790.2715	2.203e3
3790.9934	2.932e3
3791.4600	1.522e3
3791.8313	1.313e3
3792.2195	1.681e3
3792.7561	1.608e3
3793.3113	3.997e3
3794.2913	2.476e3
3794.8933	1.025e3
3795.3081	1.587e3
3795.5618	7.549e2
3795.8945	5.288e2
3796.3069	2.672e3
3796.8911	1.012e3
3797.3008	2.506e3
3797.6992	4.638e2
3798.3372	3.114e3
3798.6226	2.084e3
3799.1172	2.529e3
3799.5134	2.215e3
3799.8787	1.841e3
3800.3616	2.247e3
3801.1045	2.636e3
3801.6135	1.247e3
3802.2620	1.436e3
3802.8015	9.359e2
3803.3228	2.343e3
3803.7136	7.003e2
3804.1907	1.229e3
3805.2507	2.447e3
3806.2825	4.272e3
3806.6167	1.254e3
3807.2271	3.781e3
3807.8823	1.319e3
3808.3333	4.898e3
3808.8186	2.032e3
3809.2683	2.385e3
3809.6155	5.932e2
3810.3193	3.362e3
3811.1501	3.089e3
3811.8164	6.104e2
3812.2810	1.938e3
3812.8967	4.538e2
3813.2266	8.548e2
3813.6721	1.885e3
3814.3970	2.684e3
3814.8093	2.179e3
3815.3145	2.475e3
3816.0115	3.575e3
3816.7671	4.766e2
3817.2573	4.215e3
3818.4626	5.090e3
3819.2336	2.133e3
3819.5183	2.419e3
3820.2671	3.225e3
3821.2368	4.030e3
3821.8369	5.128e2
3822.3213	2.537e3
3822.7751	7.914e2
3823.2515	3.964e3
3823.7151	2.403e3
3824.2368	3.012e3
3824.9656	6.938e2
3825.2385	9.620e2
3825.8853	5.384e2
3826.3181	2.909e3
3826.8154	8.556e2
3827.3420	2.430e3
3827.7134	6.594e2
3828.4932	4.465e3
3829.2749	2.246e3
3830.2847	2.692e3
3830.8374	9.022e2
3831.2039	1.747e3
3831.8340	1.336e3
3832.3418	3.563e3
3832.8362	1.134e3
3833.2876	2.941e3
3833.6094	2.180e3
3834.2925	3.812e3
3834.8237	1.524e3
3835.3027	1.382e4
3835.7842	8.838e2
3836.3040	2.675e4
3836.8403	1.047e3
3837.3076	2.935e4
3837.8240	7.669e2
3838.3066	2.361e4
3838.7615	7.242e2
3839.3081	1.319e4
3839.7185	7.680e2
3840.3113	6.332e3
3840.9648	1.908e3
3841.3167	4.799e3
3841.9324	1.664e3
3842.3997	4.103e3
3843.1038	5.541e3
3843.6606	1.298e3
3844.0642	1.788e3
3844.3613	1.126e3
3844.6770	4.290e2
3845.0569	1.211e3
3845.3169	1.066e3
3845.9617	1.241e3
3846.3787	2.433e3
3847.2798	3.905e3
3848.3972	1.183e4
3848.9619	8.241e2
3849.3184	9.230e3
3849.7258	2.592e3
3850.3232	1.355e4
3850.8345	1.962e3
3851.3096	1.342e4
3851.8311	1.306e3
3852.3174	1.003e4
3852.8799	7.810e2
3853.3137	8.678e3
3853.8604	6.574e2
3854.3264	4.577e3
3854.7310	1.140e3
3855.4265	4.454e3
3856.3618	1.325e3
3856.9031	1.354e3
3857.3262	1.710e3
3858.2817	3.125e3
3858.6511	1.358e3
3859.3142	5.965e3
3859.6624	1.994e3
3860.2881	3.051e3
3860.6223	1.493e3
3861.3433	3.798e3
3861.7483	1.074e3
3862.3562	6.723e3
3862.7725	2.426e3
3863.3196	8.275e3
3863.8372	1.400e3
3864.3135	1.055e4
3864.8674	6.021e2
3865.3113	1.018e4
3865.8445	8.434e2
3866.3232	8.780e3
3866.7241	5.951e2
3867.3242	6.573e3
3867.9788	1.105e3
3868.3821	4.433e3
3868.8057	3.053e3
3869.2646	3.497e3
3869.9004	2.148e3
3870.2886	1.418e3
3870.6384	2.622e3
3870.9158	1.571e3
3871.2192	1.602e3
3871.7708	2.169e3
3872.3411	2.876e3
3872.9021	9.680e2
3873.3274	2.151e3
3873.7178	9.179e2
3874.3796	3.574e3
3874.7605	8.504e2
3875.2573	2.041e3
3875.7793	3.658e2
3876.3442	4.648e3
3876.8079	1.636e3
3877.3655	6.762e3
3877.9031	1.512e3
3878.3665	9.223e3
3878.6841	5.367e2
3878.9709	1.229e3
3879.3506	7.653e3
3879.9441	8.833e2
3880.3706	5.876e3
3880.9426	1.953e3
3881.3394	4.451e3
3882.2429	4.782e3
3883.2754	5.857e3
3883.9622	6.824e2
3884.3774	2.964e3
3884.8914	8.044e2
3885.6458	3.135e3
3886.2791	3.845e3
3886.8521	2.840e3
3887.2490	2.733e3
3888.1990	5.671e3
3889.2419	3.276e3
3889.7354	8.369e2
3890.3064	4.483e3
3891.3130	5.554e3
3891.7893	1.071e3
3892.3611	7.218e3
3892.8176	1.163e3
3893.3188	4.770e3
3893.9397	1.110e3
3894.3479	5.001e3
3894.8689	1.078e3
3895.3394	3.515e3
3895.7688	1.355e3
3896.3645	2.455e3
3896.7825	1.405e3
3897.2378	3.139e3
3897.7358	7.547e2
3898.3950	6.033e3
3899.2363	1.714e3
3899.6274	2.503e3
3900.0652	8.513e2
3900.2610	9.054e2
3900.9949	1.403e3
3901.2749	1.901e3
3902.2688	3.136e3
3902.7119	1.456e3
3903.3875	4.036e3
3903.8130	1.520e3
3904.3567	5.043e3
3904.8342	1.800e3
3905.3828	7.958e3
3905.9155	1.272e3
3906.3809	8.724e3
3906.8748	1.463e3
3907.3689	8.330e3
3908.0930	5.233e3
3908.3162	7.938e3
3908.9026	2.691e3
3909.3513	4.444e3
3909.9141	1.176e3
3910.3420	4.098e3
3910.6628	1.155e3
3911.2930	3.705e3
3911.9236	1.216e3
3912.2190	1.900e3
3913.3096	3.266e3
3913.5610	1.277e3
3913.8613	7.450e2
3914.2900	2.906e3
3914.7988	8.738e2
3915.2854	4.104e3
3915.8242	7.909e2
3916.2720	5.096e3
3916.7180	1.748e3
3917.2761	6.537e3
3918.3125	1.271e4
3919.3547	8.481e3
3919.8787	1.494e3
3920.3545	6.362e3
3920.8420	1.396e3
3921.3687	6.148e3
3921.9619	1.642e3
3922.3252	6.916e3
3922.7200	2.152e3
3923.3276	5.812e3
3923.6609	1.057e3
3923.9609	5.584e2
3924.3171	3.725e3
3924.7771	1.122e3
3925.3142	4.263e3
3925.9961	2.338e3
3926.2891	2.614e3
3926.9812	2.908e3
3927.5610	6.545e2
3928.4050	3.698e3
3928.7605	1.001e3
3929.2805	2.705e3
3930.2646	3.424e3
3930.7922	1.190e3
3931.3435	4.475e3
3931.8503	1.816e3
3932.3066	5.758e3
3932.8872	2.963e3
3933.3655	5.734e3
3933.6643	1.060e3
3933.9211	1.817e3
3934.3560	7.683e3
3934.8618	1.520e3
3935.3643	7.576e3
3936.3281	6.541e3
3936.7559	9.188e2
3937.3325	6.512e3
3937.8250	1.657e3
3938.3838	8.281e3
3939.3118	4.183e3
3939.8140	1.809e3
3940.1968	1.968e3
3940.4250	4.590e3
3941.2996	2.767e3
3941.8320	1.718e3
3942.3743	2.841e3
3942.7595	2.458e3
3943.3027	3.562e3
3943.9609	5.906e2
3944.3103	2.994e3
3945.3281	2.741e3
3946.3699	8.009e3
3947.3667	4.165e3
3947.8889	2.461e3
3948.3904	9.335e3
3948.9016	2.484e3
3949.3918	1.455e4
3949.9749	3.254e3
3950.3928	1.416e4
3950.6602	1.243e3
3950.9614	5.938e2
3951.3962	1.341e4
3952.3987	9.406e3
3952.7627	8.779e2
3953.3904	8.854e3
3953.9695	1.234e3
3954.3870	5.533e3
3955.3562	3.658e3
3956.1902	4.278e3
3956.8201	1.108e3
3957.3489	3.190e3
3958.4250	4.911e3
3958.6621	2.831e3
3959.2634	3.547e3
3959.5645	1.345e3
3959.8997	5.205e2
3960.3516	4.809e3
3960.9265	1.378e3
3961.3403	4.770e3
3961.7124	1.662e3
3962.3796	5.876e3
3962.8867	1.385e3
3963.3958	7.936e3
3963.7615	1.021e3
3964.3999	1.089e4
3964.7620	1.368e3
3965.4014	7.323e3
3965.6621	1.319e3
3965.9614	7.523e2
3966.4070	7.467e3
3966.9778	1.184e3
3967.3857	6.052e3
3968.0967	2.563e3
3968.4336	4.027e3
3968.7605	8.615e2
3969.0750	1.820e3
3969.4189	3.935e3
3970.0527	2.765e3
3970.3240	3.160e3
3970.8425	1.791e3
3971.3169	2.822e3
3972.3286	3.856e3
3973.3589	6.540e3
3973.8413	1.259e3
3974.3455	7.265e3
3974.8755	1.605e3
3975.3818	6.563e3
3975.6719	7.308e2
3976.3936	1.002e4
3976.8665	1.385e3
3977.3882	1.152e4
3977.9255	1.685e3
3978.3921	1.336e4
3978.8591	2.061e3
3979.3884	1.347e4
3979.8069	1.791e3
3980.3943	1.063e4
3980.9480	1.807e3
3981.3923	1.036e4
3981.7871	1.227e3
3982.0986	2.827e3
3982.3579	6.526e3
3983.3850	5.024e3
3983.8938	1.429e3
3984.3167	2.394e3
3984.8945	1.536e3
3985.3240	2.932e3
3985.5605	2.142e3
3985.9614	7.764e2
3986.3557	3.204e3
3986.6611	1.048e3
3987.3777	5.058e3
3987.7983	7.961e2
3988.3928	1.324e4
3989.3936	1.498e4
3989.9224	2.097e3
3990.3958	1.429e4
3990.9211	2.635e3
3991.4019	9.181e4
3991.8228	3.437e3
3992.4045	1.799e5
3992.9141	2.859e3
3993.4084	1.957e5
3993.8645	2.972e3
3994.4072	1.507e5
3994.9351	2.833e3
3995.4106	9.304e4
3995.9067	4.016e3
3996.4116	4.765e4
3996.9512	3.301e3
3997.4084	2.300e4
3997.9526	2.533e3
3998.4136	1.056e4
3999.3926	1.005e4
3999.7627	1.195e3
4000.3970	4.686e3
4000.8154	2.690e3
4001.3416	4.109e3
4001.6621	8.865e2
4002.3472	7.160e3
4002.6611	1.306e3
4002.9163	1.839e3
4003.3938	8.884e3
4003.9473	3.604e3
4004.3953	1.027e4
4004.8418	3.561e3
4005.4187	2.794e5
4005.9048	5.725e3
4006.4216	5.647e5
4006.8652	5.329e3
4007.4224	6.366e5
4007.9099	6.631e3
4008.4231	5.011e5
4008.9211	7.294e3
4009.4248	3.038e5
4009.9163	5.871e3
4010.4282	1.577e5
4011.0068	4.242e3
4011.4392	6.592e4
4011.9880	4.123e3
4012.4324	2.825e4
4013.0042	3.185e3
4013.4268	1.307e4
4013.9065	3.085e3
4014.4070	8.242e3
4014.7251	3.460e3
4015.3911	5.673e3
4015.7578	2.226e3
4016.3308	7.096e3
4016.8718	1.884e3
4017.4067	6.599e3
4017.9812	1.565e3
4018.3962	6.792e3
4018.8787	3.587e3
4019.4143	1.382e4
4019.9321	2.020e3
4020.4202	2.251e4
4020.9238	1.989e3
4021.4316	2.465e4
4021.9192	1.246e3
4022.4224	2.008e4
4022.9087	2.492e3
4023.4248	1.459e4
4023.9824	3.253e3
4024.4187	9.814e3
4025.0046	1.769e3
4025.4141	6.010e3
4026.4163	6.193e3
4026.7622	1.692e3
4027.3987	6.293e3
4028.3940	6.769e3
4028.6609	1.624e3
4028.9617	1.004e3
4029.3853	8.970e3
4029.8933	2.087e3
4030.3840	1.293e4
4030.7605	2.873e3
4031.3760	1.117e4
4031.7625	9.144e2
4032.3835	8.356e3
4032.9768	2.321e3
4033.3958	1.173e4
4033.7620	8.261e2
4034.4128	1.842e4
4034.9255	8.172e2
4035.4150	1.586e4
4035.8472	2.578e3
4036.4160	1.350e4
4037.4070	1.162e4
4038.4033	1.070e4
4039.4070	6.329e3
4039.9492	2.175e3
4040.3179	2.581e3
4040.7234	1.164e3
4041.3884	5.661e3
4041.8792	1.758e3
4042.3933	8.684e3
4043.3855	1.402e4
4044.3713	1.738e4
4044.9138	2.366e3
4045.3779	2.026e4
4045.8604	1.094e3
4046.3745	1.999e4
4047.3828	1.486e4
4047.8977	1.536e3
4048.4028	1.641e4
4048.8462	1.965e3
4049.4060	1.635e4
4049.9324	1.004e3
4050.4143	1.352e4
4050.7944	7.074e2
4051.4104	1.295e4
4051.8296	1.966e3
4052.4065	8.194e3
4053.0779	1.379e3
4053.4026	5.800e3
4054.0981	1.409e3
4054.4077	4.263e3
4054.9492	1.532e3
4055.3853	3.791e3
4055.8103	1.662e3
4056.3235	3.391e3
4056.8350	1.971e3
4057.3572	4.177e3
4057.9709	2.632e3
4058.3721	9.571e3
4058.8362	2.509e3
4059.3533	1.278e4
4060.3630	1.836e4
4060.9771	7.532e2
4061.3662	1.563e4
4061.6626	1.903e3
4061.9993	7.011e2
4062.4021	2.040e4
4062.9541	1.794e3
4063.4287	2.758e4
4064.4219	2.460e4
4064.8716	1.190e3
4065.4290	1.995e4
4065.9355	2.110e3
4066.4351	1.434e4
4066.9636	1.215e3
4067.4124	9.423e3
4068.3840	1.192e4
4068.9851	2.258e3
4069.3196	6.464e3
4069.7603	1.017e3
4070.4185	8.128e3
4070.9729	1.005e3
4071.3958	5.359e3
4071.9492	1.346e3
4072.3713	7.454e3
4072.9597	1.152e3
4073.3884	7.124e3
4073.9683	1.005e3
4074.4043	6.535e3
4074.9019	1.941e3
4075.4080	7.291e3
4075.9233	1.987e3
4076.4160	1.191e4
4077.4299	1.360e4
4077.9111	1.836e3
4078.4231	1.837e4
4079.4214	2.009e4
4079.9075	2.032e3
4080.4163	1.366e4
4081.4026	1.106e4
4081.8823	1.462e3
4082.3818	6.832e3
4082.8623	1.245e3
4083.4094	6.889e3
4083.9456	1.261e3
4084.3503	5.826e3
4084.9363	1.555e3
4085.4021	5.576e3
4086.3894	7.866e3
4086.8838	1.484e3
4087.3882	7.435e3
4087.8120	1.401e3
4088.3984	9.902e3
4089.3848	1.314e4
4089.9248	1.203e3
4090.4006	2.028e4
4090.9387	1.242e3
4091.4077	1.863e4
4091.9385	1.215e3
4092.4163	1.748e4
4093.4087	1.583e4
4094.4326	1.343e4
4094.8616	1.036e3
4095.3904	7.077e3
4095.9399	2.015e3
4096.3804	6.977e3
4096.8237	1.688e3
4097.3711	7.611e3
4097.8882	8.424e2
4098.3521	5.717e3
4098.7524	1.578e3
4099.3340	4.842e3
4099.7734	1.586e3
4100.3521	4.244e3
4100.7622	1.363e3
4101.3916	7.783e3
4101.8726	2.986e3
4102.4053	1.545e4
4102.8926	2.587e3
4103.4009	3.582e4
4104.3999	5.103e4
4104.9507	1.337e3
4105.3999	5.575e4
4105.9575	1.204e3
4106.4048	4.608e4
4106.9434	1.389e3
4107.4043	3.047e4
4107.9316	1.959e3
4108.4072	1.875e4
4108.8647	2.106e3
4109.4043	1.010e4
4109.8770	4.623e2
4110.3999	6.650e3
4111.0981	2.902e3
4111.3848	5.125e3
4111.7612	1.692e3
4112.3730	4.554e3
4112.9404	1.797e3
4113.3740	5.191e3
4113.9575	1.898e3
4114.3750	5.768e3
4114.8921	1.077e3
4115.3760	5.009e3
4115.8818	8.373e2
4116.3594	4.439e3
4117.3916	6.466e3
4117.9990	1.496e3
4118.4077	7.123e3
4118.8130	1.423e3
4119.4106	7.232e3
4120.4146	7.047e3
4120.7627	1.008e3
4121.3989	6.860e3
4121.7705	7.381e2
4122.4194	7.150e3
4123.3896	6.437e3
4123.9043	1.652e3
4124.4263	4.190e3
4124.9771	7.357e2
4125.3789	4.735e3
4125.8804	1.378e3
4126.3945	6.347e3
4126.7632	1.278e3
4127.3618	7.041e3
4127.8247	1.692e3
4128.3662	1.143e4
4128.8975	3.358e3
4129.3628	1.226e4
4129.9917	5.732e2
4130.3643	8.841e3
4131.3862	6.178e3
4131.7964	6.673e2
4132.3555	8.578e3
4133.4077	7.433e3
4134.3916	7.198e3
4134.7617	1.639e3
4135.4053	6.637e3
4136.3940	5.307e3
4136.8389	9.502e2
4137.3760	5.210e3
4138.3843	6.689e3
4138.7388	3.376e3
4139.3818	4.301e3
4139.8398	8.923e2
4140.3003	3.161e3
4140.7173	1.621e3
4141.3369	8.100e3
4141.9351	1.382e3
4142.3506	1.575e4
4143.3428	1.626e4
4144.3457	1.457e4
4144.9644	1.150e3
4145.3433	1.085e4
4145.7617	1.026e3
4146.3643	8.938e3
4146.9136	1.258e3
4147.3999	8.061e3
4147.7612	1.395e3
4148.3838	8.330e3
4148.7627	1.506e3
4149.3926	7.310e3
4150.3589	8.656e3
4150.8647	2.013e3
4151.3945	6.257e3
4152.3677	3.366e3
4153.3335	7.216e3
4154.3423	4.397e3
4154.7603	5.970e2
4155.3315	3.676e3
4155.8799	8.863e2
4156.3193	7.089e3
4156.8174	2.150e3
4157.3198	1.066e4
4157.8608	8.117e2
4158.3462	1.416e4
4158.6616	2.255e3
4159.3564	1.645e4
4159.9785	1.688e3
4160.3906	1.301e4
4160.9375	1.503e3
4161.4009	1.001e4
4161.9287	1.930e3
4162.4126	9.450e3
4162.8521	1.117e3
4163.4292	8.892e3
4163.9204	1.230e3
4164.4116	5.487e3
4165.3911	6.000e3
4165.9155	1.323e3
4166.3794	5.867e3
4167.3296	3.540e3
4167.7529	1.498e3
4168.3862	6.719e3
4169.2847	4.712e3
4169.9546	1.380e3
4170.4106	5.064e3
4171.3833	6.271e3
4171.8638	9.145e2
4172.4155	7.862e3
4172.8657	1.014e3
4173.4185	8.677e3
4173.9365	2.615e3
4174.4204	9.586e3
4174.9639	1.305e3
4175.4331	7.836e3
4175.8354	9.350e2
4176.4126	5.866e3
4177.3799	7.373e3
4177.8882	1.169e3
4178.4238	8.764e3
4178.9917	1.633e3
4179.3774	5.188e3
4179.8286	1.051e3
4180.3403	5.431e3
4180.8867	9.635e2
4181.3262	5.304e3
4182.3506	6.793e3
4183.2788	5.035e3
4183.5640	1.898e3
4184.2920	5.793e3
4185.3154	4.826e3
4186.3633	5.398e3
4186.8633	5.181e2
4187.3623	4.975e3
4188.3906	6.020e3
4189.3896	7.287e3
4190.3735	4.921e3
4190.8135	1.727e3
4191.3315	3.101e3
4191.6147	2.959e3
4192.3599	5.401e3
4192.7827	6.902e2
4193.2998	6.377e3
4194.3203	5.539e3
4194.9414	1.251e3
4195.3174	4.320e3
4196.3545	5.045e3
4196.8110	8.466e2
4197.2925	4.565e3
4198.3369	6.476e3
4198.6606	1.518e3
4198.9883	8.008e2
4199.3418	3.701e3
4199.7905	3.648e3
4200.3647	4.426e3
4201.3765	7.851e3
4201.8564	1.252e3
4202.3804	9.971e3
4203.3569	8.207e3
4203.8994	9.326e2
4204.3813	8.157e3
4205.3892	6.317e3
4205.8979	1.668e3
4206.3862	5.144e3
4207.3467	4.653e3
4207.9302	8.911e2
4208.3926	4.886e3
4209.3516	2.484e3
4210.2847	3.678e3
4210.6548	2.155e3
4211.2979	4.828e3
4211.7256	1.898e3
4212.3770	5.336e3
4213.3774	4.798e3
4213.9746	1.295e3
4214.3687	5.299e3
4214.9932	1.324e3
4215.3188	3.342e3
4215.7300	7.632e2
4216.3823	6.033e3
4216.9224	1.078e3
4217.3706	3.617e3
4217.9941	9.563e2
4218.4233	4.308e3
4218.8921	6.013e2
4219.4243	6.315e3
4220.3320	3.116e3
4221.3193	1.943e3
4222.1797	3.548e3
4222.4302	2.941e3
4222.8750	2.398e3
4223.3110	3.210e3
4223.6992	3.306e3
4224.2959	3.692e3
4224.5615	9.707e2
4224.9360	1.027e3
4225.3169	4.038e3
4226.3384	7.879e3
4227.3232	6.284e3
4228.3579	1.025e4
4228.9619	9.693e2
4229.3672	4.774e3
4229.8257	8.547e2
4230.3975	6.524e3
4231.3838	4.316e3
4232.3335	5.295e3
4232.8887	5.178e2
4233.3789	5.484e3
4233.7617	7.965e2
4234.0811	1.735e3
4234.3926	4.417e3
4235.3633	3.369e3
4236.3843	4.243e3
4237.2974	4.417e3
4237.7847	7.348e2
4238.3911	7.898e3
4238.7622	1.222e3
4239.3057	4.445e3
4239.8643	1.658e3
4240.3159	7.133e3
4240.8740	7.719e2
4241.3525	6.267e3
4242.3008	6.997e3
4242.8691	2.696e2
4243.3271	4.738e3
4243.6606	1.484e3
4244.3979	5.117e3
4244.9194	5.303e2
4245.4058	3.249e3
4245.8823	1.099e3
4246.3481	4.868e3
4246.6606	1.336e3
4247.3101	6.532e3
4248.3716	6.982e3
4249.0684	1.530e3
4249.4053	3.279e3
4250.3394	4.932e3
4251.0688	2.083e3
4251.3179	2.736e3
4252.3032	3.449e3
4252.6787	7.831e2
4252.9561	1.868e3
4253.3223	3.246e3
4253.7661	9.506e2
4254.3335	5.672e3
4255.2773	6.807e3
4256.3008	5.497e3
4257.3081	5.836e3
4258.3516	1.024e4
4259.5112	7.597e3
4260.4287	4.682e3
4260.9858	1.825e3
4261.3784	3.949e3
4261.8911	6.127e2
4262.4917	4.496e3
4263.2607	2.958e3
4263.6265	9.018e2
4263.8882	5.361e2
4264.3135	4.554e3
4264.8271	1.053e3
4265.3174	3.341e3
4266.2817	4.725e3
4267.2461	3.869e3
4268.3438	5.273e3
4268.8994	1.424e3
4269.3091	2.256e3
4269.7251	7.358e2
4270.3462	3.342e3
4270.7241	1.574e3
4271.3638	4.687e3
4271.8882	1.223e3
4272.3984	3.375e3
4273.2896	5.475e3
4274.3018	4.969e3
4274.8843	3.887e2
4275.3936	2.785e3
4275.7158	1.061e3
4276.1899	1.705e3
4276.6133	5.382e2
4276.9927	9.572e2
4277.2832	2.147e3
4277.6299	1.434e3
4278.2451	2.925e3
4278.5254	2.145e3
4278.8667	6.944e2
4279.2661	4.423e3
4279.8682	7.756e2
4280.3037	3.489e3
4281.2158	3.668e3
4282.2695	5.159e3
4282.9502	2.651e3
4283.2231	4.351e3
4284.2646	2.249e3
4284.8428	8.400e2
4285.3086	2.580e3
4285.6616	6.049e2
4286.3145	3.084e3
4287.3032	2.093e3
4287.6602	3.895e2
4288.3223	4.850e3
4288.8408	1.449e3
4289.3311	4.558e3
4290.2764	3.723e3
4291.3560	2.563e3
4292.2910	4.590e3
4293.2593	3.957e3
4293.6807	2.028e3
4294.2129	4.571e3
4294.7158	3.144e3
4295.1655	5.271e3
4295.8950	1.027e3
4296.3145	4.125e3
4297.2539	3.796e3
4297.7700	1.037e3
4298.4277	4.291e3
4299.2988	3.357e3
4299.6606	5.626e2
4300.2441	5.623e3
4300.7603	5.512e2
4301.3853	4.380e3
4302.3013	3.124e3
4302.5630	1.434e3
4303.2734	6.137e3
4303.8193	8.633e2
4304.3232	2.865e3
4304.8604	2.571e2
4305.2598	1.242e3
4305.4609	7.828e2
4306.3013	4.917e3
4306.8628	7.076e2
4307.2725	2.091e3
4307.6611	3.001e2
4308.3423	2.639e3
4308.6611	5.005e2
4309.3164	2.944e3
4309.9810	2.326e3
4310.3955	5.264e3
4310.8945	1.615e3
4311.2207	2.018e3
4312.2568	3.872e3
4312.5610	1.527e3
4313.2354	3.130e3
4313.7432	4.916e2
4314.2856	2.891e3
4314.6963	1.811e3
4315.3213	1.518e3
4316.0654	5.970e3
4316.9702	1.326e3
4317.2793	2.351e3
4317.5605	9.125e2
4318.1997	3.179e3
4318.6289	3.801e3
4319.3130	2.487e3
4319.9927	7.007e2
4320.3188	1.845e3
4320.8799	1.518e3
4321.3350	3.536e3
4321.8721	1.470e3
4322.3462	3.585e3
4322.8228	1.262e3
4323.2700	3.006e3
4323.8179	1.197e3
4324.2817	4.499e3
4324.8540	6.023e2
4325.2813	2.868e3
4325.6182	9.420e2
4326.2437	4.795e3
4327.0874	2.486e3
4327.3125	3.727e3
4328.3638	3.862e3
4328.8486	2.212e3
4329.3501	2.739e3
4330.3345	3.594e3
4331.2803	4.154e3
4332.1968	1.996e3
4332.4731	6.134e2
4332.8481	2.318e3
4333.1196	2.016e3
4333.8389	2.775e3
4334.2612	1.993e3
4334.6626	5.840e2
4335.0552	2.429e3
4335.5288	9.322e2
4335.8892	8.241e2
4336.3022	2.961e3
4337.2051	3.752e3
4338.3110	7.171e3
4338.8613	6.677e2
4339.3086	4.528e3
4340.2744	4.139e3
4341.3691	4.184e3
4342.3325	3.127e3
4342.9517	1.164e3
4343.2749	1.174e3
4343.5840	2.311e3
4344.2344	2.085e3
4345.0562	2.133e3
4345.3164	2.391e3
4345.8706	9.568e2
4346.1738	1.320e3
4346.4570	1.598e3
4346.8237	7.894e2
4347.2456	1.454e3
4347.6196	2.090e3
4348.2114	2.270e3
4348.5142	1.230e3
4348.8311	1.015e3
4349.2373	1.652e3
4349.5205	1.145e3
4350.2075	1.940e3
4350.8433	8.936e2
4351.2900	2.614e3
4352.2773	2.280e3
4353.2251	2.218e3
4353.4619	1.043e3
4353.9551	1.790e3
4354.3042	4.010e3
4354.7271	2.819e3
4355.2720	1.997e3
4356.2207	3.471e3
4356.7163	6.460e2
4357.2036	3.078e3
4357.8828	8.669e2
4358.2314	2.609e3
4358.4614	1.802e3
4358.9014	3.066e3
4359.1626	1.415e3
4359.4604	8.961e2
4360.0996	3.757e3
4361.1836	3.802e3
4361.9868	9.002e2
4362.3813	2.995e3
4363.2065	3.608e3
4363.6260	1.900e3
4364.2285	2.746e3
4364.6621	9.017e2
4365.3281	2.253e3
4366.2021	3.588e3
4366.5830	3.133e3
4367.2227	2.146e3
4367.8413	2.475e3
4368.1260	3.412e3
4368.7637	7.992e2
4369.2319	1.104e3
4369.4619	7.457e2
4369.7617	4.556e2
4370.1978	1.713e3
4370.5239	1.741e3
4370.8613	2.238e3
4371.8330	7.466e2
4372.3477	1.161e3
4372.5601	7.183e2
4372.8877	2.763e2
4373.2393	1.423e3
4373.4609	1.110e3
4373.8613	4.394e2
4374.2690	3.013e3
4374.7627	7.890e2
4375.2183	2.066e3
4376.2178	1.603e3
4377.1831	2.362e3
4378.1494	4.322e3
4378.7319	1.505e3
4379.1670	1.043e3
4379.4893	2.290e3
4380.0942	2.345e3
4380.5146	7.652e2
4380.8887	9.030e2
4381.2217	2.822e3
4381.7441	1.512e3
4382.2427	2.694e3
4382.6411	1.064e3
4383.2715	2.558e3
4383.9731	1.051e3
4384.3584	2.602e3
4384.9976	1.054e3
4385.6177	5.391e2
4386.1753	8.082e2
4387.2036	2.666e3
4387.7554	5.184e2
4388.2329	1.448e3
4388.5366	1.439e3
4389.1846	6.675e2
4389.4136	1.205e3
4390.1826	2.834e3
4390.5225	2.213e3
4391.1924	2.066e3
4391.5273	1.314e3
4392.1904	1.816e3
4392.6880	6.345e2
4393.2095	1.693e3
4393.4619	7.948e2
4394.2661	2.824e3
4395.2109	1.559e3
4395.7417	1.270e3
4396.2944	1.895e3
4397.1113	2.788e3
4397.9751	1.655e3
4398.2739	5.960e2
4398.5859	1.711e3
4399.1748	3.499e3
4399.8838	1.368e3
4400.3032	1.631e3
4401.1455	1.958e3
4401.4946	1.733e3
4401.7627	6.639e2
4402.2090	3.824e3
4403.0879	1.750e3
4403.3613	1.188e3
4403.8379	1.007e3
4404.2012	1.055e3
4404.4614	6.185e2
4405.1611	1.241e3
4405.5776	5.306e2
4406.0103	2.693e3
4406.6411	4.228e2
4407.2759	2.762e3
4408.2100	2.206e3
4408.4609	8.157e2
4409.0933	2.935e3
4410.3110	1.875e3
4410.6606	9.948e2
4411.5635	1.498e3
4412.1636	1.240e3
4412.5386	5.880e2
4413.2769	1.277e3
4413.7041	9.539e2
4414.1768	1.094e3
4414.4531	1.450e3
4415.2739	1.311e3
4415.6621	2.707e2
4416.0352	3.497e2
4416.6445	2.168e2
4417.1792	1.306e3
4417.4624	2.838e2
4418.2622	2.490e3
4418.6152	1.203e3
4419.1230	6.782e2
4419.5068	3.606e3
4420.3569	3.750e3
4420.9253	1.179e3
4421.3286	1.401e3
4421.8789	6.818e2
4422.2500	2.112e3
4422.6138	1.081e3
4423.1113	1.680e3
4424.1680	2.058e3
4424.8994	3.378e2
4425.2183	1.033e3
4425.5610	3.546e2
4426.1025	1.767e3
4426.6377	1.109e3
4427.0469	1.503e3
4427.6929	6.616e2
4428.0801	1.423e3
4428.3911	2.371e3
4428.7178	1.603e3
4429.3594	1.925e3
4429.8467	1.272e3
4430.2402	3.486e3
4431.0142	4.462e3
4431.5210	2.926e3
4432.0298	9.934e2
4432.3589	8.098e2
4432.5610	5.704e2
4433.1289	4.000e2
4433.7065	1.049e3
4434.1558	7.773e2
4434.5039	8.292e2
4434.9072	3.104e3
4436.2524	2.970e3
4437.1626	4.231e3
4438.3330	4.567e3
4439.3872	2.562e3
4440.1333	5.995e2
4440.4341	9.823e2
4441.1060	5.501e2
4441.4233	2.167e2
4442.0679	1.458e3
4442.5493	1.430e3
4442.9209	2.966e3
4443.6274	5.326e2
4444.1748	2.544e3
4444.8101	1.205e3
4445.3760	1.510e3
4445.8184	6.140e2
4446.1729	1.112e3
4446.4629	1.112e3
4447.2461	1.856e3
4448.2227	1.634e3
4448.7881	1.342e1
4449.5981	1.044e3
4450.0903	6.874e2
4450.4487	1.555e3
4450.6611	1.231e3
4451.1616	3.777e2
4451.6060	1.287e3
4452.1538	1.109e3
4452.7837	3.445e3
4453.1836	1.899e3
4453.8018	4.318e3
4454.3320	2.625e3
4454.6611	8.096e2
4454.9844	1.777e3
4455.4648	1.379e2
4456.0786	1.570e3
4456.6260	7.673e2
4457.1768	2.163e3
4457.6011	2.014e3
4458.2900	2.125e3
4458.8364	1.386e3
4459.2109	1.592e3
4459.7510	2.945e2
4460.2046	8.256e2
4460.6807	1.043e3
4461.0923	1.225e3
4461.7222	8.280e2
4462.2983	1.656e3
4462.6221	1.391e3
4463.1953	1.056e3
4463.6387	1.128e3
4464.0728	1.292e3
4464.3633	8.181e2
4465.0298	1.857e3
4465.7002	4.011e2
4466.1328	8.168e2
4466.4355	1.191e3
4467.1040	1.656e3
4467.7495	8.033e2
4468.2710	3.219e3
4468.8369	1.331e3
4469.4004	1.836e3
4470.0630	9.966e2
4470.5073	9.596e2
4470.7622	3.626e2
4471.2500	1.751e3
4471.5625	1.769e3
4472.1279	2.244e3
4472.6274	3.559e2
4473.1133	2.224e3
4474.4712	4.113e3
4475.1597	9.195e2
4475.7358	1.505e3
4476.9556	1.371e3
4477.5093	5.057e2
4478.0806	3.300e3
4478.8062	2.865e3
4479.1875	2.624e3
4480.3516	2.973e3
4480.6646	1.194e3
4481.1523	8.659e2
4481.4858	1.066e3
4481.8071	2.445e3
4482.6348	1.756e3
4483.2222	1.365e3
4484.2847	8.986e2
4484.9360	1.101e3
4485.4160	9.556e2
4486.1050	4.804e3
4486.6606	3.999e2
4487.1768	8.902e2
4487.6743	1.242e2
4488.1333	2.340e3
4488.3604	1.161e3
4488.7339	9.470e2
4489.1304	2.322e3
4489.5317	1.979e3
4490.1602	1.595e3
4490.7617	3.026e3
4491.4365	1.468e3
4492.0894	3.242e3
4492.5820	1.478e3
4493.2017	2.072e3
4493.7896	5.234e2
4494.3115	2.143e3
4494.6650	2.331e2
4495.0293	6.089e2
4495.3325	5.137e2
4496.3394	7.276e2
4496.6177	5.762e2
4497.1699	3.570e2
4497.6782	1.004e3
4498.2109	3.097e3
4498.6685	1.404e3
4498.9619	6.558e2
4499.2627	6.224e2
4499.5610	2.966e2
