3500.0618	2.655e2
3500.5588	3.114e1
3500.8398	9.194e2
3501.1653	5.170e2
3501.6780	8.559e2
3502.1206	1.031e3
3502.7542	2.029e3
3503.5017	1.387e3
3504.1790	8.235e2
3504.5300	2.978e2
3505.2190	3.312e2
3505.4629	1.959e2
3506.0315	1.605e3
3506.3655	3.055e2
3506.9587	1.261e3
3508.2720	8.922e2
3508.7900	2.021e3
3509.0608	9.859e2
3509.7825	1.380e3
3510.2786	1.766e3
3510.8792	1.873e3
3511.5159	1.080e3
3512.1089	9.849e2
3512.5022	1.894e3
3513.3418	1.102e3
3513.7314	6.316e2
3514.5417	2.168e3
3515.1531	1.256e3
3515.7766	6.327e2
3516.0195	1.134e3
3516.9287	1.791e2
3517.7285	1.123e3
3518.2148	2.432e3
3519.0281	1.530e3
3519.7605	1.323e3
3520.4482	1.145e3
3520.7615	3.454e2
3521.1401	1.121e3
3521.4883	1.429e3
3522.1897	2.277e3
3522.5696	8.240e2
3522.9978	2.084e3
3523.4202	7.829e2
3524.1028	1.437e3
3524.4893	4.141e2
3525.0991	1.251e3
3525.7383	6.545e2
3526.1545	1.505e3
3526.5723	1.430e3
3526.9810	1.303e3
3527.4102	3.433e2
3527.7800	4.646e2
3528.3167	1.280e3
3528.6289	7.057e2
3529.1775	7.424e2
3529.6672	2.295e3
3530.1301	5.941e2
3530.9089	2.063e3
3531.3223	9.179e2
3532.0779	4.085e2
3532.8118	5.461e2
3533.3108	5.050e2
3533.6216	4.445e2
3534.2532	6.483e2
3534.5134	6.162e2
3535.3386	2.406e3
3536.0764	1.483e3
3537.0344	8.805e2
3537.7009	9.356e2
3538.1003	6.988e2
3538.7122	2.946e3
3539.1160	1.189e3
3539.7173	1.167e3
3540.2000	1.986e3
3540.7808	1.038e3
3541.4568	5.204e2
3541.9038	9.247e2
3542.7986	3.826e3
3543.2434	5.990e2
3543.7256	6.757e2
3544.1333	7.793e2
3544.4326	8.724e2
3545.0046	4.794e2
3545.9363	3.039e2
3547.0740	1.302e3
3547.9060	3.183e3
3548.3601	2.017e2
3548.8499	3.689e3
3549.1655	1.491e3
3549.7363	1.122e3
3550.2544	3.372e2
3550.6001	6.862e2
3551.0969	1.643e3
3551.5068	6.884e2
3551.9312	2.946e2
3552.2610	1.213e2
3552.7017	7.744e2
3553.2913	1.025e3
3553.6780	2.962e3
3554.2104	1.823e3
3554.5244	7.389e2
3555.0483	1.100e3
3555.4802	4.647e2
3555.9431	5.953e2
3556.3169	5.722e2
3556.8630	9.379e2
3557.3369	3.509e2
3557.7490	3.275e2
3558.1301	1.321e3
3558.4907	1.488e3
3558.9785	1.723e3
3559.5154	6.865e2
3559.8811	5.399e2
3560.3904	3.079e2
3560.9075	5.520e2
3561.2202	4.353e2
3561.6631	1.081e3
3562.1152	2.036e3
3562.7271	1.730e3
3563.4229	7.124e2
3563.9966	1.828e3
3564.3501	4.227e2
3564.8040	1.452e3
3565.2295	5.800e2
3566.0107	9.613e2
3566.5481	5.804e2
3567.0630	1.090e3
3567.3687	7.850e1
3567.7007	6.605e2
3568.4087	1.144e3
3569.0159	3.422e3
3569.4629	4.185e2
3569.7615	2.049e2
3570.3074	1.515e3
3570.7791	1.792e2
3571.1592	1.214e3
3571.7219	1.253e3
3572.0371	1.356e3
3572.6956	1.429e2
3573.2170	5.463e2
3573.7314	5.621e2
3574.1309	6.335e2
3574.6013	1.029e3
3575.1252	1.786e3
3575.5425	1.561e3
3576.0156	1.109e3
3576.3613	3.640e2
3576.8662	4.097e2
3577.2246	2.543e2
3577.7249	1.564e2
3578.2097	4.896e2
3578.7358	3.682e2
3579.2427	1.142e3
3579.5820	1.665e3
3580.2983	2.071e3
3580.8367	1.089e3
3581.1868	1.440e3
3581.6270	3.640e2
3582.1875	1.337e3
3582.7131	6.093e2
3583.1260	1.015e3
3583.4343	8.368e2
3583.9724	2.310e3
3584.7261	8.448e2
3585.2390	1.867e2
3585.5166	2.022e2
3586.1440	4.838e2
3586.4629	3.146e2
3587.0974	1.351e3
3587.4636	4.018e2
3588.4360	1.048e3
3588.8496	1.828e3
3589.7065	2.298e3
3590.0984	1.508e3
3590.4131	1.135e3
3590.8389	5.928e2
3591.0625	7.506e2
3591.6921	3.433e2
3592.2949	2.472e2
3592.7366	3.121e2
3593.2007	6.353e2
3593.6094	2.218e2
3594.1934	4.724e2
3594.4658	8.821e1
3594.7949	4.106e2
3595.1892	6.548e2
3596.1309	2.989e3
3596.7998	5.826e2
3597.2617	3.133e2
3597.8098	2.972e2
3598.2632	1.061e3
3598.6882	2.569e3
3599.0737	1.560e3
3599.5129	1.039e3
3600.0132	1.211e3
3600.4106	1.484e3
3600.7314	1.032e3
3601.3015	9.174e2
3601.5618	6.375e2
3602.1934	4.768e2
3602.7170	6.704e2
3603.1484	9.360e2
3603.6819	6.211e2
3603.8643	6.439e2
3604.3250	1.382e3
3604.7656	1.994e2
3605.2002	9.716e1
3605.9358	2.723e2
3606.3074	4.148e2
3606.7749	4.587e2
3607.2114	2.108e3
3608.0977	1.472e3
3608.5515	5.951e2
3609.0522	1.019e3
3609.7742	1.064e3
3610.1890	1.373e3
3610.5808	1.207e3
3611.0298	8.262e2
3611.4216	1.102e3
3611.8303	3.087e2
3612.2888	8.549e2
3612.8206	3.017e2
3613.2419	4.769e2
3614.0903	2.704e3
3614.4648	3.464e2
3615.1455	7.707e2
3615.4609	5.636e1
3616.1511	7.138e2
3616.6873	1.247e3
3617.6494	2.705e3
3618.2815	1.883e3
3618.7446	1.178e3
3619.0244	1.558e3
3620.0278	2.101e3
3620.5610	2.473e2
3621.0464	9.002e2
3621.6528	5.560e2
3622.2029	1.672e3
3622.6833	1.155e3
3623.1926	2.314e3
3623.5293	1.258e3
3624.2083	1.809e3
3624.4604	3.553e2
3625.1692	2.083e3
3625.7644	1.720e2
3626.2463	1.192e3
3626.8564	7.002e2
3627.1228	8.864e2
3627.6108	7.077e2
3628.4170	1.580e3
3629.0454	1.216e3
3629.8210	2.924e2
3630.2864	1.872e2
3630.9363	1.987e3
3631.7385	7.521e2
3632.0930	1.275e3
3632.6001	3.282e1
3633.3110	7.465e2
3633.5623	6.965e2
3634.1226	3.451e2
3634.7412	7.811e2
3635.2083	1.001e3
3636.1296	1.557e3
3636.6875	2.716e2
3637.1494	1.269e3
3637.5984	2.324e2
3637.8640	5.090e2
3638.2034	2.028e3
3638.7649	1.114e3
3639.1045	2.235e3
3639.5896	2.347e3
3640.1941	9.957e2
3640.4675	1.600e2
3640.8364	1.540e3
3641.1641	7.653e2
3641.7756	6.469e2
3642.0667	2.749e2
3642.6460	3.157e2
3643.0488	3.165e2
3643.4446	1.390e3
3644.0000	1.213e3
3645.0676	6.879e1
3645.5825	1.218e3
3645.9841	2.221e2
3646.3352	8.353e2
3646.7424	1.259e3
3647.2661	1.321e2
3647.8491	5.077e2
3648.1719	4.132e2
3648.5188	1.193e3
3649.0854	2.367e3
3649.6880	1.210e2
3650.1777	1.900e3
3650.7952	7.126e2
3651.1453	4.693e2
3651.5708	4.441e2
3652.2400	1.340e3
3653.0686	2.289e3
3653.8315	2.376e2
3654.3398	1.692e3
3655.0903	1.775e3
3655.5613	1.567e2
3656.1880	7.056e2
3656.7676	4.479e0
3657.2246	8.973e2
3657.6240	9.688e2
3658.2627	1.480e3
3658.5610	5.690e2
3658.8704	8.307e2
3659.2532	2.849e3
3660.1179	7.755e2
3660.6855	1.173e2
3661.1953	5.590e2
3662.1367	2.601e3
3662.7253	8.897e2
3663.0559	1.120e3
3663.4695	3.234e3
3664.2163	1.239e3
3664.6584	1.085e3
3665.3103	9.286e2
3665.8457	1.322e3
3666.1331	1.676e3
3666.5828	1.271e3
3667.1755	1.502e3
3667.4675	3.083e2
3667.8774	2.126e2
3668.2209	9.102e2
3668.7173	2.942e2
3669.1086	3.897e2
3669.7659	2.527e2
3670.2876	2.327e3
3670.6643	9.231e2
3671.1963	1.661e3
3671.5686	1.575e3
3672.1216	7.784e2
3672.5715	2.384e2
3672.9292	1.281e3
3673.2241	1.011e3
3673.7275	1.449e3
3674.2209	9.564e2
3675.1709	1.197e3
3675.5156	5.557e2
3675.9109	2.698e2
3676.2610	5.292e1
3676.8003	6.003e2
3677.0881	1.130e3
3677.8540	2.775e2
3678.2385	1.495e3
3678.6914	1.065e3
3679.2107	8.166e3
3680.1975	9.628e3
3680.6621	1.175e3
3681.2041	8.842e3
3681.6877	6.005e2
3682.2107	7.548e3
3682.7507	1.157e3
3683.2014	4.783e3
3684.2126	2.749e3
3684.7947	3.336e2
3685.1484	1.567e3
3686.1826	1.604e3
3686.7195	4.321e2
3687.1511	2.610e2
3687.5283	6.541e2
3688.0730	9.048e2
3688.4458	2.441e3
3688.9885	2.756e3
3689.6282	1.947e3
3690.2148	1.468e3
3690.6865	3.553e2
3691.1172	1.827e3
3692.2004	1.480e3
3692.7983	2.590e2
3693.1768	1.741e3
3693.6416	8.982e2
3694.2131	2.424e3
3694.5276	2.185e3
3695.2024	2.149e3
3696.0432	9.868e2
3696.5793	1.197e2
3697.1729	8.411e2
3697.5337	2.051e3
3698.1907	2.282e3
3698.6926	1.156e3
3699.1694	2.193e3
3699.6643	2.350e2
3700.2366	9.949e2
3700.9207	1.339e3
3701.2456	1.232e3
3701.7830	5.309e2
3702.1406	1.117e3
3702.5332	1.670e3
3703.2346	8.226e2
3703.6128	8.872e2
3704.1897	6.102e2
3704.5417	1.519e2
3705.1912	1.056e3
3705.6033	4.140e2
3705.8987	1.775e2
3706.2310	1.008e3
3706.6875	1.226e3
3707.2063	4.632e3
3707.6858	7.620e2
3708.2053	8.317e3
3708.7900	7.565e2
3709.2183	9.583e3
3709.7690	1.008e3
3710.2395	8.124e3
3710.7344	1.414e3
3711.2104	4.387e3
3711.5659	6.738e2
3712.2429	3.161e3
3712.7561	1.324e3
3713.2793	2.157e3
3713.7173	8.244e2
3714.2424	1.072e3
3714.5645	2.209e2
3715.1636	8.436e2
3715.4216	7.900e2
3715.8494	3.154e2
3716.2061	4.687e2
3716.6177	3.589e2
3717.1299	5.618e2
3718.2371	1.090e3
3718.6443	1.385e3
3719.1958	3.908e3
3719.7976	7.183e2
3720.1919	7.422e2
3720.5173	2.345e2
3720.8591	3.165e2
3721.1975	6.936e2
3721.6919	9.040e2
3722.1985	2.384e3
3722.8164	1.066e3
3723.2917	2.134e2
3723.6050	9.902e2
3724.2405	1.778e3
3725.0566	1.886e3
3726.2319	1.463e3
3726.8999	1.329e3
3728.2891	2.602e3
3729.2349	2.166e3
3729.5151	1.152e3
3730.1868	9.482e2
3730.4219	1.301e3
3731.0723	4.899e2
3731.4241	2.996e2
3731.7678	1.468e0
3732.2805	5.379e2
3733.2415	1.228e3
3733.5283	1.051e3
3734.2366	2.441e3
3734.8286	5.775e2
3735.2534	1.408e3
3735.6475	9.508e1
3736.2253	2.261e3
3736.6763	1.634e3
3737.2380	2.815e3
3737.5659	5.092e2
3737.8706	2.226e2
3738.2502	2.093e3
3738.5603	6.626e2
3739.2273	1.410e3
3739.4629	6.514e2
3740.0925	1.098e3
3740.5488	2.059e2
3741.3901	4.310e2
3741.7898	2.378e2
3742.2881	7.744e2
3742.5208	1.106e3
3743.2786	2.430e3
3743.6633	7.514e2
3744.1648	7.352e2
3744.3606	6.270e2
3744.9893	1.081e3
3746.1348	2.184e3
3746.4265	1.275e3
3747.2639	1.367e3
3747.8726	3.670e2
3748.3916	2.096e3
3748.7603	4.712e2
3749.2603	1.867e3
3749.7944	4.500e2
3750.2471	2.062e3
3750.6707	1.321e3
3751.1628	4.457e3
3751.8198	2.054e3
3752.2292	3.538e3
3753.2544	2.828e3
3753.7439	9.152e2
3754.2456	2.408e3
3754.8728	1.193e3
3755.1577	1.379e3
3756.1829	1.483e3
3756.7910	4.704e2
3757.1877	1.331e3
3757.6240	4.300e2
3758.3535	1.902e3
3758.8445	1.429e3
3759.1553	1.092e3
3760.1992	4.303e3
3760.9653	2.003e3
3761.2542	1.883e3
3761.7219	9.300e2
3762.2122	2.444e3
3763.2419	1.490e3
3763.5601	1.135e3
3764.2788	1.722e3
3764.6836	1.007e3
3765.2063	1.295e3
3765.5613	2.686e2
3766.2610	2.453e3
3766.5925	4.708e2
3766.9158	1.178e3
3767.2205	1.255e3
3767.5605	3.305e2
3768.3613	2.255e3
3768.9226	2.230e3
3769.2617	1.868e3
3769.5625	1.412e3
3770.1982	2.218e3
3770.7361	8.719e2
3771.2239	3.506e3
3771.8503	6.516e2
3772.2234	3.324e3
3772.8794	5.768e2
3773.2380	2.031e3
3773.4607	1.009e3
3773.8711	5.227e2
3774.2222	2.107e3
3774.6514	1.999e3
3775.2178	1.881e3
3775.7515	7.481e2
3776.2036	2.014e3
3776.7236	4.361e2
3777.1975	1.080e3
3777.7087	9.343e2
3778.2285	4.098e3
3778.6904	3.233e3
3779.2107	6.235e3
3780.2017	3.559e3
3780.8982	9.757e2
3781.2251	3.741e3
3781.8040	1.760e3
3782.2129	2.837e3
3782.7424	1.114e3
3783.2732	3.392e3
3783.8950	3.607e2
3784.2480	1.871e3
3785.2019	1.345e3
3785.4629	5.037e2
3786.0806	1.789e3
3786.8357	7.797e2
3787.3054	6.116e2
3787.7715	1.181e3
3788.2756	2.365e3
3788.6992	1.589e3
3789.0557	5.763e2
3789.5681	1.247e3
3790.2302	1.669e3
3790.6218	1.104e3
3791.1851	1.923e3
3791.8296	1.431e3
3792.2893	2.116e3
3792.7417	1.055e3
3793.3286	3.165e3
3794.2102	2.223e3
3794.8250	1.210e3
3795.2832	1.386e3
3795.5613	3.905e2
3795.9734	1.116e3
3796.3203	2.322e3
3796.9614	5.322e2
3797.3806	1.870e3
3797.9519	9.118e2
3798.4951	2.926e3
3799.2148	2.928e3
3799.5603	7.808e2
3799.8303	1.679e3
3800.3462	1.482e3
3801.0940	1.850e3
3801.5154	1.389e3
3802.2505	1.258e3
3802.5613	1.172e3
3803.3716	1.693e3
3803.7612	2.824e2
3804.1917	1.562e3
3804.6604	1.225e2
3805.2517	1.287e3
3806.2388	3.926e3
3806.6731	9.271e2
3806.8862	6.581e2
3807.2351	2.566e3
3807.5620	1.001e3
3808.2522	2.388e3
3808.5266	1.471e3
3808.9109	2.102e3
3809.2793	2.150e3
3809.8337	9.119e2
3810.3181	1.524e3
3810.7898	5.703e2
3811.2290	2.226e3
3812.0847	6.777e2
3812.4309	2.038e2
3813.2446	1.173e3
3813.6287	1.146e3
3814.3638	2.318e3
3814.8052	2.496e3
3815.4031	1.295e3
3816.0808	3.608e3
3816.6807	9.281e2
3817.2581	4.226e3
3817.8123	3.366e2
3818.3938	4.395e3
3819.2900	5.145e3
3819.7607	8.670e2
3820.2861	2.718e3
3820.7429	4.851e2
3821.2805	2.894e3
3821.8611	5.750e2
3822.3018	3.081e3
3822.7898	5.943e2
3823.2686	3.396e3
3823.6921	2.234e3
3824.2212	2.399e3
3824.8281	3.636e2
3825.2537	6.951e2
3825.5608	1.241e2
3826.3271	2.354e3
3826.8154	7.719e2
3827.3110	2.391e3
3827.7986	1.009e3
3828.4883	4.726e3
3829.2244	1.251e3
3829.8894	7.603e2
3830.3235	1.984e3
3830.7808	7.841e2
3831.2478	1.473e3
3832.2815	3.357e3
3832.8052	1.278e3
3833.3115	4.616e3
3834.3123	4.270e3
3834.7991	8.626e2
3835.3062	1.582e4
3835.8425	8.525e2
3836.3020	2.781e4
3836.8179	9.970e2
3837.3054	3.118e4
3837.8367	8.607e2
3838.3059	2.428e4
3838.8906	1.296e3
3839.3069	1.429e4
3839.9500	2.781e2
3840.3076	5.875e3
3840.9102	1.624e3
3841.3303	4.428e3
3841.9302	1.488e3
3842.4082	3.150e3
3843.0979	4.377e3
3844.1692	2.559e3
3845.2576	2.420e3
3845.9519	7.721e2
3846.3289	2.619e3
3847.2896	3.582e3
3847.9609	1.250e3
3848.3220	5.337e3
3848.6650	2.671e3
3849.3069	3.565e3
3849.7019	2.780e3
3850.3130	5.041e3
3850.7952	1.494e3
3851.3020	4.009e3
3851.6975	5.189e2
3851.9500	1.090e3
3852.3118	3.738e3
3853.2864	3.450e3
3853.5605	5.073e2
3853.8291	7.914e2
3854.2971	2.767e3
3854.9253	1.264e3
3855.3496	1.452e3
3855.6125	1.638e3
3856.2986	8.209e2
3856.8108	1.284e3
3857.2952	1.172e3
3858.3359	2.705e3
3858.8267	1.869e3
3859.2751	3.499e3
3859.6128	1.953e3
3860.0847	2.554e3
3860.8140	1.433e3
3861.3442	1.184e3
3861.7664	1.061e3
3862.3916	5.207e3
3862.8298	1.868e3
3863.3203	7.677e3
3863.8057	1.301e3
3864.3171	9.838e3
3865.3218	1.060e4
3865.9128	8.936e2
3866.3171	8.879e3
3866.8640	5.458e2
3867.3462	5.959e3
3868.3630	4.620e3
3868.7224	2.820e3
3869.2966	3.043e3
3870.0354	2.832e3
3870.5366	2.290e3
3870.8782	1.052e3
3871.1882	2.185e3
3871.7922	1.898e3
3872.1670	9.439e2
3872.4138	1.219e3
3873.2180	2.928e3
3873.7605	6.290e2
3874.2383	1.989e3
3874.5549	1.542e3
3875.2742	1.688e3
3875.5618	4.306e2
3876.3093	2.854e3
3876.8914	9.398e2
3877.3521	2.721e3
3877.9521	1.258e3
3878.3508	4.574e3
3878.9131	1.206e3
3879.3262	3.159e3
3879.8242	5.567e2
3880.3120	3.481e3
3880.9253	1.459e3
3881.3083	2.971e3
3882.2529	3.518e3
3882.6604	2.694e2
3883.3201	2.198e3
3883.6353	1.350e3
3884.0330	7.972e2
3884.3240	9.986e2
3884.7285	5.841e2
3885.5493	1.074e3
3886.2471	1.789e3
3886.6045	2.086e3
3887.0642	1.199e3
3887.3132	1.531e3
3887.9482	1.817e3
3888.2305	1.236e3
3888.4617	1.226e3
3889.2368	3.314e3
3890.3345	4.116e3
3890.8032	1.085e3
3891.3416	6.372e3
3891.8174	8.951e2
3892.3564	8.343e3
3893.3423	6.536e3
3893.7617	7.754e2
3894.3328	5.965e3
3894.7393	6.324e2
3894.9604	3.582e2
3895.3430	3.458e3
3895.7202	1.300e3
3896.3276	2.600e3
3896.6604	5.267e2
3897.0239	2.015e3
3897.3164	1.515e3
3897.8201	1.610e3
3898.2495	2.359e3
3898.4607	2.390e3
3899.2126	2.501e3
3899.6284	1.393e3
3900.0649	1.316e3
3900.7847	6.938e2
3901.1638	1.749e3
3901.7556	6.249e2
3902.2966	1.966e3
3902.8135	8.572e2
3903.3979	2.428e3
3903.7168	1.361e3
3904.3428	3.938e3
3904.7900	1.889e3
3905.3699	4.323e3
3905.8867	1.420e3
3906.3716	5.116e3
3906.7444	8.243e2
3907.3379	6.416e3
3907.6826	3.911e2
3908.2759	1.096e4
3908.9639	1.160e3
3909.3110	5.150e3
3909.7949	9.879e2
3910.3088	3.937e3
3910.6311	1.610e3
3911.2632	3.375e3
3911.9307	7.707e2
3912.2932	1.054e3
3912.6160	2.742e2
3913.3738	3.794e3
3913.8601	8.924e2
3914.3079	2.288e3
3915.2786	3.341e3
3915.7249	8.312e2
3916.2524	4.736e3
3916.6621	1.089e3
3916.8625	6.989e2
3917.2854	6.323e3
3918.2773	1.022e4
3918.6606	1.916e3
3919.3101	6.473e3
3919.8860	1.962e3
3920.3083	4.073e3
3920.7939	1.532e3
3921.3145	4.014e3
3921.8640	1.322e3
3922.3149	4.663e3
3922.7214	1.928e3
3923.3369	3.627e3
3923.7678	1.295e3
3924.0886	7.604e2
3924.3240	1.879e3
3925.3218	2.504e3
3925.6340	1.145e3
3925.9897	1.204e3
3926.2769	2.057e3
3926.7639	7.967e2
3927.1936	2.184e3
3927.8867	1.346e3
3928.4785	3.322e3
3929.3120	2.043e3
3929.5605	7.415e2
3930.2927	2.166e3
3930.7253	4.728e2
3931.3376	3.336e3
3931.8933	9.008e2
3932.3154	4.024e3
3932.8806	1.464e3
3933.3240	4.186e3
3933.8450	1.721e3
3934.3760	8.324e3
3934.8552	8.813e2
3935.3750	1.276e4
3935.9080	9.249e2
3936.3760	1.175e4
3936.8652	1.533e3
3937.3721	9.873e3
3937.8406	1.793e3
3938.3938	9.506e3
3939.3525	5.409e3
3939.8398	1.734e3
3940.4045	6.376e3
3941.3455	2.031e3
3941.8899	1.672e3
3942.3726	2.206e3
3942.7202	1.356e3
3943.3228	2.297e3
3943.6609	7.938e2
3944.3115	2.506e3
3945.3027	2.122e3
3945.7268	9.204e2
3946.3328	3.126e3
3946.7324	1.072e3
3947.3750	3.670e3
3947.8127	1.537e3
3948.3875	4.042e3
3948.8123	1.520e3
3949.3979	7.573e3
3949.9519	2.870e3
3950.3955	7.963e3
3950.8157	1.751e3
3951.3950	6.870e3
3951.8457	1.457e3
3952.3997	5.842e3
3952.7434	1.387e3
3953.3882	5.056e3
3953.6658	7.492e2
3953.9202	1.139e3
3954.3916	3.634e3
3954.9717	6.784e2
3955.3491	1.509e3
3955.5608	6.913e2
3955.8696	1.536e3
3956.2747	2.006e3
3956.8044	9.047e2
3957.3477	2.937e3
3958.3462	3.824e3
3958.7136	4.523e3
3959.3108	4.556e3
3959.6626	1.440e3
3960.3127	6.023e3
3960.9709	1.131e3
3961.3281	4.774e3
3961.8022	2.332e3
3962.3784	5.191e3
3962.8833	9.398e2
3963.3926	6.011e3
3963.8931	9.556e2
3964.3542	6.029e3
3964.8816	1.240e3
3965.3906	3.467e3
3965.8267	1.579e3
3966.3789	3.326e3
3967.2915	4.642e3
3967.8745	1.988e3
3968.3704	4.317e3
3969.0374	1.885e3
3969.3787	2.219e3
3970.0510	2.532e3
3970.3267	2.185e3
3970.7566	1.100e3
3971.2615	2.452e3
3972.2903	3.013e3
3972.6292	9.925e2
3973.3845	6.726e3
3973.6604	1.087e3
3974.3892	1.300e4
3974.8894	1.456e3
3975.3936	1.354e4
3975.9426	1.776e3
3976.3894	1.337e4
3976.8208	2.025e3
3977.3909	1.888e4
3977.9187	1.144e3
3978.3931	2.469e4
3978.8894	2.395e3
3979.3958	2.547e4
3979.9233	1.135e3
3980.3977	1.891e4
3980.8484	2.061e3
3981.3914	1.565e4
3982.0825	3.152e3
3982.3894	8.526e3
3983.0457	1.459e3
3983.3965	4.760e3
3983.7183	1.300e3
3984.3445	3.388e3
3984.8967	1.941e3
3985.3191	2.961e3
3985.5613	2.113e3
3986.3091	4.363e3
3986.8423	8.195e2
3987.2910	2.796e3
3988.3142	7.530e3
3988.6609	1.910e3
3989.3489	8.328e3
3990.3770	1.328e4
3990.8123	3.462e3
3991.4045	2.633e5
3991.8650	3.895e3
3992.4067	5.453e5
3992.8662	5.047e3
3993.4082	6.018e5
3993.9150	6.370e3
3994.4097	4.626e5
3994.9189	5.865e3
3995.4104	2.825e5
3995.9177	6.384e3
3996.4138	1.444e5
3996.9187	5.360e3
3997.4131	6.430e4
3997.9863	2.796e3
3998.4077	2.533e4
3998.7622	1.014e3
3999.0610	1.839e3
3999.4138	1.136e4
3999.8533	1.290e3
4000.4048	5.457e3
4000.7327	2.147e3
4001.3528	4.400e3
4002.3450	7.855e3
4002.9443	1.322e3
4003.3821	5.447e3
4003.7139	1.521e3
4004.3540	5.994e3
4004.8262	1.305e3
4005.4175	2.530e4
4005.8684	2.050e3
4006.4155	5.025e4
4006.8623	1.265e3
4007.4207	5.419e4
4007.9695	1.655e3
4008.4211	4.352e4
4008.9612	2.570e3
4009.4163	2.726e4
4009.9363	1.931e3
4010.4189	1.573e4
4010.8616	1.057e3
4011.0608	6.410e2
4011.4202	7.970e3
4011.9875	1.804e3
4012.4114	5.210e3
4012.9348	1.709e3
4013.3987	6.266e3
4013.9224	1.675e3
4014.3687	5.201e3
4014.8035	3.280e3
4015.3772	5.862e3
4015.7681	1.228e3
4016.3289	8.571e3
4016.9053	1.429e3
4017.3850	6.662e3
4017.8608	9.523e2
4018.3752	4.446e3
4018.9146	2.812e3
4019.3923	9.316e3
4019.9246	1.373e3
4020.3999	1.258e4
4020.8616	5.000e2
4021.4041	1.417e4
4021.9160	1.207e3
4022.4080	1.041e4
4022.9055	1.650e3
4023.4080	9.299e3
4023.9241	2.269e3
4024.4031	5.349e3
4024.9160	1.677e3
4025.4294	3.826e3
4026.0979	1.558e3
4026.3784	2.853e3
4026.7095	8.219e2
4027.3696	4.600e3
4027.8196	7.943e2
4028.3672	4.860e3
4028.8823	1.697e3
4029.3582	9.765e3
4029.9033	1.999e3
4030.3630	1.783e4
4030.8611	1.349e3
4031.3550	1.642e4
4031.8018	2.103e3
4032.3699	1.307e4
4032.9556	1.190e3
4033.3669	1.137e4
4033.8962	1.355e3
4034.3906	1.087e4
4034.9414	5.419e2
4035.4006	1.008e4
4036.4058	8.476e3
4036.7634	7.844e2
4037.3955	6.904e3
4037.9509	1.441e3
4038.3853	5.743e3
4039.3784	5.942e3
4040.0310	1.557e3
4040.3198	1.571e3
4040.8452	1.117e3
4041.3835	3.454e3
4042.3491	4.079e3
4042.6113	2.223e3
4042.9941	5.487e2
4043.3621	3.560e3
4043.9084	2.007e3
4044.3284	6.166e3
4044.8718	1.979e3
4045.3203	1.021e4
4045.8789	7.569e2
4046.3293	1.378e4
4046.6611	2.025e3
4047.3416	1.281e4
4047.8286	1.048e3
4048.3853	2.022e4
4049.4045	2.037e4
4049.9480	8.336e2
4050.4133	1.847e4
4051.4150	1.715e4
4051.9177	1.755e3
4052.4124	1.109e4
4053.3994	7.299e3
4054.0901	1.963e3
4054.4016	5.230e3
4054.9648	8.218e2
4055.3774	4.048e3
4055.8247	1.562e3
4056.3672	3.098e3
4056.8713	9.635e2
4057.3896	4.439e3
4058.4321	6.629e3
4058.9104	1.711e3
4059.3928	5.192e3
4060.3699	5.858e3
4060.7134	1.378e3
4061.3694	5.783e3
4061.6626	9.450e2
4061.9910	4.866e2
4062.4063	1.012e4
4063.4141	1.446e4
4063.8115	1.546e3
4064.4124	1.668e4
4064.9929	1.058e3
4065.4128	1.580e4
4065.9529	1.577e3
4066.4092	1.316e4
4066.9377	1.513e3
4067.3879	8.508e3
4068.3538	1.201e4
4069.3274	6.521e3
4069.9180	1.064e3
4070.4060	4.786e3
4070.7605	6.152e2
4071.3513	4.716e3
4071.8577	1.847e3
4072.3582	6.442e3
4072.9180	1.581e3
4073.3616	7.219e3
4073.8628	8.538e2
4074.3799	5.333e3
4075.0286	2.967e3
4075.4026	6.854e3
4076.3765	8.608e3
4077.3950	4.952e3
4077.7300	2.588e3
4078.3958	6.547e3
4078.7625	1.500e3
4079.3831	7.862e3
4079.8711	1.977e3
4080.4026	5.826e3
4080.8152	8.484e2
4081.3413	4.792e3
4081.7603	1.719e3
4082.3540	4.614e3
4082.8501	7.977e2
4083.3145	5.465e3
4083.9036	1.932e3
4084.3271	5.299e3
4084.8496	1.292e3
4085.3169	3.996e3
4085.7205	6.172e2
4086.3237	4.863e3
4086.8665	1.435e3
4087.3757	7.607e3
4087.8293	1.532e3
4088.3955	1.216e4
4088.7290	1.756e3
4089.3894	2.609e4
4089.9155	1.467e3
4090.3911	4.180e4
4090.8638	1.333e3
4091.3962	4.399e4
4091.7605	1.906e3
4092.3940	3.651e4
4092.9392	1.266e3
4093.3938	2.613e4
4093.9375	1.737e3
4094.3928	1.600e4
4094.9604	5.330e2
4095.3923	7.624e3
4095.8442	8.201e2
4096.3979	5.857e3
4096.9917	7.086e2
4097.3853	3.728e3
4097.8345	8.187e2
4098.3667	3.200e3
4098.8564	1.101e3
4099.3228	3.529e3
4100.3291	3.949e3
4100.9932	6.819e2
4101.3843	3.460e3
4101.8271	2.276e3
4102.3794	6.446e3
4102.9502	1.826e3
4103.4043	8.532e3
4104.3911	7.805e3
4105.3994	8.654e3
4105.8745	1.134e3
4106.4106	7.815e3
4106.9082	1.096e3
4107.4053	5.784e3
4107.8311	2.235e3
4108.4590	6.030e3
4109.3271	4.626e3
4109.9497	6.255e2
4110.4268	3.647e3
4110.9692	1.628e3
4111.3232	6.717e3
4112.3643	5.433e3
4112.9185	1.432e3
4113.3599	6.099e3
4113.9414	1.330e3
4114.3525	8.359e3
4115.3428	6.541e3
4116.3530	5.246e3
4116.9609	6.276e2
4117.3550	3.955e3
4117.9912	9.794e2
4118.3579	5.308e3
4118.8950	1.331e3
4119.3750	4.247e3
4120.3784	7.038e3
4121.3667	5.090e3
4121.9819	9.055e2
4122.4170	3.654e3
4122.9995	7.510e2
4123.3940	3.821e3
4123.8408	9.992e2
4124.3784	3.249e3
4124.9995	6.505e2
4125.3799	2.843e3
4125.8647	4.457e2
4126.2949	2.663e3
4126.6201	1.852e3
4127.3198	6.645e3
4127.8193	1.655e3
4128.3228	1.177e4
4128.9336	2.578e3
4129.3311	1.295e4
4129.9272	1.431e3
4130.3418	1.064e4
4130.9517	7.521e2
4131.3574	8.041e3
4132.3472	7.651e3
4132.9438	6.197e2
4133.3799	5.937e3
4133.8335	1.123e3
4134.3672	5.734e3
4135.3696	6.635e3
4135.9463	8.094e2
4136.3643	5.486e3
4136.8608	4.246e2
4137.3452	4.834e3
4138.3779	7.198e3
4138.6636	2.929e3
4139.3779	4.334e3
4139.8604	5.370e2
4140.3042	3.522e3
4140.7935	1.080e3
4141.3164	4.585e3
4141.8462	1.581e3
4142.3203	7.082e3
4142.8936	4.138e2
4143.3164	1.032e4
4143.8892	7.063e2
4144.3135	1.307e4
4145.3296	1.373e4
4145.9326	9.366e2
4146.3599	1.039e4
4147.3809	9.576e3
4147.9243	1.548e3
4148.3789	7.845e3
4148.7622	1.391e3
4149.3726	5.462e3
4149.9380	1.234e3
4150.3599	4.673e3
4150.8213	1.581e3
4151.3452	3.511e3
4151.8188	8.557e2
4152.3208	3.052e3
4153.2817	4.321e3
4153.6626	1.106e3
4154.3379	2.668e3
4154.8735	3.512e2
4155.2827	2.120e3
4156.2407	4.290e3
4156.8511	1.844e3
4157.3696	3.756e3
4157.6606	1.142e3
4158.4419	8.704e3
4159.3687	5.826e3
4160.0396	2.206e3
4160.4038	5.177e3
4160.9487	9.413e2
4161.4009	5.229e3
4161.9585	1.146e3
4162.4336	5.879e3
4163.3979	6.199e3
4164.3394	4.314e3
4164.8779	3.240e2
4165.3242	3.753e3
4165.7251	1.753e3
4166.3115	4.097e3
4166.8262	9.168e2
4167.3086	3.867e3
4167.8789	1.145e3
4168.3262	5.054e3
4168.8799	1.183e3
4169.2905	4.509e3
4169.9419	9.749e2
4170.3555	3.863e3
4171.2998	3.015e3
4171.8369	1.405e3
4172.4434	3.567e3
4172.8354	1.226e3
4173.2686	3.778e3
4173.9780	1.423e3
4174.4087	4.923e3
4175.3242	4.072e3
4175.7622	6.711e2
4176.3193	2.313e3
4177.2852	4.536e3
4177.8242	1.409e3
4178.4512	6.263e3
4178.9868	1.370e3
4179.3232	4.461e3
4179.8721	4.682e2
4180.3198	3.662e3
4180.8169	1.372e3
4181.2817	3.176e3
4181.6855	4.655e2
4181.9980	1.037e3
4182.3188	4.661e3
4183.2808	4.168e3
4183.6973	2.153e3
4184.2905	4.495e3
4184.8179	1.003e3
4185.2974	2.634e3
4185.6606	8.512e2
4186.3198	3.794e3
4186.8701	3.889e2
4187.3413	3.815e3
4187.6606	9.827e2
4188.3545	5.271e3
4188.6606	1.061e3
4189.3433	7.240e3
4190.3345	7.651e3
4191.3550	4.641e3
4191.8228	2.078e3
4192.3511	4.831e3
4192.8779	1.188e3
4193.3052	5.035e3
4194.2412	4.123e3
4195.3535	2.853e3
4195.8296	8.313e2
4196.3267	2.462e3
4197.2515	4.055e3
4198.3218	4.640e3
4198.8491	1.462e3
4199.2534	3.295e3
4199.7295	4.075e3
4200.3394	2.183e3
4200.7251	1.562e3
4201.3608	3.794e3
4201.8364	1.069e3
4202.3877	3.934e3
4202.8691	7.680e2
4203.2954	3.424e3
4203.9951	1.040e3
4204.2852	2.412e3
4204.7549	1.038e3
4205.3516	2.673e3
4205.9443	1.136e3
4206.3193	2.612e3
4207.2349	2.146e3
4207.7388	9.550e2
4208.2344	1.567e3
4208.6201	1.118e3
4209.3408	2.996e3
4210.2686	4.830e3
4210.7134	1.857e3
4211.2954	3.359e3
4211.7681	5.752e2
4212.3013	3.815e3
4212.5615	1.405e3
4213.3013	3.775e3
4213.6611	7.659e2
4213.9980	1.159e3
4214.2998	3.041e3
4214.6250	1.622e3
4215.3433	3.565e3
4215.8677	8.430e2
4216.4575	4.083e3
4216.7603	7.267e2
4217.3911	4.252e3
4218.4219	4.971e3
4219.1772	2.510e3
4219.4170	2.897e3
4220.2715	3.274e3
4221.3130	1.281e3
4221.5625	5.274e2
4222.1802	3.852e3
4222.6401	2.899e3
4223.2915	3.403e3
4223.6860	3.081e3
4224.2861	3.552e3
4225.2930	3.668e3
4226.3003	6.404e3
4227.3569	5.791e3
4228.3599	9.712e3
4229.3052	4.633e3
4229.8618	6.044e2
4230.3281	3.935e3
4230.8662	2.477e2
4231.2852	1.996e3
4231.9897	9.395e2
4232.3091	2.013e3
4232.6606	3.544e2
4233.3286	5.865e3
4234.2158	3.380e3
4234.6118	1.893e3
4235.3135	2.250e3
4235.7817	2.449e2
4236.2827	2.174e3
4236.8418	1.252e3
4237.2207	1.639e3
4237.6450	1.231e3
4238.3970	6.591e3
4238.7603	1.279e3
4239.2412	3.332e3
4239.8979	7.601e2
4240.2485	3.349e3
4240.8237	7.690e2
4241.3071	4.444e3
4242.2749	4.595e3
4242.8794	3.069e2
4243.4277	5.621e3
4244.3760	5.363e3
4245.4482	3.248e3
4245.9595	7.580e2
4246.4004	4.786e3
4247.3364	6.540e3
4248.2646	2.466e3
4248.4609	2.111e3
4248.9492	1.251e3
4249.3984	4.422e3
4250.2578	2.446e3
4250.4619	1.359e3
4250.8125	8.743e2
4251.2930	2.311e3
4251.5610	5.733e2
4252.2666	2.290e3
4252.6743	5.891e2
4252.9785	8.615e2
4253.2212	2.012e3
4254.3477	3.100e3
4255.1167	2.666e3
4255.3608	1.527e3
4255.7964	1.317e3
4256.3066	2.138e3
4257.0659	1.492e3
4257.3711	1.555e3
4258.1748	5.337e3
4259.2534	1.787e3
4259.6768	3.890e3
4260.4375	2.089e3
4260.9580	1.485e3
4261.3237	2.244e3
4261.9629	1.026e3
4262.2725	1.239e3
4262.5835	2.294e3
4263.2427	2.083e3
4263.5640	1.308e3
4264.2817	3.358e3
4264.7222	1.357e3
4265.2764	3.425e3
4266.2651	3.670e3
4267.1841	3.017e3
4267.8218	8.912e2
4268.2324	2.335e3
4268.4614	2.107e3
4269.2671	1.972e3
4269.5610	6.130e2
4270.3613	3.430e3
4270.8164	1.500e3
4271.3262	3.595e3
4271.9419	9.525e2
4272.2632	1.302e3
4272.6177	2.144e3
4272.9966	9.502e2
4273.2388	2.220e3
4273.5635	1.273e3
4274.2368	3.955e3
4275.4233	2.944e3
4276.1060	2.969e3
4276.7705	7.793e2
4277.0981	1.767e3
4277.3623	7.823e2
4278.2256	3.093e3
4278.6172	1.929e3
4279.2339	2.943e3
4279.6606	6.310e2
4280.2598	2.737e3
4280.5601	6.330e2
4281.2134	3.131e3
4282.2534	4.503e3
4282.7744	3.028e3
4283.2642	3.131e3
4283.6621	8.526e2
4284.3218	2.306e3
4284.8335	5.430e2
4285.2109	1.877e3
4285.7637	4.926e2
4286.3135	2.841e3
4287.3013	2.139e3
4287.6621	5.497e2
4288.2100	2.729e3
4288.5151	2.223e3
4289.2168	4.419e3
4290.3052	1.963e3
4290.8550	6.373e2
4291.3140	1.690e3
4291.7256	7.309e2
4292.2095	1.911e3
4292.5273	7.777e2
4293.1885	1.835e3
4293.7031	2.367e3
4294.3013	3.271e3
4294.8447	2.067e3
4295.1401	2.275e3
4296.1816	3.325e3
4297.2397	1.942e3
4297.7783	5.218e2
4298.4385	3.255e3
4298.9619	1.056e3
4299.3008	1.625e3
4299.6313	7.831e2
4300.1641	3.639e3
4300.7344	9.990e2
4301.4180	3.162e3
4302.2817	1.904e3
4302.5615	1.352e3
4303.1416	3.257e3
4303.4624	1.367e3
4304.1094	2.341e3
4304.3618	1.406e3
4305.2485	1.080e3
4305.5972	4.122e2
4305.8882	8.061e2
4306.4111	3.449e3
4307.1567	1.126e3
4307.3608	1.112e3
4308.2817	2.893e3
4308.8887	6.893e2
4309.2427	1.386e3
4309.5938	9.205e2
4309.9351	2.213e3
4310.4561	4.206e3
4311.1475	2.757e3
4311.6914	1.373e3
4312.3311	3.831e3
4313.2021	3.070e3
4313.6333	1.572e3
4314.2783	2.599e3
4314.7349	7.269e2
4315.2651	1.137e3
4316.1157	2.513e3
4316.4268	1.523e3
4317.1924	2.434e3
4317.4609	1.486e3
4318.2046	3.551e3
4318.5137	2.009e3
4319.2642	3.445e3
4319.8301	8.157e2
4320.3198	2.704e3
4320.8745	1.064e3
4321.2222	2.334e3
4321.6724	1.260e3
4322.1436	2.142e3
4322.7168	2.760e3
4323.2427	1.129e3
4323.7354	1.099e3
4324.2026	3.871e3
4325.2705	3.208e3
4326.2651	3.261e3
4326.5635	8.559e2
4327.2231	3.128e3
4327.7339	1.832e3
4328.3188	1.766e3
4328.7788	2.030e3
4329.2998	1.876e3
4329.6631	2.988e2
4330.2583	1.874e3
4330.4629	1.356e3
4331.1821	2.141e3
4331.8867	1.323e3
4332.1924	2.948e2
4332.5562	1.149e3
4332.9360	1.569e3
4333.2241	1.729e3
4333.8198	1.577e3
4334.2637	2.236e3
4335.1157	1.552e3
4335.5562	1.535e3
4336.1807	1.382e3
4336.5161	1.061e3
4337.2173	2.757e3
4337.9492	1.374e3
4338.3208	2.514e3
4338.5610	1.340e3
4338.8633	5.582e2
4339.2583	1.956e3
4339.5605	8.851e2
4340.2705	3.037e3
4341.2783	1.797e3
4342.1973	2.250e3
4342.5630	4.605e2
4342.8960	1.150e3
4343.6567	3.078e3
4344.0903	1.766e3
4345.2212	3.228e3
4345.8970	7.698e2
4346.2358	1.816e3
4346.4609	8.776e2
4346.8169	8.350e2
4347.3140	1.142e3
4347.7954	1.716e3
4348.2476	1.692e3
4348.4990	8.040e2
4348.7231	1.720e3
4349.2329	1.358e3
4349.5298	1.462e3
4350.1807	1.493e3
4350.7148	8.239e2
4351.2676	1.307e3
4351.8911	9.884e2
4352.1641	6.053e2
4352.5762	8.395e2
4353.2183	1.480e3
4353.6689	6.895e2
4354.0615	1.430e3
4354.4316	3.746e3
4355.1528	1.236e3
4355.4624	4.876e2
4355.7725	2.627e2
4356.0791	6.009e2
4356.3218	9.305e2
4357.1470	1.867e3
4357.7637	9.113e2
4358.1875	2.067e3
4358.4634	6.412e2
4358.8174	3.549e3
4359.6040	8.807e2
4360.1333	1.784e3
4360.8828	8.893e2
4361.2451	1.843e3
4362.2251	2.118e3
4362.6294	9.699e2
4363.1445	1.238e3
4363.5332	2.010e3
4364.2051	2.405e3
4364.6724	7.748e2
4365.3032	3.335e3
4366.1147	3.839e3
4366.6240	1.594e3
4367.1406	1.524e3
4367.5054	1.857e3
4367.8813	1.015e3
4368.2051	2.201e3
4368.7109	1.985e3
4369.2729	1.833e3
4369.6157	1.044e3
4370.1982	1.394e3
4370.6191	2.020e3
4371.0889	1.508e3
4371.7612	1.079e3
4372.1899	1.812e3
4372.4629	8.455e2
4372.8428	5.666e2
4373.2915	1.525e3
4373.6865	1.057e3
4374.1470	1.182e3
4374.5049	1.766e3
4375.2158	8.022e2
4376.2017	1.460e3
4376.5166	1.102e3
4377.1279	5.580e2
4377.5171	1.095e3
4377.8584	1.044e3
4378.2212	2.356e3
4378.8984	1.412e3
4379.4849	2.702e3
4380.2129	2.531e3
4381.1919	2.771e3
4381.7285	2.130e3
4382.1846	2.373e3
4382.7666	3.596e2
4383.2158	1.992e3
4383.5581	7.413e2
4383.8994	4.112e2
4384.3154	2.182e3
4384.7715	5.234e2
4385.1719	3.552e2
4385.5913	4.370e2
4386.2617	4.942e2
4387.2065	1.495e3
4387.7876	4.075e2
4388.1538	1.094e3
4388.4185	9.591e2
4388.8955	2.960e2
4389.2896	9.186e2
4389.7158	1.186e3
4390.5293	3.561e3
4391.2476	2.505e3
4392.0332	3.425e2
4392.4927	9.095e2
4392.8311	4.516e2
4393.1982	1.116e3
4393.7959	8.607e2
4394.1313	7.471e2
4394.4419	6.621e2
4395.1440	7.457e2
4395.7266	8.579e2
4396.0269	5.203e2
4396.3789	7.769e2
4397.1694	1.670e3
4397.7959	3.161e2
4398.1914	1.014e3
4398.5361	1.677e3
4399.1758	2.169e3
4399.7544	1.570e3
4400.3574	1.277e3
4401.3208	2.685e3
4401.7202	1.090e3
4402.2295	2.062e3
4402.6147	1.419e3
4403.2212	1.914e3
4404.1685	2.118e3
4405.2075	1.160e3
4405.9063	1.342e3
4406.3281	4.031e2
4406.7866	5.154e2
4407.0532	1.076e3
4407.4136	8.215e2
4408.2295	2.904e3
4409.0527	3.378e3
4409.5195	1.110e3
4410.1143	5.517e2
4410.5625	1.021e3
4411.2222	6.070e2
4411.4609	2.873e2
4412.0474	1.300e3
4412.8330	6.563e2
4413.2935	1.439e3
4413.6807	3.084e2
4414.0864	1.335e3
4414.5874	1.643e3
4415.2900	1.859e3
4416.2295	4.703e2
4416.7485	2.917e2
4417.1353	1.125e3
4417.5454	1.066e3
4418.3706	2.561e3
4419.1709	6.546e2
4419.4932	2.309e3
4419.9253	7.088e2
4420.3843	2.489e3
4420.9580	1.047e3
4421.5146	8.397e2
4422.1353	1.186e3
4422.6938	1.961e3
4423.1753	1.047e3
4423.7476	3.681e2
4424.1367	9.043e2
4424.7588	5.250e2
4425.0654	3.907e2
4425.3726	2.205e2
4425.6587	3.646e2
4426.1001	1.907e3
4426.6362	1.243e3
4427.1797	1.270e3
4427.7407	5.075e2
4428.1958	1.284e3
4428.7207	1.224e3
4429.0303	9.859e2
4429.5698	1.353e3
4430.2393	2.340e3
4430.6543	1.267e3
4431.0034	4.243e3
4431.5693	2.340e3
4432.1401	2.352e3
4432.6978	8.259e2
4433.1997	8.436e2
4433.7178	1.270e3
4434.1167	7.336e2
4434.4634	2.449e2
4434.9009	1.526e3
4435.4868	3.285e2
4435.9878	1.930e3
4437.1099	3.715e3
4437.5835	3.530e2
4438.2251	2.678e3
4438.7207	7.564e2
4439.2319	1.139e3
4439.5889	1.301e3
4440.1611	5.091e2
4440.4863	8.753e2
4441.0732	9.256e2
4441.6128	9.626e2
4442.0200	1.614e3
4442.5620	1.571e3
4442.8618	2.201e3
4443.7725	2.145e3
4444.2759	1.333e3
4444.6113	7.743e2
4444.9209	6.949e2
4445.2363	9.393e2
4445.5659	3.776e2
4445.9707	4.454e2
4446.3330	9.323e2
4447.0229	8.605e2
4447.2622	4.589e2
4447.5620	2.363e2
4447.8354	3.026e2
4448.2520	7.017e2
4449.0356	7.362e2
4449.6265	1.147e3
4450.1719	1.502e3
4450.9370	1.064e3
4451.5723	1.456e2
4452.0093	4.844e2
4452.3213	3.014e2
4452.7593	1.948e3
4453.1230	1.157e3
4453.8184	2.415e3
4454.0605	1.475e3
4454.9146	8.495e2
4455.5083	2.160e2
4456.2344	8.476e2
4457.1099	1.564e3
4457.5278	7.970e2
4457.9604	1.311e3
4458.4331	6.746e2
4458.7939	1.091e3
4459.2124	1.178e3
4459.7778	9.719e1
4460.1899	8.223e2
4460.6831	3.846e2
4461.1431	8.211e2
4462.0820	1.468e3
4462.4126	6.851e2
4462.7622	2.227e2
4463.3081	2.092e3
4463.8833	1.135e3
4464.3062	1.836e3
4465.0327	1.302e3
4465.4619	2.523e2
4466.1265	9.300e2
4466.6089	9.018e2
4467.1606	1.016e3
4467.7852	8.544e2
4468.2207	3.554e3
4468.9648	9.024e2
4469.4688	2.158e3
4470.0464	6.855e2
4470.3926	5.697e2
4470.6235	1.072e3
4471.1943	1.909e3
4471.4619	7.551e2
4471.8750	9.958e2
4472.1182	1.520e3
4472.6279	4.757e2
4473.0884	9.025e2
4473.6943	4.499e2
4474.1748	9.310e2
4474.5454	3.212e3
4475.1724	8.124e2
4475.7075	1.839e3
4476.9912	2.081e3
4477.5391	2.202e2
4478.0327	3.243e3
4478.7832	2.715e3
4479.1465	1.880e3
4479.4634	8.991e2
4480.4263	2.880e3
4481.1538	1.091e3
4481.7993	2.811e3
4482.7285	7.251e2
4483.1641	7.693e2
4483.3623	5.597e2
4483.6636	4.863e2
4484.3159	7.276e2
4484.9824	1.092e3
4485.3174	7.094e2
4486.0835	3.782e3
4486.5151	8.244e2
4486.9863	8.311e2
4487.5786	1.227e2
4488.1587	1.341e3
4488.6538	1.332e3
4489.2705	1.892e3
4489.7739	5.900e2
4490.0376	8.327e2
4490.3936	1.222e3
4490.8057	1.306e3
4491.1143	6.695e2
4492.1108	2.200e3
4492.6172	1.489e3
4493.1060	1.400e3
4493.6992	9.007e2
4494.3052	1.270e3
4494.8896	1.605e3
4495.2983	1.077e3
4496.0762	1.966e2
4496.4219	4.067e2
4496.6611	1.908e2
4497.1895	4.370e2
4497.6914	1.600e3
4498.2515	3.307e3
4498.6860	1.747e3
4499.1343	7.741e2
4499.4131	4.469e2
