3500.7751	6.095e2
3501.0889	3.783e2
3501.3174	6.496e2
3501.8574	1.552e3
3502.1340	1.518e3
3502.8042	3.319e3
3503.2136	2.131e3
3503.8276	5.851e2
3504.2949	1.384e3
3504.7498	1.059e3
3505.2012	1.978e2
3505.6589	7.559e2
3506.0383	2.019e3
3506.4973	5.983e2
3506.9155	1.711e3
3507.8474	4.999e2
3508.2644	1.609e3
3508.8406	4.243e3
3509.6179	1.977e3
3510.0962	1.011e3
3510.4043	2.534e3
3510.8708	7.494e3
3512.0425	1.442e3
3512.4255	1.960e3
3512.8438	3.399e2
3513.2605	2.142e3
3513.7410	1.407e3
3514.4688	2.446e3
3515.0063	1.582e3
3515.6504	7.001e2
3516.1792	1.017e3
3516.5159	3.413e2
3517.1326	3.286e2
3517.5029	6.580e2
3518.3394	3.026e3
3518.8547	3.219e3
3519.2153	1.137e3
3519.7900	1.890e3
3520.4487	3.933e3
3520.8125	1.461e3
3521.1289	7.602e2
3521.5212	2.221e3
3522.2229	2.330e3
3522.6033	2.404e3
3523.4294	1.374e3
3523.9944	1.539e3
3524.3154	6.352e2
3524.8391	1.263e3
3525.3196	3.658e2
3525.7358	1.372e3
3526.3447	1.930e3
3526.8728	2.753e3
3527.3184	1.384e3
3527.7217	1.029e3
3528.4468	1.346e3
3528.7678	1.988e3
3529.2214	1.545e3
3529.7434	2.094e3
3530.1580	4.718e3
3530.5862	1.492e3
3531.0010	2.074e3
3531.3147	8.726e2
3531.8826	1.594e3
3532.2236	6.986e2
3532.8477	1.219e3
3533.8875	1.357e3
3534.3679	1.586e3
3535.0332	1.070e3
3535.4048	1.824e3
3535.7815	1.173e3
3536.0525	1.421e3
3536.4138	3.934e2
3536.9146	1.376e3
3537.8496	2.148e3
3538.5444	4.864e3
3538.7617	3.154e3
3539.1201	4.202e3
3539.6760	1.088e3
3540.3130	2.602e3
3540.8447	2.657e3
3541.8127	1.188e3
3542.0896	4.661e2
3542.3218	8.574e2
3542.8208	3.076e3
3543.3228	6.633e2
3543.7410	3.679e2
3544.0825	6.258e2
3544.4395	2.143e3
3544.7607	3.637e2
3545.3237	9.753e2
3545.7654	1.891e2
3546.1260	5.440e2
3546.5684	3.880e3
3547.0637	4.495e2
3547.4927	4.242e2
3547.8862	1.932e3
3548.2344	9.882e2
3548.8691	1.950e3
3549.1177	2.159e3
3549.7302	1.319e3
3550.2131	7.379e2
3551.1250	2.188e3
3552.1904	1.096e3
3552.7466	1.802e3
3553.2163	7.845e2
3553.6362	1.438e3
3554.2158	1.413e3
3554.6201	1.162e3
3554.9951	1.516e3
3555.7598	1.408e2
3556.1611	4.182e3
3556.9043	1.040e3
3557.1628	5.507e2
3558.1360	1.753e3
3558.5112	6.657e3
3558.9214	1.180e3
3559.4063	8.322e2
3559.8149	4.157e3
3560.3235	7.123e2
3560.8403	2.028e3
3561.2644	3.930e3
3561.6956	1.302e3
3562.1975	4.461e3
3562.7405	2.605e3
3563.1230	4.510e3
3563.3608	2.062e3
3563.9580	4.323e3
3564.3477	1.170e3
3564.8525	2.457e3
3565.1177	2.174e3
3565.6790	1.238e2
3566.1038	9.947e2
3566.8865	2.336e3
3567.1621	8.568e2
3567.7966	1.556e3
3568.3811	2.757e3
3568.9067	4.328e3
3569.4539	1.222e3
3570.1992	3.621e3
3570.7236	1.232e3
3571.3977	2.027e3
3571.8965	3.492e3
3572.5779	2.628e2
3572.9519	3.142e2
3573.3145	2.035e2
3573.7742	1.676e3
3574.1736	5.140e2
3574.7043	1.318e3
3575.1204	1.410e3
3575.7529	2.320e3
3576.4167	1.448e3
3576.8438	1.403e3
3577.1323	2.294e3
3577.4656	1.619e2
3578.1921	3.542e3
3578.7412	1.795e3
3579.0266	1.430e3
3579.7876	2.791e3
3580.3733	2.907e3
3580.9155	5.227e3
3581.6055	2.000e3
3582.2368	1.589e3
3582.7068	7.540e2
3583.3933	3.085e3
3584.0876	8.197e3
3584.7002	1.101e3
3585.7253	4.688e2
3586.1636	3.591e3
3586.4609	4.272e2
3586.9604	2.706e3
3587.8452	6.068e2
3588.1863	5.899e2
3588.8064	4.366e3
3589.7041	3.046e3
3590.1248	3.689e3
3590.4197	2.104e3
3591.0149	2.044e3
3591.3315	1.436e3
3591.7295	8.804e2
3592.2271	8.758e2
3592.7500	5.361e2
3593.1538	1.267e3
3593.7324	1.501e3
3594.3000	3.772e3
3594.7573	1.617e3
3595.2896	5.445e2
3595.6118	1.798e3
3596.0730	2.452e3
3596.4639	4.585e2
3596.8560	2.565e3
3597.7542	1.173e3
3598.2256	2.670e3
3598.6775	5.880e3
3599.0610	5.468e3
3600.0916	2.813e3
3600.7424	4.996e3
3601.2612	8.784e2
3601.6169	5.396e2
3602.1775	1.283e3
3602.7400	1.290e3
3603.2803	1.367e3
3603.7397	1.275e3
3604.0559	1.074e3
3604.4915	2.566e3
3604.8613	5.216e2
3605.3623	4.301e1
3605.7988	7.181e2
3606.3821	1.568e2
3606.7288	8.430e2
3607.0688	1.297e3
3607.3164	1.463e3
3607.6621	1.808e2
3608.0950	2.465e3
3608.9661	1.632e3
3609.4565	9.003e2
3609.7813	1.876e3
3610.6440	4.549e3
3611.0630	1.176e3
3611.4250	5.628e2
3612.1479	5.804e3
3612.9148	6.882e2
3613.7197	2.087e3
3614.1113	5.370e3
3614.9131	1.155e3
3615.2366	7.153e2
3615.6233	1.856e3
3616.1074	2.002e3
3616.6489	2.625e3
3617.1235	9.419e2
3617.7295	2.331e3
3618.2017	2.959e3
3618.6130	3.277e3
3619.3896	1.110e3
3619.7290	3.235e2
3620.1204	2.815e3
3620.5630	1.588e2
3621.0806	7.075e2
3621.5359	3.454e3
3622.1091	1.312e3
3622.3613	5.989e2
3622.8013	1.546e3
3623.2395	1.510e3
3623.8269	2.003e3
3624.2256	1.122e3
3624.6709	2.886e3
3625.3657	1.836e3
3625.8721	2.209e2
3626.3115	1.294e3
3627.0576	1.105e3
3627.6396	5.267e2
3628.1062	1.591e3
3628.5850	2.292e3
3629.1187	2.491e3
3629.5896	2.926e2
3629.9280	6.837e2
3630.3494	1.307e3
3630.7153	2.468e3
3630.9624	1.364e3
3631.6643	8.007e3
3632.9758	2.087e3
3633.3303	3.668e2
3633.6414	4.275e2
3634.2610	4.135e3
3634.9790	3.757e3
3635.5896	1.598e3
3636.2144	1.983e3
3636.7698	4.971e2
3637.1953	1.457e3
3637.7991	7.787e2
3638.1731	2.784e3
3638.8962	3.490e3
3639.5771	4.980e3
3640.3513	9.075e2
3640.7891	1.759e3
3641.1531	9.328e2
3641.5898	6.415e2
3642.0859	6.552e2
3642.7363	2.888e2
3643.4856	9.087e2
3643.8123	2.012e3
3644.8342	1.424e2
3645.5425	8.259e2
3645.7642	6.453e2
3646.1292	6.290e2
3646.4272	1.015e3
3646.8464	7.003e2
3647.2532	1.391e3
3647.7729	1.584e3
3648.3589	2.394e3
3648.9312	3.038e3
3649.1604	1.953e3
3649.6626	7.563e2
3650.2781	1.671e3
3651.0220	1.933e3
3651.7280	3.592e2
3652.4929	1.185e3
3652.8379	2.203e3
3653.2192	1.433e3
3653.8718	4.202e2
3654.4119	3.060e3
3654.7146	1.470e3
3655.2156	1.423e3
3655.8130	1.309e3
3656.1191	9.573e2
3656.9626	1.471e3
3657.5906	3.208e2
3657.9014	5.741e2
3658.6577	5.817e3
3659.5693	1.634e3
3660.0015	4.310e3
3660.8467	5.979e2
3661.3232	1.272e3
3661.7290	3.676e3
3662.0608	2.068e3
3662.6177	2.482e3
3663.0945	2.339e3
3663.4233	1.212e3
3663.8335	1.284e3
3664.2363	1.559e3
3664.8354	1.799e3
3665.2271	6.440e2
3665.7498	6.356e2
3666.2476	2.346e3
3666.5132	2.294e3
3667.0979	2.019e3
3667.5513	5.476e2
3667.8606	7.099e1
3668.3628	4.947e2
3668.6746	4.960e2
3669.1050	1.089e3
3670.2373	4.510e3
3670.5637	1.759e3
3671.0046	3.352e3
3671.5706	2.730e3
3671.8806	1.199e3
3672.2295	1.391e3
3672.6372	1.633e3
3672.9189	1.589e3
3673.6597	2.903e3
3674.1475	2.047e3
3674.3608	1.454e3
3675.0212	1.420e3
3675.5986	5.586e2
3676.0823	1.048e3
3677.0623	1.189e3
3678.3459	1.392e3
3678.7822	2.390e3
3679.2349	2.914e3
3679.5112	3.617e3
3680.2341	3.498e3
3680.7073	3.582e3
3681.2378	1.278e3
3681.5122	1.481e3
3681.8613	3.884e2
3682.3176	2.806e3
3682.5627	1.304e3
3682.8936	5.056e3
3683.3762	1.232e3
3684.0291	2.812e3
3684.8381	1.158e3
3685.0632	6.635e2
3685.5369	8.058e2
3685.9294	1.833e3
3686.2617	9.417e2
3686.5615	5.558e2
3687.0254	1.171e3
3687.5237	7.321e2
3688.0776	1.240e3
3688.5151	4.776e3
3688.9165	6.957e3
3689.3875	1.053e3
3689.7332	2.977e3
3690.2847	4.941e3
3690.8438	2.044e3
3691.1233	1.748e3
3691.6350	2.278e3
3692.2571	3.211e3
3693.0679	4.718e3
3693.6267	8.820e2
3693.8625	5.781e2
3694.2976	4.232e3
3694.5605	2.630e3
3695.2378	3.389e3
3696.0996	9.421e2
3696.7168	2.054e2
3697.3979	3.295e3
3698.1323	2.300e3
3698.8184	3.563e3
3699.4932	2.095e2
3699.7610	4.048e2
3700.1394	8.280e2
3700.8230	6.243e2
3701.2502	1.088e3
3701.7534	1.136e3
3702.1367	1.477e3
3702.5718	4.447e3
3703.5601	2.304e3
3704.2229	1.411e3
3705.0842	1.276e3
3705.7710	8.152e2
3706.4053	2.162e3
3706.8967	8.508e2
3707.1194	1.605e3
3707.5171	1.380e3
3708.3850	2.600e3
3708.8569	3.084e3
3709.2209	2.340e3
3709.7605	1.934e3
3710.2957	4.462e3
3710.7366	2.778e3
3711.1765	2.170e3
3711.6938	6.300e2
3711.9204	1.129e3
3712.3967	1.092e3
3712.6135	2.166e3
3713.4399	1.926e3
3713.8142	8.077e2
3714.2715	1.485e3
3714.7075	9.189e2
3714.9653	5.537e2
3715.4028	1.224e3
3716.0339	1.212e3
3716.2617	7.299e2
3717.0388	4.685e2
3717.2632	2.971e2
3717.5623	2.137e1
3718.1812	1.136e3
3718.6221	3.058e3
3719.0166	2.468e3
3719.3865	3.831e3
3719.9409	2.458e3
3720.5989	4.118e2
3720.8193	7.260e2
3721.3618	4.093e2
3721.6372	4.307e2
3722.1921	2.412e3
3722.7205	1.597e3
3723.2517	1.316e3
3723.8708	6.853e2
3724.2708	2.591e3
3724.8372	9.587e2
3725.3110	1.044e3
3725.6807	1.227e2
3726.2239	2.337e3
3727.0117	2.052e3
3727.6460	1.557e3
3728.3325	2.110e3
3728.9285	3.042e3
3729.4519	2.641e3
3730.2305	2.566e3
3730.5376	2.743e3
3731.5371	3.782e2
3731.8447	2.941e2
3732.3047	1.938e3
3732.6685	1.716e2
3733.1001	1.060e3
3733.4788	1.304e3
3734.0679	3.265e3
3734.7886	2.755e3
3735.6533	1.746e2
3736.0090	3.703e2
3736.6833	2.212e3
3737.2717	3.404e3
3738.2402	1.766e3
3738.6187	2.201e3
3739.2661	5.494e2
3739.8672	2.218e3
3740.3171	5.278e2
3740.9587	3.563e2
3741.3767	3.639e2
3741.6782	7.804e2
3742.2905	2.212e3
3742.7002	1.659e3
3743.1741	1.189e3
3743.6108	3.490e3
3744.3091	1.647e3
3744.5613	5.404e2
3744.8315	1.184e3
3745.3823	8.484e2
3745.7402	4.559e2
3746.3550	3.375e3
3746.7612	1.000e3
3747.2734	8.204e2
3747.6270	8.017e2
3748.1729	1.255e3
3748.5393	2.515e3
3748.9282	1.193e3
3749.3308	1.715e3
3750.1836	1.510e3
3751.0439	4.436e3
3751.7954	7.197e3
3752.4055	3.513e3
3753.1523	5.480e2
3753.6035	1.632e3
3754.2815	4.259e3
3755.0056	2.050e3
3755.4634	1.637e3
3756.0918	1.306e3
3756.3630	7.001e2
3756.9727	2.364e3
3757.2620	4.402e2
3757.6377	2.020e3
3758.3196	3.621e3
3758.8672	2.742e3
3759.2634	1.056e3
3759.8682	1.590e3
3760.4109	4.069e3
3760.8579	7.557e3
3761.3408	3.394e3
3761.8147	1.411e3
3762.2644	2.574e3
3763.4812	1.781e3
3763.7583	1.819e3
3764.2241	2.043e3
3764.9163	2.501e3
3765.3135	9.799e2
3765.8960	1.115e3
3766.2607	3.092e3
3766.7683	1.938e3
3767.2263	1.748e3
3767.8630	1.430e3
3768.0608	8.002e2
3768.3975	1.426e3
3768.8469	6.071e3
3769.3230	2.488e3
3769.7180	1.933e3
3770.1885	2.128e3
3770.7668	2.800e3
3771.7991	4.253e3
3772.4614	6.685e2
3772.9124	9.639e2
3773.5620	2.084e3
3773.9824	2.157e3
3774.2175	2.280e3
3774.6709	1.509e3
3775.3413	3.913e3
3775.6621	1.447e3
3776.1658	1.780e3
3776.8193	3.220e3
3777.7063	1.409e3
3778.2561	7.570e3
3778.7451	8.768e3
3779.5708	5.147e3
3780.0515	2.538e3
3780.4199	1.602e3
3780.9309	4.227e3
3781.7874	1.111e3
3782.2161	3.802e3
3782.7156	2.396e3
3783.3521	1.635e3
3783.6379	2.061e3
3783.9778	5.718e2
3784.2966	4.367e2
3784.5596	8.252e2
3785.2913	2.518e3
3785.6611	5.729e2
3786.0752	1.848e3
3786.8118	1.208e3
3787.3003	6.038e2
3787.5796	1.185e3
3788.0142	3.108e3
3788.3311	2.743e3
3788.7500	3.345e3
3789.3596	1.207e3
3789.7622	2.578e2
3790.1597	1.183e3
3790.5088	1.614e3
3790.9346	2.000e3
3791.6980	4.458e3
3791.9604	1.568e3
3792.3867	2.903e3
3792.8633	8.799e2
3793.4810	3.999e3
3794.2703	1.730e3
3794.8320	1.745e3
3795.5999	1.687e3
3796.1968	2.472e3
3796.9285	3.172e3
3797.3987	1.636e3
3797.7163	1.212e3
3798.2297	3.443e3
3798.6653	2.828e3
3799.1187	3.041e3
3799.5964	5.838e3
3799.9185	2.399e3
3800.4165	2.412e3
3800.9370	3.266e3
3801.2617	4.055e2
3801.6638	1.620e3
3802.2102	1.836e3
3802.8577	1.161e3
3803.4695	2.226e3
3804.2283	1.068e3
3804.9309	1.059e3
3805.3179	9.001e2
3805.7542	1.142e3
3806.3516	3.848e3
3807.0259	3.903e3
3807.7324	2.004e3
3808.3816	3.505e3
3808.8025	4.080e3
3809.3386	1.721e3
3809.7505	1.045e3
3810.3049	2.519e3
3810.9983	2.359e3
3811.4333	1.449e3
3812.2708	1.513e3
3812.6462	4.971e2
3813.1047	1.806e3
3813.5947	2.005e3
3813.9922	3.369e2
3814.5471	6.773e3
3815.0149	3.573e3
3815.5686	1.257e3
3815.9553	3.803e3
3816.4941	6.240e2
3816.9148	1.957e3
3817.3079	2.842e3
3817.7397	9.191e2
3818.4976	4.552e3
3818.7605	2.015e3
3819.1394	2.542e3
3819.6006	1.894e3
3819.8606	6.664e2
3820.3049	3.363e3
3820.8464	1.921e3
3821.3037	3.313e3
3821.8416	3.575e2
3822.3035	3.500e3
3823.3506	6.229e3
3823.9126	2.384e3
3824.3411	2.839e3
3824.8958	1.425e3
3825.1626	5.536e2
3825.8677	8.335e2
3826.3110	1.753e3
3827.3965	5.040e3
3828.4397	3.038e3
3828.8193	1.325e3
3829.2173	1.227e3
3829.7927	4.272e2
3830.1936	1.948e3
3830.8162	1.118e3
3831.2153	1.495e3
3831.9485	1.401e3
3832.4792	4.949e3
3833.2659	1.672e3
3833.5613	2.840e3
3834.2898	3.001e3
3834.5615	7.082e2
3834.9246	1.610e3
3835.4958	2.205e3
3835.8591	1.811e3
3836.2734	2.415e3
3836.8965	1.962e3
3837.3108	3.916e3
3838.3828	6.858e3
3839.2334	2.879e3
3840.2583	1.631e3
3841.0034	4.322e3
3841.3999	2.136e3
3841.9558	2.073e3
3842.4348	5.700e3
3843.5042	2.428e3
3844.0664	1.345e3
3844.2617	1.205e3
3844.6997	5.000e2
3844.9316	1.137e3
3845.2637	6.546e2
3845.5730	2.610e2
3845.8879	5.348e2
3846.2507	1.697e3
3846.6194	1.411e3
3847.2344	1.298e3
3847.4614	6.759e2
3847.8364	9.038e2
3848.2815	3.583e3
3848.7012	4.204e3
3849.3086	4.259e3
3849.7310	3.903e3
3850.3379	4.769e3
3850.9160	3.663e3
3851.3633	3.498e3
3851.9553	1.537e3
3852.3403	4.472e3
3852.8276	1.305e3
3853.3386	1.818e3
3853.8552	2.214e3
3854.3308	3.435e3
3854.6614	9.736e2
3855.3757	7.316e3
3856.3906	3.759e3
3856.8611	1.016e3
3857.3333	2.337e3
3858.0784	1.010e3
3858.4187	2.371e3
3858.8247	2.408e3
3859.2896	4.592e3
3859.5623	2.298e3
3859.8613	1.694e3
3860.2161	2.226e3
3860.7937	3.028e3
3861.3162	1.929e3
3861.7336	7.511e2
3862.3181	5.945e3
3862.6602	2.897e3
3863.3486	4.753e3
3863.9431	1.403e3
3864.3054	3.172e3
3865.2739	3.640e3
3865.8816	1.368e3
3866.3357	2.611e3
3866.7207	8.828e2
3867.3362	1.768e3
3867.7197	1.022e3
3868.3613	3.045e3
3868.6543	4.796e3
3869.4236	2.241e3
3870.0530	2.103e3
3870.5166	4.545e3
3870.9556	2.664e3
3871.5720	2.283e3
3871.9224	1.538e3
3872.3794	2.009e3
3872.7791	1.959e3
3873.4280	3.441e3
3874.3875	1.795e3
3874.7827	4.544e3
3875.3926	1.913e3
3876.2808	5.109e3
3876.8689	1.794e3
3877.3916	6.279e3
3877.6636	3.195e3
3878.3601	1.001e4
3878.8782	3.640e3
3879.3286	8.428e3
3879.7212	1.661e3
3880.3455	8.014e3
3880.9048	2.190e3
3881.3528	6.168e3
3882.2659	5.326e3
3883.2744	3.340e3
3883.7109	2.939e3
3884.3452	3.392e3
3885.6470	3.615e3
3885.9602	6.717e2
3886.3425	1.882e3
3886.7693	2.728e3
3886.9604	1.849e3
3887.3787	2.654e3
3888.1201	3.633e3
3888.5129	2.547e3
3889.1841	2.062e3
3889.9097	1.543e3
3890.3398	2.728e3
3890.8416	1.580e3
3891.3940	1.876e3
3891.6616	8.403e2
3892.3660	5.064e3
3892.7561	1.496e3
3893.3247	2.406e3
3893.8491	1.475e3
3894.3008	2.676e3
3894.8149	1.587e3
3895.3743	3.509e3
3895.7285	2.289e3
3896.4092	1.389e3
3896.8042	3.901e3
3897.3667	2.095e3
3897.8804	1.206e3
3898.3010	4.108e3
3898.6213	2.947e3
3899.2344	1.734e3
3899.6970	4.846e3
3900.8743	1.274e3
3901.1172	1.967e3
3901.7983	7.160e2
3902.2695	2.252e3
3902.7131	1.487e3
3903.5061	5.140e3
3904.3208	3.013e3
3904.8186	2.871e3
3905.3020	4.087e3
3905.8936	1.716e3
3906.3611	4.605e3
3906.8618	8.388e2
3907.3835	4.344e3
3908.1106	7.630e3
3908.3635	2.730e3
3908.8296	3.037e3
3909.3313	2.256e3
3909.7610	6.997e2
3910.3445	1.784e3
3910.6201	1.609e3
3911.1470	1.720e3
3911.3623	1.567e3
3911.8162	1.155e3
3912.2300	5.578e2
3912.6714	8.027e2
3912.8948	4.728e2
3913.4871	4.165e3
3914.1292	3.966e3
3914.7891	1.328e3
3915.4233	1.786e3
3915.7288	1.072e3
3916.2322	1.379e3
3916.7603	2.722e3
3917.2229	1.713e3
3917.5637	9.324e2
3918.2161	5.700e3
3918.5144	3.980e3
3919.4082	4.347e3
3919.7161	2.160e3
3920.3821	4.219e3
3920.8132	1.330e3
3921.3855	3.203e3
3921.9827	1.598e3
3922.3918	6.622e3
3922.8613	6.487e2
3923.4104	5.710e3
3924.3877	2.391e3
3924.9409	2.038e3
3925.3735	3.245e3
3925.9082	2.032e3
3926.3286	2.364e3
3926.5603	2.462e3
3927.3188	1.667e3
3928.4868	5.474e3
3929.3599	2.340e3
3929.9473	1.692e3
3930.2268	2.007e3
3930.8818	2.004e3
3931.3608	2.629e3
3931.9941	3.115e3
3932.3369	3.365e3
3932.6833	1.065e3
3933.0615	3.197e3
3933.3384	5.726e3
3934.4163	8.592e3
3935.3123	4.285e3
3935.9321	2.335e3
3936.3330	3.200e3
3936.8083	1.540e3
3937.3027	2.748e3
3937.5779	5.965e2
3937.9058	1.425e3
3938.3975	5.075e3
3939.0378	1.306e3
3939.4407	2.239e3
3939.9153	1.972e3
3940.2783	2.047e3
3940.5149	2.746e3
3941.1436	3.817e3
3941.7935	1.262e3
3942.2610	3.050e3
3942.5410	3.666e3
3943.3193	2.777e3
3943.7219	2.386e3
3944.3103	1.452e3
3944.7439	2.901e3
3945.3652	2.016e3
3946.3308	6.858e3
3946.8113	1.671e3
3947.4370	3.750e3
3947.9482	3.083e3
3948.3953	5.943e3
3948.9124	1.921e3
3949.3965	6.941e3
3949.9961	3.109e3
3950.3865	1.210e4
3951.3979	5.390e3
3951.6626	1.469e3
3952.4243	6.714e3
3953.3315	6.623e3
3953.9189	1.697e3
3954.4077	4.812e3
3954.8804	1.253e3
3955.4092	1.947e3
3955.9084	2.303e3
3956.1619	1.277e3
3956.6492	2.046e3
3957.3625	3.094e3
3958.4673	9.305e3
3959.4578	4.517e3
3960.0920	1.245e3
3960.4187	4.411e3
3960.9897	7.894e2
3961.3606	4.870e3
3962.3687	3.912e3
3962.9475	2.859e3
3963.4006	5.289e3
3963.7283	1.320e3
3963.9697	8.556e2
3964.3933	9.984e3
3964.8401	1.347e3
3965.4429	6.967e3
3965.8621	1.317e3
3966.3975	6.532e3
3967.0879	2.941e3
3967.4014	5.336e3
3967.9456	2.822e3
3968.5320	6.830e3
3969.0457	2.751e3
3969.5000	3.912e3
3970.0496	5.727e3
3970.3616	3.045e3
3970.8623	1.049e3
3971.3508	3.432e3
3972.3438	4.123e3
3972.7737	8.456e2
3973.4048	3.786e3
3973.6602	1.472e3
3974.3374	8.011e3
3975.3979	4.708e3
3975.7168	1.241e3
3976.3569	5.494e3
3976.9431	2.111e3
3977.3845	6.138e3
3977.9880	1.111e3
3978.3870	7.604e3
3978.8313	1.308e3
3979.3779	7.754e3
3979.7161	1.073e3
3979.9614	6.288e2
3980.3967	5.312e3
3980.8870	4.860e3
3981.3855	5.603e3
3982.1492	5.166e3
3982.3616	3.598e3
3982.9641	8.489e2
3983.3267	2.511e3
3983.7339	4.289e3
3984.3235	1.726e3
3984.7476	9.074e2
3985.3794	6.521e3
3985.6616	1.462e3
3985.9185	2.100e3
3986.3601	2.331e3
3986.6331	3.807e3
3986.9604	1.109e3
3987.3818	1.979e3
3987.6606	4.717e2
3988.3418	9.751e3
3988.7622	1.221e3
3989.4175	1.232e4
3989.9224	1.923e3
3990.3921	1.065e4
3990.9214	3.718e3
3991.4038	2.288e4
3991.9121	1.447e3
3992.4050	3.585e4
3992.9497	1.131e3
3993.4041	3.768e4
3993.9167	2.055e3
3994.4082	3.035e4
3994.7651	1.931e3
3995.0769	1.037e3
3995.4065	1.955e4
3995.9265	2.356e3
3996.4119	1.063e4
3996.9141	2.020e3
3997.4011	6.601e3
3997.8254	1.735e3
3998.3984	4.683e3
3998.7695	9.264e2
3999.3286	6.797e3
4000.3782	3.730e3
4000.7178	2.188e3
4001.3477	3.257e3
4001.9243	1.777e3
4002.4153	4.854e3
4002.8909	2.592e3
4003.4880	8.277e3
4003.8870	1.910e3
4004.3948	8.942e3
4004.8235	2.865e3
4005.4187	2.300e5
4005.8259	5.364e3
4006.4202	4.641e5
4006.8645	4.649e3
4007.4216	5.223e5
4007.9380	5.412e3
4008.4209	4.127e5
4008.9170	6.908e3
4009.4219	2.485e5
4009.9209	5.012e3
4010.4236	1.279e5
4010.9397	3.522e3
4011.4236	5.555e4
4011.9678	3.252e3
4012.4319	2.422e4
4012.9902	3.302e3
4013.4236	1.191e4
4013.9048	5.168e3
4014.4150	7.584e3
4014.8245	2.855e3
4015.3945	4.957e3
4015.7617	7.785e2
4016.2996	6.224e3
4016.9192	2.889e3
4017.4382	5.615e3
4018.4004	7.511e3
4018.8794	3.533e3
4019.4121	1.147e4
4019.9336	2.687e3
4020.4128	1.782e4
4020.9290	1.077e3
4021.4360	2.114e4
4021.8845	2.888e3
4022.4155	2.017e4
4023.0149	2.878e3
4023.4172	1.639e4
4023.9419	2.412e3
4024.4128	1.165e4
4024.9358	2.168e3
4025.3977	8.807e3
4025.8687	1.894e3
4026.4026	5.944e3
4026.7590	2.209e3
4027.4021	7.655e3
4027.7627	6.186e2
4028.4006	1.068e4
4029.3987	8.774e3
4029.9539	2.053e3
4030.4033	1.473e4
4031.4016	9.474e3
4032.3484	7.002e3
4033.0498	2.321e3
4033.3992	9.908e3
4033.9375	1.130e3
4034.4102	1.665e4
4034.8169	1.066e3
4035.4163	1.538e4
4035.8169	2.134e3
4036.4382	1.420e4
4037.0986	1.478e3
4037.4075	1.090e4
4037.9729	1.192e3
4038.4153	1.344e4
4038.8882	2.049e3
4039.4153	1.062e4
4039.9321	2.498e3
4040.4041	7.233e3
4040.9246	1.431e3
4041.3887	8.625e3
4042.4023	8.063e3
4043.4097	1.113e4
4043.9453	9.901e2
4044.3762	1.287e4
4044.6763	8.443e2
4044.9775	2.210e3
4045.3796	1.374e4
4045.8137	1.914e3
4046.4490	1.944e4
4047.4023	1.314e4
4048.4160	2.035e4
4048.9348	1.521e3
4049.4277	2.208e4
4049.9141	1.017e3
4050.4187	1.801e4
4051.0918	3.380e3
4051.4111	1.442e4
4051.8181	3.072e3
4052.4141	9.816e3
4052.9944	1.798e3
4053.4009	6.035e3
4053.9646	1.796e3
4054.3989	4.869e3
4054.9287	1.332e3
4055.3667	3.794e3
4055.8003	1.276e3
4056.3674	3.420e3
4056.8491	2.284e3
4057.3831	3.995e3
4057.8950	3.070e3
4058.3794	1.154e4
4059.3533	1.071e4
4059.9202	1.835e3
4060.3562	1.409e4
4060.8601	1.662e3
4061.3638	1.447e4
4061.6628	1.764e3
4062.3828	1.670e4
4062.9343	1.275e3
4063.4446	2.259e4
4064.4048	1.919e4
4065.4229	1.429e4
4065.9143	3.190e3
4066.4446	1.435e4
4067.4465	1.167e4
4067.8860	1.411e3
4068.3315	1.532e4
4069.0256	3.684e3
4069.4111	9.901e3
4070.4141	1.265e4
4070.9214	3.050e3
4071.4011	8.397e3
4071.8406	1.144e3
4072.4277	1.373e4
4073.4041	7.921e3
4073.8147	1.760e3
4074.4016	4.904e3
4074.6609	1.635e3
4074.9910	9.458e2
4075.3938	6.814e3
4075.9155	1.622e3
4076.4487	1.005e4
4076.9133	6.500e2
4077.4297	1.119e4
4077.7607	9.121e2
4078.4377	1.502e4
4078.8816	2.520e3
4079.4377	1.475e4
4079.7991	1.537e3
4080.0884	3.756e3
4080.4038	1.317e4
4081.0752	1.942e3
4081.4114	6.843e3
4081.8835	1.657e3
4082.4082	6.491e3
4082.9502	1.195e3
4083.3850	5.126e3
4083.8000	4.743e3
4084.3994	4.568e3
4084.8701	2.021e3
4085.4370	7.150e3
4086.3767	8.862e3
4086.9221	2.318e3
4087.4028	7.363e3
4087.8306	1.317e3
4088.3997	9.479e3
4088.9697	1.236e3
4089.3975	6.988e3
4090.3813	1.265e4
4090.9639	1.390e3
4091.4204	9.287e3
4091.8611	5.182e2
4092.4084	9.175e3
4093.3630	1.265e4
4093.9021	2.928e3
4094.4026	9.908e3
4094.8308	1.821e3
4095.4016	6.557e3
4095.9011	2.418e3
4096.3950	8.192e3
4096.9199	2.006e3
4097.3779	9.823e3
4098.3818	8.351e3
4098.7607	1.126e3
4099.3677	6.275e3
4100.3472	5.538e3
4100.9399	7.029e2
4101.4092	7.361e3
4101.9272	1.789e3
4102.4063	1.015e4
4102.8232	2.867e3
4103.4277	2.489e4
4103.9126	2.069e3
4104.3955	2.964e4
4104.9194	6.870e2
4105.4004	3.311e4
4105.9165	1.142e3
4106.4009	3.043e4
4106.8643	1.072e3
4107.3931	2.406e4
4107.9199	1.828e3
4108.3901	1.921e4
4108.8193	1.819e3
4109.3901	1.183e4
4109.9204	7.978e2
4110.3892	7.919e3
4110.9458	2.218e3
4111.3721	7.348e3
4111.9106	1.503e3
4112.4482	5.559e3
4112.8828	2.004e3
4113.3916	5.027e3
4113.8750	2.257e3
4114.3701	4.989e3
4114.8618	8.729e2
4115.4380	5.354e3
4115.9893	8.637e2
4116.4458	5.679e3
4117.4839	6.433e3
4117.8843	1.158e3
4118.4463	1.099e4
4119.4233	7.454e3
4120.4507	8.846e3
4121.4229	7.459e3
4121.9546	1.250e3
4122.4321	7.031e3
4122.9473	8.625e2
4123.3721	6.923e3
4123.8687	2.508e3
4124.3960	5.078e3
4124.8125	6.527e2
4125.3555	6.340e3
4125.9761	1.103e3
4126.4014	8.782e3
4126.9624	6.506e2
4127.3804	7.193e3
4127.7974	1.639e3
4128.3931	8.619e3
4128.9009	5.629e3
4129.4087	1.078e4
4129.9316	1.200e3
4130.4458	7.790e3
4130.9692	1.115e3
4131.4146	6.447e3
4131.9858	1.799e3
4132.3862	6.506e3
4133.4194	6.408e3
4133.7607	1.261e3
4134.4053	7.482e3
4134.8809	2.168e3
4135.4526	8.638e3
4136.4712	5.635e3
4136.8608	6.034e2
4137.4253	4.681e3
4138.4268	1.052e4
4138.7627	3.757e3
4139.4023	5.075e3
4139.8853	1.462e3
4140.3906	3.765e3
4140.7607	1.219e3
4141.3418	5.583e3
4141.9517	1.127e3
4142.3721	1.334e4
4143.3926	1.345e4
4143.9121	1.735e3
4144.3911	1.168e4
4144.8521	1.723e3
4145.3789	1.065e4
4145.7607	8.941e2
4146.3955	9.019e3
4146.9424	8.953e2
4147.4126	9.897e3
4147.8940	8.357e2
4148.4023	1.444e4
4149.3901	9.954e3
4150.0791	3.596e3
4150.3965	9.509e3
4150.9858	1.106e3
4151.4849	1.057e4
4152.3984	5.582e3
4153.1655	8.425e3
4153.9272	8.658e2
4154.4829	5.469e3
4154.9780	3.081e2
4155.3696	3.719e3
4156.3223	8.588e3
4156.7402	2.688e3
4157.3848	1.029e4
4157.9629	1.062e3
4158.3354	1.069e4
4158.7627	5.393e3
4159.3140	9.875e3
4159.9604	3.108e3
4160.3706	1.071e4
4160.9868	1.098e3
4161.3906	6.592e3
4161.9653	1.913e3
4162.4438	1.029e4
4163.4404	8.332e3
4163.9277	1.345e3
4164.4253	5.593e3
4165.4224	5.245e3
4165.9556	2.157e3
4166.3813	6.765e3
4167.3789	5.017e3
4167.6655	1.095e3
4167.9961	1.662e3
4168.3794	5.932e3
4168.6611	2.582e3
4169.3740	5.670e3
4169.8232	1.779e3
4170.3691	7.817e3
4170.9717	1.138e3
4171.4063	9.260e3
4171.8291	1.225e3
4172.4258	1.451e4
4173.4302	1.758e4
4174.0410	2.319e3
4174.4219	1.413e4
4174.9390	1.627e3
4175.4136	1.246e4
4175.9272	9.364e2
4176.4019	5.712e3
4177.3916	7.517e3
4178.4644	1.062e4
4178.9341	2.102e3
4179.3203	4.609e3
4179.7666	7.173e2
4180.3662	5.767e3
4180.9575	1.136e3
4181.3955	5.076e3
4182.3633	5.565e3
4182.7939	7.035e2
4183.3618	5.629e3
4183.6602	2.329e3
4184.3423	5.426e3
4185.3916	4.491e3
4185.8936	1.054e3
4186.3652	6.033e3
4187.3970	5.781e3
4188.3887	5.230e3
4188.7666	8.686e2
4189.3262	6.990e3
4190.1963	1.051e4
4190.8398	1.323e3
4191.3740	5.411e3
4192.3286	1.101e4
4193.3359	8.405e3
4194.3184	5.320e3
4195.3086	4.946e3
4196.3438	3.624e3
4196.8481	9.821e2
4197.3018	3.363e3
4197.6621	5.551e2
4198.4155	8.013e3
4199.3506	3.482e3
4199.7168	3.774e3
4200.4106	4.142e3
4200.9351	2.037e3
4201.3774	5.286e3
4202.3223	9.425e3
4202.9102	1.238e3
4203.3682	5.695e3
4203.9473	1.794e3
4204.3809	5.104e3
4204.8750	1.602e3
4205.3857	6.288e3
4206.3633	7.602e3
4206.9292	8.260e2
4207.3657	4.647e3
4207.8750	2.111e3
4208.4165	4.152e3
4208.8755	3.913e2
4209.3374	3.792e3
4210.3716	7.018e3
4210.8989	2.976e3
4211.3398	3.633e3
4211.7100	3.864e3
4212.3296	4.005e3
4212.7339	8.731e2
4213.3354	5.013e3
4213.7827	7.188e2
4214.2930	9.011e3
4214.9644	7.549e2
4215.3315	3.784e3
4215.8618	2.733e2
4216.4248	5.343e3
4216.8135	1.402e3
4217.2358	1.457e3
4218.3574	3.858e3
4218.7920	1.812e3
4219.3154	3.540e3
4219.7314	1.483e3
4220.3013	2.580e3
4221.2920	1.907e3
4221.6968	2.298e2
4222.2485	5.514e3
4222.6274	2.533e3
4222.9155	2.341e3
4223.3130	3.977e3
4223.6807	3.770e3
4224.3330	5.929e3
4224.9980	1.248e3
4225.3389	4.291e3
4225.8442	7.787e2
4226.3594	7.010e3
4227.3257	4.792e3
4227.8960	1.462e3
4228.3823	8.801e3
4228.9624	1.502e3
4229.3765	6.072e3
4229.9775	1.138e3
4230.3774	5.636e3
4230.8672	3.280e2
4231.3838	4.585e3
4231.8730	2.768e2
4232.3965	4.719e3
4233.3892	6.638e3
4234.3374	7.810e3
4235.3994	3.694e3
4236.3691	3.737e3
4237.3291	1.782e3
4237.7319	2.564e3
4238.4277	7.016e3
4238.7607	2.297e3
4239.2998	5.366e3
4240.2944	8.962e3
4241.3677	6.187e3
4242.3579	6.144e3
4243.3472	5.523e3
4244.3652	5.760e3
4244.8701	3.224e2
4245.3423	3.657e3
4245.9883	2.594e3
4246.3701	5.568e3
4246.8799	1.954e3
4247.5225	9.353e3
4248.3828	7.255e3
4249.1719	6.775e3
4249.6602	1.302e3
4250.4282	6.219e3
4251.3975	4.329e3
4252.0308	2.265e3
4252.3853	2.713e3
4252.8179	1.541e3
4253.4419	4.308e3
4254.3823	5.843e3
4254.9795	1.807e3
4255.4033	6.395e3
4255.8569	1.293e3
4256.3857	5.346e3
4257.3911	4.414e3
4258.3281	8.813e3
4259.3867	6.707e3
4259.8618	1.384e3
4260.4492	4.042e3
4261.2271	5.618e3
4262.4502	5.017e3
4263.2764	4.452e3
4264.2637	5.340e3
4265.2944	3.484e3
4265.6968	1.397e3
4266.3423	5.159e3
4266.9248	1.324e3
4267.3223	2.894e3
4267.7725	7.762e2
4268.4053	7.068e3
4268.8618	1.151e3
4269.3667	3.692e3
4270.0513	4.687e3
4270.4219	6.004e3
4270.7627	2.054e3
4271.4653	1.027e4
4272.4077	5.173e3
4273.0371	4.334e3
4273.3247	4.706e3
4273.9531	1.141e3
4274.3975	4.093e3
4274.8628	2.960e2
4275.3433	3.401e3
4275.9482	8.981e2
4276.3433	2.915e3
4277.3071	2.890e3
4277.6616	1.459e3
4278.3340	5.415e3
4279.2915	6.309e3
4279.8608	3.204e2
4280.2925	1.438e3
4280.5391	1.900e3
4281.2813	4.023e3
4282.3569	4.561e3
4282.8823	7.801e3
4283.2637	4.870e3
4284.2925	3.374e3
4284.7612	5.135e2
4285.3311	3.430e3
4286.3188	3.968e3
4287.3115	2.154e3
4288.2075	5.224e3
4288.5146	4.206e3
4289.3203	5.592e3
4290.3228	4.064e3
4290.9316	1.043e3
4291.3638	2.455e3
4291.8623	1.622e2
4292.3257	4.505e3
4293.2622	3.916e3
4293.6895	1.069e3
4294.2510	5.167e3
4294.6353	2.235e3
4294.9814	1.782e3
4295.3325	3.970e3
4296.3643	4.495e3
4297.2510	2.590e3
4297.8589	6.396e2
4298.4419	4.393e3
4299.3662	3.761e3
4300.1318	3.192e3
4300.5259	2.239e3
4301.3071	4.772e3
4302.4082	5.519e3
4303.3398	6.042e3
4304.2651	3.858e3
4305.2900	2.295e3
4306.4409	6.577e3
4307.3262	3.530e3
4308.3052	3.688e3
4308.7612	1.002e3
4309.2881	4.711e3
4309.8223	1.862e3
4310.4287	7.495e3
4310.8472	2.896e3
4311.3032	3.240e3
4311.7705	4.122e2
4312.3496	4.824e3
4313.1855	3.433e3
4313.8081	9.235e2
4314.2539	3.272e3
4314.6265	3.252e3
4315.3330	1.801e3
4315.9336	1.511e3
4316.3125	3.087e3
4316.8789	8.059e2
4317.2681	2.363e3
4317.8105	2.119e3
4318.4302	6.113e3
4319.2432	5.417e3
4320.2256	2.202e3
4320.5635	1.123e3
4320.8911	6.478e2
4321.2930	3.692e3
4321.8096	3.308e3
4322.3081	3.044e3
4322.8701	1.820e3
4323.2178	2.386e3
4323.5620	1.259e3
4324.2686	4.252e3
4325.3169	3.619e3
4325.8613	5.546e2
4326.3267	3.394e3
4326.7266	1.505e3
4327.3032	3.316e3
4327.6606	1.706e3
4328.3706	3.783e3
4328.7930	3.004e3
4329.3247	2.519e3
4330.2788	3.948e3
4330.8906	8.100e2
4331.2998	2.739e3
4332.3315	6.602e3
4332.9761	2.260e3
4333.4004	2.041e3
4334.0415	2.563e3
4334.3984	2.827e3
4335.0781	1.868e3
4335.5190	1.808e3
4336.1953	2.494e3
4336.6338	9.546e2
4337.4023	3.237e3
4338.3564	7.870e3
4338.8608	2.206e3
4339.6797	8.845e2
4340.3413	3.763e3
4341.3511	2.754e3
4342.2505	2.479e3
4342.9380	1.848e3
4343.5010	5.447e3
4344.2529	3.517e3
4344.9932	1.390e3
4345.2236	2.258e3
4345.8955	3.887e3
4346.3794	2.901e3
4346.8247	1.563e3
4347.3057	2.098e3
4347.7148	3.453e3
4348.2344	2.589e3
4348.6260	3.235e3
4349.3091	3.386e3
4350.1880	3.309e3
4350.9053	1.416e3
4351.3320	2.201e3
4351.8286	3.020e2
4352.1943	7.168e2
4352.4302	1.410e3
4353.2827	3.076e3
4354.2979	4.608e3
4354.8613	4.376e3
4355.3105	2.406e3
4356.2729	3.384e3
4357.2168	1.096e3
4357.5288	4.831e2
4357.9438	2.606e3
4358.1660	1.315e3
4358.4600	3.578e3
4358.8452	4.235e3
4359.2158	1.999e3
4359.6934	4.977e2
4360.1523	5.635e3
4361.2212	2.990e3
4361.8706	6.132e2
4362.2393	1.727e3
4362.7856	7.209e2
4363.2207	2.701e3
4363.4629	1.396e3
4363.8848	3.428e2
4364.3110	3.353e3
4364.6636	3.839e2
4365.2500	2.572e3
4366.2944	6.159e3
4367.2593	1.626e3
4367.6133	2.760e3
4368.3247	7.511e3
4369.3115	2.200e3
4369.8999	2.933e3
4370.5347	4.535e3
4371.0615	1.363e3
4371.7798	7.157e2
4372.2827	3.794e3
4373.3984	3.743e3
4374.2632	3.026e3
4374.8350	8.732e2
4375.3179	2.292e3
4376.3159	1.562e3
4377.1382	1.838e3
4378.2500	6.644e3
4379.4629	4.943e3
4379.9917	9.533e2
4380.2329	1.815e3
4381.2119	4.862e3
4381.8438	2.337e3
4382.3838	5.006e3
4383.2598	1.810e3
4383.7852	5.274e2
4384.2930	3.527e3
4385.1694	1.015e3
4385.5605	1.340e2
4386.2568	1.335e3
4387.2847	1.910e3
4387.6616	6.201e2
4388.3105	2.907e3
4389.2695	1.494e3
4389.5615	5.213e2
4390.0498	1.954e3
4390.5127	5.227e3
4391.1138	3.053e3
4391.4614	1.527e3
4392.2534	1.683e3
4392.7358	1.177e3
4393.2856	2.789e3
4394.2827	2.664e3
4394.5610	9.177e2
4395.1826	1.868e3
4395.7310	3.133e2
4396.2749	1.710e3
4396.8008	1.624e3
4397.2417	1.651e3
4397.7471	5.900e2
4398.1763	2.721e3
4398.6445	3.059e3
4399.1489	3.520e3
4399.5186	1.681e3
4399.9199	1.351e3
4400.4385	2.440e3
4401.2432	3.478e3
4401.6646	1.187e3
4402.1768	3.608e3
4402.5176	1.853e3
4403.1680	1.600e3
4403.5449	2.818e3
4403.9609	4.219e2
4404.2837	1.125e3
4405.2109	1.697e3
4405.9673	1.767e3
4406.5488	3.357e2
4406.8672	4.322e2
4407.1729	5.281e2
4407.5229	9.640e2
4408.2451	4.599e3
4408.5615	1.841e3
4409.1768	4.024e3
4409.7148	6.679e2
4410.3071	2.485e3
4410.5601	1.379e3
4411.2710	7.972e2
4411.7231	6.154e2
4412.2144	1.036e3
4412.6602	5.268e1
4413.2383	1.730e3
4413.8262	8.905e2
4414.2051	1.291e3
4414.6226	5.844e2
4414.9946	7.085e2
4415.2324	2.128e3
4416.6284	5.769e2
4417.2261	1.431e3
4417.7222	7.945e2
4418.3184	4.475e3
4418.6631	1.253e3
4419.1914	6.493e2
4419.5137	2.605e3
4420.3184	3.487e3
4420.6348	2.716e3
4421.2334	1.783e3
4421.9126	1.907e3
4422.4028	2.979e3
4423.1118	4.023e3
4423.8174	4.243e2
4424.2104	9.961e2
4425.1348	6.229e2
4425.4219	4.171e2
4425.8843	3.113e2
4426.3906	1.102e3
4426.7441	3.542e3
4427.1382	8.978e2
4427.4121	7.653e2
4427.9683	6.418e2
4428.3521	5.886e3
4429.3296	2.958e3
4429.9648	3.099e3
4430.3130	3.987e3
4430.9834	4.568e3
4431.5493	3.893e3
4432.0659	2.113e3
4432.4165	1.127e3
4433.1323	1.197e3
4433.7490	1.355e3
4434.1958	6.543e2
4434.9297	2.504e3
4435.9336	2.087e3
4436.2236	2.240e3
4437.2163	3.778e3
4438.2617	3.072e3
4438.7207	1.161e3
4439.3994	2.293e3
4439.8955	7.803e2
4440.2529	1.864e3
4440.8525	9.446e2
4441.1289	9.077e2
4441.5259	2.841e2
4442.1533	1.249e3
4442.5083	1.630e3
4443.0703	9.079e3
4444.2373	1.808e3
4444.6353	6.533e2
4445.0620	1.733e3
4445.9775	1.272e3
4446.3301	2.246e3
4446.9590	1.507e3
4447.2246	1.427e3
4447.7256	4.134e2
4448.2632	1.221e3
4449.2192	1.113e3
4449.6284	5.975e2
4450.0908	9.980e2
4450.5488	1.767e3
4451.5874	1.603e3
4452.3301	5.273e2
4452.8071	5.495e3
4453.2607	1.410e3
4453.8013	5.482e3
4454.3535	2.159e3
4454.9697	3.525e3
4455.4238	6.668e2
4456.0591	3.483e3
4456.6509	7.887e2
4457.2056	3.431e3
4457.6450	1.998e3
4458.1948	1.547e3
4458.7705	2.077e3
4459.1699	1.499e3
4460.1929	1.321e3
4460.5093	3.746e2
4461.0952	1.837e3
4462.2549	3.198e3
4462.5605	1.036e3
4463.2915	1.277e3
4464.1265	3.480e3
4465.1006	2.607e3
4466.2417	1.389e3
4467.0410	2.367e3
4467.4609	1.319e2
4467.8120	1.220e3
4468.2725	4.273e3
4468.6606	7.621e2
4469.2397	5.913e2
4469.6313	5.454e2
4470.2017	6.913e2
4470.5615	8.015e2
4471.1436	2.229e3
4471.5991	3.209e3
4472.1362	9.969e2
4472.7896	2.236e2
4473.1416	2.213e3
4473.5308	1.104e3
4474.5132	2.602e3
4474.9443	3.348e3
4475.2617	8.901e2
4475.7197	4.271e2
4476.0205	4.531e2
4476.7119	3.511e2
4477.2446	7.243e2
4477.5234	7.386e2
4478.0703	2.908e3
4478.8447	5.932e3
4480.3965	3.982e3
4481.0371	1.253e3
4481.3975	1.332e3
4481.7085	3.898e3
4482.3213	1.556e3
4482.6860	2.471e3
4483.1494	1.477e3
4484.1621	2.503e2
4484.4863	7.023e2
4485.2168	2.055e3
4486.1753	5.857e3
4486.8174	1.123e3
4487.1162	5.036e2
4487.4185	5.225e2
4488.1875	1.402e3
4488.8555	1.837e3
4489.3433	3.321e3
4490.1416	4.815e3
4490.8403	1.491e3
4491.5313	5.420e2
4492.1074	2.285e3
4492.6675	2.260e3
4493.2769	1.913e3
4494.4595	2.133e3
4494.8994	1.741e2
4495.2568	9.542e2
4495.8535	1.624e2
4496.3267	5.497e2
4496.6377	4.363e2
4497.1953	1.842e3
4497.8540	2.420e3
4498.2612	4.140e3
4498.7900	3.355e3
4499.2622	4.595e2
4499.6885	8.913e2
