3500.0681	6.646e2
3500.8508	7.947e2
3501.2170	9.805e2
3501.7861	1.217e3
3502.1384	7.040e2
3502.4927	1.331e3
3502.7241	2.762e3
3503.4165	4.564e2
3503.8516	8.319e2
3504.3486	6.941e2
3504.6208	4.390e2
3505.1147	5.040e2
3505.9653	2.303e3
3506.4333	5.142e2
3506.9067	1.678e3
3507.8279	2.735e2
3508.3489	1.062e3
3508.7778	2.562e3
3509.1272	7.538e2
3509.6270	8.202e2
3510.3669	2.409e3
3510.9014	3.560e3
3511.5149	1.797e3
3512.0259	1.925e3
3512.3240	1.772e3
3512.8130	1.301e3
3513.3545	1.126e3
3513.6667	7.376e2
3513.9634	2.291e2
3514.5466	2.082e3
3515.1101	1.754e3
3516.0667	2.347e3
3516.8621	2.738e2
3517.1851	6.283e2
3517.8962	1.628e3
3518.3103	2.129e3
3518.8372	1.673e3
3519.7786	1.369e3
3520.4666	3.398e3
3521.1184	1.567e3
3521.4915	1.518e3
3522.1797	2.214e3
3522.6772	2.149e3
3523.1062	1.827e3
3523.4226	6.916e2
3524.0374	1.718e3
3524.4287	4.427e2
3524.7639	2.039e2
3525.2229	1.325e3
3525.7693	4.406e2
3526.1875	1.045e3
3526.5747	4.478e3
3526.9512	2.791e3
3527.4092	6.172e2
3527.7312	5.035e2
3528.3547	1.748e3
3528.7864	2.628e3
3529.7659	1.657e3
3530.1160	2.349e3
3530.5374	1.123e3
3530.9890	3.023e3
3531.8245	6.136e2
3532.2295	3.368e2
3532.7151	1.854e3
3533.1289	6.176e2
3533.6824	2.163e3
3534.0947	8.842e2
3534.3958	1.882e3
3535.3201	2.812e3
3535.9939	2.150e3
3537.0676	1.631e3
3537.7014	9.264e2
3538.0635	1.911e2
3538.3889	1.978e3
3538.6541	6.038e3
3539.7417	1.346e3
3540.1731	2.053e3
3540.4622	8.051e2
3540.9583	1.726e3
3541.6919	1.751e3
3542.1602	3.646e2
3542.7295	5.238e3
3543.2502	6.376e2
3544.2690	3.723e3
3545.4939	1.419e2
3545.8892	8.681e2
3546.1636	3.101e2
3546.5459	2.706e3
3547.0374	7.229e2
3547.4485	8.212e2
3547.9646	3.374e3
3548.8291	4.865e3
3549.2288	2.813e3
3549.6963	1.653e3
3550.1843	8.702e2
3550.6675	1.871e3
3551.1033	3.023e3
3551.9941	8.786e2
3552.3250	4.448e2
3552.7219	1.373e3
3553.6160	3.547e3
3554.1829	2.155e3
3554.5874	2.354e3
3555.1140	1.517e3
3555.6621	2.478e2
3556.1479	4.353e3
3556.7617	2.242e3
3557.7236	4.136e2
3558.4077	3.095e3
3558.9856	2.430e3
3559.3215	1.038e3
3559.8137	7.242e2
3560.4187	2.994e2
3560.8704	1.526e3
3561.3447	1.344e3
3562.1897	3.381e3
3562.7097	2.798e3
3563.0669	9.106e2
3563.4209	5.589e2
3563.9805	2.166e3
3564.2917	6.944e2
3564.6223	2.577e3
3565.0608	7.392e2
3565.9915	6.089e2
3567.0100	1.609e3
3567.7568	9.671e2
3568.2947	7.022e2
3568.6069	2.689e3
3569.0625	1.580e3
3569.7024	4.526e2
3570.1917	2.986e3
3570.6802	1.377e3
3571.1624	1.746e3
3571.5759	1.139e3
3571.9443	4.321e3
3572.8411	9.324e2
3573.2700	2.677e2
3573.8115	1.042e3
3574.6567	3.082e2
3575.2048	2.549e3
3575.8398	7.118e2
3576.3210	2.398e3
3577.0962	1.433e3
3577.6472	1.125e2
3578.2141	1.805e3
3578.7400	3.540e2
3579.1326	8.687e2
3579.5356	1.103e3
3579.9358	1.433e3
3580.1606	1.242e3
3580.8723	3.207e3
3581.2217	1.960e3
3581.5681	9.382e2
3581.8916	7.459e2
3582.2109	1.858e3
3582.6099	6.922e2
3583.1641	7.026e2
3583.4641	8.352e2
3583.7932	1.197e3
3584.1062	2.784e3
3584.6921	8.262e2
3585.0234	2.931e2
3585.6829	5.007e2
3586.1133	7.890e2
3586.6130	1.201e3
3587.1165	2.018e3
3587.7339	3.378e2
3588.3376	1.029e3
3588.7869	2.825e3
3589.2620	5.166e2
3589.7515	2.320e3
3590.1145	3.038e3
3590.3604	1.584e3
3591.0786	5.970e2
3591.4265	1.883e3
3592.3350	6.728e2
3592.7070	7.269e2
3593.1819	6.833e2
3593.7148	1.176e2
3594.4277	8.064e2
3595.0447	1.239e3
3595.5078	9.132e2
3596.0815	3.171e3
3596.4619	3.682e2
3596.7974	1.674e3
3597.2202	3.621e2
3597.7007	2.656e2
3598.2456	1.439e3
3598.6821	6.201e3
3599.1064	5.335e3
3599.6658	7.630e2
3600.1868	4.334e3
3600.7341	3.009e3
3601.2180	9.481e2
3601.6130	3.781e2
3602.0334	4.709e2
3602.6738	1.142e3
3603.2820	6.159e2
3603.9099	2.554e3
3604.4124	1.614e3
3604.8608	4.913e2
3605.9097	6.725e2
3606.7397	7.843e2
3607.2700	2.348e3
3607.6628	4.289e2
3608.1157	1.862e3
3608.6904	3.381e3
3609.1809	1.933e3
3609.7188	1.167e3
3610.2327	2.109e3
3610.6409	2.691e3
3610.8618	2.284e3
3611.3618	8.322e2
3611.9690	7.672e2
3612.2329	1.050e3
3613.2278	9.554e2
3613.7388	8.882e2
3614.1685	1.761e3
3614.4612	7.154e2
3614.9478	6.548e2
3615.1628	3.913e2
3615.6047	1.308e3
3616.2161	1.062e3
3616.6250	1.218e3
3617.0618	1.087e3
3617.5852	2.891e3
3617.9614	7.239e2
3618.3311	2.772e3
3618.6160	2.329e3
3619.2500	1.183e3
3619.7153	1.470e3
3620.1074	2.073e3
3620.5208	6.250e2
3621.0430	1.552e3
3621.4861	7.530e2
3622.1487	1.710e3
3622.3621	9.692e2
3622.7930	1.973e3
3623.2078	2.088e3
3623.5369	1.736e3
3624.2295	2.060e3
3624.6997	7.984e2
3625.2224	2.976e3
3625.6958	6.400e2
3625.9585	1.181e3
3626.3228	7.133e2
3627.2056	8.893e2
3627.6274	3.764e2
3628.1370	9.217e2
3628.4246	8.121e2
3628.9939	2.291e3
3629.9805	7.636e2
3630.3433	3.721e2
3630.8657	2.607e3
3631.2666	1.040e3
3631.6196	3.569e3
3631.9604	1.663e3
3633.3313	8.973e2
3633.6936	1.283e3
3634.2070	1.675e3
3634.5337	1.207e3
3635.1021	2.884e3
3635.6846	7.570e1
3636.1531	2.387e3
3636.5618	6.614e1
3637.1931	1.339e3
3637.7073	1.232e3
3638.2034	1.847e3
3638.7903	2.264e3
3639.0930	4.059e3
3639.6001	3.210e3
3640.2913	2.141e3
3640.8179	1.519e3
3641.1245	7.977e2
3641.7288	1.671e3
3642.1265	1.186e3
3642.6848	2.634e2
3643.0208	8.593e2
3643.7493	4.050e3
3644.8711	5.394e2
3645.4878	1.357e3
3646.0972	4.552e2
3646.4487	1.303e3
3646.7966	2.588e3
3647.3372	4.368e2
3647.7458	1.665e3
3648.3110	2.694e3
3648.6265	1.884e3
3649.1560	2.171e3
3649.6179	9.018e2
3650.2385	1.634e3
3651.1345	2.001e3
3651.6655	2.025e2
3652.3201	1.521e3
3652.7292	1.959e3
3653.2622	2.298e3
3654.3157	2.738e3
3654.5613	1.349e3
3655.1597	1.629e3
3655.5437	7.848e2
3656.0300	1.588e3
3656.8428	2.457e2
3657.2393	1.029e3
3657.6165	8.919e2
3658.2949	1.781e3
3658.8757	2.908e3
3659.2424	2.510e3
3659.7683	1.141e3
3660.1677	1.271e3
3660.5613	1.388e1
3660.8889	2.731e1
3661.2622	8.088e2
3661.8523	1.136e3
3662.2195	2.874e3
3662.7092	1.497e3
3663.0898	1.805e3
3663.4397	3.304e3
3664.1965	1.762e3
3664.6111	2.208e3
3665.1880	1.074e3
3665.8743	1.317e3
3666.2329	2.360e3
3666.6104	2.554e3
3667.0928	2.580e3
3667.5134	5.238e2
3668.2676	3.681e2
3668.7317	9.809e2
3669.2412	2.967e2
3670.0981	9.073e2
3670.3984	1.443e3
3670.8411	4.184e3
3671.1633	2.418e3
3671.7131	9.371e2
3672.0710	1.170e3
3672.6809	6.922e2
3673.0808	1.922e3
3673.6267	1.628e3
3673.8628	8.041e2
3674.1565	1.861e3
3674.7515	5.907e2
3675.2290	1.397e3
3675.5608	2.431e2
3676.0442	1.243e3
3676.7991	2.574e2
3677.1882	1.007e3
3677.8738	4.219e2
3678.2551	1.566e3
3678.5234	1.431e3
3678.8916	3.074e2
3679.2190	7.405e3
3679.6274	2.855e3
3680.1990	1.091e4
3680.6172	2.102e3
3681.2051	9.698e3
3681.7656	2.898e2
3682.2146	9.208e3
3682.8376	3.634e3
3683.2161	4.992e3
3683.6604	1.151e3
3684.2324	3.147e3
3684.8794	9.283e2
3685.2097	1.764e3
3685.5645	6.039e2
3686.1641	2.009e3
3686.7092	1.259e3
3687.3909	1.704e3
3688.4526	3.900e3
3688.9170	7.166e3
3689.6978	2.312e3
3690.2202	2.865e3
3690.6296	1.600e3
3691.1414	3.685e3
3691.7625	3.628e2
3692.3196	3.162e3
3693.2197	1.383e3
3693.6660	1.691e3
3694.2322	2.614e3
3694.5698	2.147e3
3694.7620	1.906e3
3695.1721	1.985e3
3695.4612	4.563e2
3695.9961	1.099e3
3696.5864	6.091e2
3697.5264	4.150e3
3698.1670	4.220e3
3698.6948	3.001e3
3699.1655	1.457e3
3699.7681	6.203e2
3700.4341	1.267e3
3700.9316	1.929e3
3701.4255	1.169e3
3701.8975	1.033e3
3702.1680	2.065e3
3702.5359	2.086e3
3703.0149	1.395e3
3703.3794	1.506e3
3703.7964	1.078e3
3704.2444	8.522e2
3704.7810	4.287e2
3705.1399	1.112e3
3705.6958	3.854e2
3705.9932	8.065e2
3706.3086	2.060e3
3706.8091	1.117e3
3707.2002	3.995e3
3707.5618	1.093e3
3708.2134	8.471e3
3708.7422	1.179e3
3709.2144	1.005e4
3709.7029	1.795e3
3710.2495	8.043e3
3710.7500	2.086e3
3711.2109	5.188e3
3711.8640	6.461e2
3712.2161	3.167e3
3712.7441	1.933e3
3713.2886	2.600e3
3713.6555	1.768e3
3714.2327	1.033e3
3714.6482	6.982e2
3715.3428	2.438e3
3715.9810	1.366e3
3716.2615	2.893e2
3716.9587	2.373e2
3717.2976	3.325e2
3717.6794	4.025e2
3718.2170	2.037e3
3718.6768	3.457e3
3719.1958	6.368e3
3719.9480	1.581e3
3720.2209	1.913e3
3721.2837	1.328e3
3721.5828	3.583e2
3722.2158	2.928e3
3722.6990	2.394e3
3723.1252	8.585e2
3723.6079	1.067e3
3724.1772	9.678e2
3724.4219	1.626e3
3724.8164	8.989e2
3725.1960	2.106e3
3726.1987	1.573e3
3726.6357	8.503e2
3727.1394	1.551e3
3727.6394	7.970e2
3728.3372	3.048e3
3729.0442	3.289e3
3729.4807	2.864e3
3730.2783	2.386e3
3730.5608	9.415e2
3730.9329	1.114e3
3731.4722	3.693e2
3731.7249	5.397e2
3732.2810	3.977e2
3733.1567	1.600e3
3733.4272	1.386e3
3734.0515	3.544e3
3734.8313	1.148e3
3735.1243	1.218e3
3735.6934	3.926e2
3736.2620	2.136e3
3736.4675	1.198e3
3736.7871	3.021e3
3737.2046	3.104e3
3737.7871	1.316e3
3738.2268	2.295e3
3738.5723	2.058e3
3739.2356	1.603e3
3740.0967	2.284e3
3741.3982	1.950e2
3741.9409	5.363e2
3742.4773	1.955e3
3742.9775	7.653e2
3743.3123	2.294e3
3743.7041	1.918e3
3744.0767	7.993e2
3744.4026	1.502e3
3744.6606	5.709e2
3745.1560	1.080e3
3745.4614	7.613e2
3745.7925	3.018e2
3746.2637	3.212e3
3746.8132	1.160e3
3747.1853	1.020e3
3747.5994	7.780e2
3748.4404	3.476e3
3748.8608	4.030e2
3749.2668	2.074e3
3749.7249	3.564e2
3750.2942	2.394e3
3750.8862	2.616e3
3751.2166	3.886e3
3751.5913	2.058e3
3751.8357	2.563e3
3752.1238	3.719e3
3752.4622	2.235e3
3753.2700	3.928e3
3754.2729	3.344e3
3754.6616	8.523e2
3755.2139	1.808e3
3755.4607	8.803e2
3756.0198	1.665e3
3756.2620	1.013e3
3756.7959	7.188e2
3757.2214	1.494e3
3757.7026	2.067e3
3758.3252	2.724e3
3758.8755	2.459e3
3759.2236	1.397e3
3759.7295	1.448e3
3760.0710	2.276e3
3760.4211	2.909e3
3760.8491	8.022e3
3761.2832	3.361e3
3761.8496	2.189e3
3762.3301	2.565e3
3763.6331	3.394e3
3764.2534	2.334e3
3764.5618	4.133e2
3765.1538	2.642e3
3765.8826	7.506e2
3766.2959	3.202e3
3766.7896	1.854e3
3767.2385	2.592e3
3767.7610	3.501e2
3768.3723	5.499e3
3769.0330	2.950e3
3769.4299	3.088e3
3769.6606	1.854e3
3770.2007	3.881e3
3770.8494	2.103e3
3771.2461	3.601e3
3771.8635	1.832e3
3772.2073	4.387e3
3772.5620	1.500e3
3773.2546	2.737e3
3773.7251	1.173e3
3774.2397	3.654e3
3774.7144	2.831e3
3775.1990	3.391e3
3775.8921	1.155e3
3776.2063	2.613e3
3776.6729	1.346e3
3777.2249	1.161e3
3777.7017	1.168e3
3778.3445	5.610e3
3778.7239	7.132e3
3779.2109	6.122e3
3779.5605	1.728e3
3780.2595	4.981e3
3780.8438	2.055e3
3781.2090	3.920e3
3781.8379	2.218e3
3782.2166	3.627e3
3782.6179	1.275e3
3783.3169	5.185e3
3784.2036	1.343e3
3784.5833	2.767e2
3785.1787	2.814e3
3785.6179	9.994e2
3786.0710	2.278e3
3786.7383	1.038e3
3787.1973	9.008e2
3787.7437	1.339e3
3788.0959	1.547e3
3788.3210	2.990e3
3788.7727	2.498e3
3789.1208	2.158e3
3789.5581	9.013e2
3790.2341	2.601e3
3790.7065	2.128e3
3791.2437	2.661e3
3791.6890	1.495e3
3792.2720	3.181e3
3792.5627	1.946e3
3793.3201	3.038e3
3793.5605	2.237e3
3794.2761	2.162e3
3794.8413	1.621e3
3795.2222	2.179e3
3795.7878	8.017e2
3796.2451	4.598e3
3797.2661	1.911e3
3797.6279	6.863e2
3798.0955	1.386e3
3798.6245	3.794e3
3799.1211	4.821e3
3799.4626	1.929e3
3799.8828	3.097e3
3800.2471	2.014e3
3801.0623	2.558e3
3801.6804	2.178e3
3802.2173	1.249e3
3802.7383	1.989e3
3803.2134	1.236e3
3803.5154	1.115e3
3803.8931	3.769e2
3804.2627	1.446e3
3804.7607	2.948e2
3805.2463	1.289e3
3805.8494	1.507e3
3806.3042	5.288e3
3807.1921	4.254e3
3807.6267	1.485e3
3808.3325	5.037e3
3808.8621	4.716e3
3809.2134	3.172e3
3809.6760	6.260e2
3809.9736	1.084e3
3810.2983	2.479e3
3810.7356	1.043e3
3811.2407	2.285e3
3811.5603	8.471e2
3812.1919	1.425e3
3813.3528	1.490e3
3813.7314	1.550e3
3814.4141	4.020e3
3814.7495	2.649e3
3815.1260	2.626e3
3816.0847	4.864e3
3816.7815	9.269e2
3817.2458	5.646e3
3817.7620	4.423e2
3818.2781	3.264e3
3818.6106	3.302e3
3819.2517	5.465e3
3819.9265	1.507e3
3820.3000	3.704e3
3820.8296	1.027e3
3821.2644	2.913e3
3821.8096	8.400e2
3822.3228	3.408e3
3822.6980	6.759e2
3823.2908	5.691e3
3823.6162	3.399e3
3824.1663	5.152e3
3824.8306	4.267e2
3825.2378	1.281e3
3825.9419	7.974e2
3826.3340	1.426e3
3826.7561	1.422e3
3827.2659	2.396e3
3827.7327	1.447e3
3828.4424	4.245e3
3829.1399	3.155e3
3829.6614	5.251e2
3830.3132	2.802e3
3830.8091	1.149e3
3831.2495	2.127e3
3831.8215	1.614e3
3832.2498	2.349e3
3832.5193	2.627e3
3832.8608	1.098e3
3833.3125	4.099e3
3833.7300	1.107e3
3834.3223	5.710e3
3834.7161	1.649e3
3835.3064	1.746e4
3835.8191	1.406e3
3836.3022	2.923e4
3836.8064	1.321e3
3837.3071	3.134e4
3837.7649	1.157e3
3838.3074	2.407e4
3838.7183	2.546e3
3839.3091	1.545e4
3840.3030	7.392e3
3840.9600	2.016e3
3841.3232	5.237e3
3841.8979	2.966e3
3842.4136	6.807e3
3842.9321	2.369e3
3843.3208	1.897e3
3843.7146	1.317e3
3844.3010	2.585e3
3844.9414	1.362e3
3845.2305	1.748e3
3845.9878	1.131e3
3846.3164	2.455e3
3846.6184	1.854e3
3847.2983	3.696e3
3847.9597	2.626e3
3848.3362	6.345e3
3848.7932	3.292e3
3849.2883	4.794e3
3849.7371	3.690e3
3850.3374	5.478e3
3850.6497	3.081e3
3851.2969	5.296e3
3851.8748	1.526e3
3852.3105	5.386e3
3852.8015	1.117e3
3853.3589	2.998e3
3853.8354	2.091e3
3854.2839	2.626e3
3854.6345	1.328e3
3854.9690	1.655e3
3855.3953	2.299e3
3855.7244	2.054e3
3856.3484	1.333e3
3856.7900	1.249e3
3857.3015	1.527e3
3857.7715	6.849e2
3858.3215	2.370e3
3858.7390	2.231e3
3859.2942	8.080e3
3859.9033	3.992e3
3860.2612	1.638e3
3860.6238	1.525e3
3860.9441	1.033e3
3861.2988	1.540e3
3861.8301	2.053e3
3862.3489	5.678e3
3862.8179	3.687e3
3863.3438	9.432e3
3863.8230	1.330e3
3864.3149	1.227e4
3864.8916	7.184e2
3865.3169	1.137e4
3865.8206	1.330e3
3866.3149	9.722e3
3866.7258	1.113e3
3867.3506	7.939e3
3868.3271	5.269e3
3868.6794	4.996e3
3869.3596	3.853e3
3869.9514	2.574e3
3870.4148	5.223e3
3870.8445	1.879e3
3871.1223	2.967e3
3871.4602	8.734e2
3871.8354	2.123e3
3872.3035	2.276e3
3872.7153	1.561e3
3873.3948	4.006e3
3873.8613	6.073e2
3874.3176	3.639e3
3874.7642	1.023e3
3875.2397	3.056e3
3875.8933	5.899e2
3876.3103	3.579e3
3876.8767	9.998e2
3877.3301	4.013e3
3878.3367	7.884e3
3878.7305	1.835e3
3879.3071	4.289e3
3879.5618	1.494e3
3880.3049	4.850e3
3880.8823	1.867e3
3881.2437	3.659e3
3881.7048	3.116e3
3882.2256	3.965e3
3883.2480	2.621e3
3883.6470	2.854e3
3884.2368	1.759e3
3884.6934	5.269e2
3884.9609	5.423e2
3885.3572	7.240e2
3885.9812	1.618e3
3886.2947	2.516e3
3886.7202	3.471e3
3887.2026	2.814e3
3887.4604	1.541e3
3888.2266	5.525e3
3889.2300	3.115e3
3889.5610	5.716e2
3889.8540	9.086e2
3890.3083	5.805e3
3890.8054	1.311e3
3891.3525	7.007e3
3891.7585	5.951e2
3892.3623	1.004e4
3893.3245	7.578e3
3893.8816	7.463e2
3894.3516	5.862e3
3894.7419	1.194e3
3894.9607	6.169e2
3895.3308	4.547e3
3895.7656	2.465e3
3896.3188	2.923e3
3896.7786	1.534e3
3897.1636	2.872e3
3897.3604	1.793e3
3897.8235	2.240e3
3898.2656	5.268e3
3898.6384	3.271e3
3899.1797	3.436e3
3899.6470	2.080e3
3900.2114	2.377e3
3901.1824	3.264e3
3901.7437	1.219e3
3902.2878	2.651e3
3902.8003	1.536e3
3903.4556	6.522e3
3904.3354	3.880e3
3904.9004	2.505e3
3905.3572	5.568e3
3905.9011	2.309e3
3906.3586	7.542e3
3906.9387	1.173e3
3907.3438	6.852e3
3907.7390	1.150e3
3908.2271	1.266e4
3908.8669	3.438e3
3909.3169	5.677e3
3910.3062	5.637e3
3910.7146	1.914e3
3911.2810	4.471e3
3911.8613	8.342e2
3912.3062	1.721e3
3913.3450	3.085e3
3913.5605	1.086e3
3913.8438	1.986e3
3914.2571	2.465e3
3915.2451	4.487e3
3915.8313	1.279e3
3916.2783	5.360e3
3916.6963	2.129e3
3917.2764	6.890e3
3918.3638	1.493e4
3919.2444	5.969e3
3919.6182	2.186e3
3920.2629	6.609e3
3920.9036	1.973e3
3921.3335	4.054e3
3921.9387	2.259e3
3922.3398	5.592e3
3922.6619	2.452e3
3923.3281	5.355e3
3923.8787	1.850e3
3924.3052	2.167e3
3924.7197	1.180e3
3925.3025	3.788e3
3925.7959	1.215e3
3926.0740	1.731e3
3926.3560	2.365e3
3926.7244	1.608e3
3927.1052	1.612e3
3927.5320	1.579e3
3927.9919	1.099e3
3928.5576	6.011e3
3929.2266	2.240e3
3929.9954	1.080e3
3930.2327	1.864e3
3930.6746	4.821e2
3930.9641	8.944e2
3931.3230	2.525e3
3931.6614	4.743e2
3931.9685	9.808e2
3932.3318	5.247e3
3932.8623	1.118e3
3933.3293	5.017e3
3933.7773	1.707e3
3934.3621	9.074e3
3934.8247	2.943e3
3935.3767	1.066e4
3935.8662	2.360e3
3936.3711	1.114e4
3936.8572	1.622e3
3937.3804	9.599e3
3937.9277	1.934e3
3938.3909	1.047e4
3939.3469	6.058e3
3939.6616	8.045e2
3940.3794	6.963e3
3940.9170	2.210e3
3941.3162	3.493e3
3941.8708	2.363e3
3942.4138	3.223e3
3942.6609	1.792e3
3942.9617	8.612e2
3943.3721	2.492e3
3943.6604	1.358e3
3944.3262	2.365e3
3944.6638	6.836e2
3945.2930	2.044e3
3945.6299	6.512e2
3946.3413	4.821e3
3946.6621	1.628e3
3946.9607	7.387e2
3947.3186	2.485e3
3947.7173	3.170e3
3948.3835	4.932e3
3948.8813	2.276e3
3949.3921	7.766e3
3949.9316	3.199e3
3950.3884	1.041e4
3950.6624	1.889e3
3950.9629	1.039e3
3951.3950	8.744e3
3951.8967	5.982e2
3952.3948	6.775e3
3952.7964	1.165e3
3953.3984	7.685e3
3953.9197	2.120e3
3954.3564	4.306e3
3954.8691	9.899e2
3955.2988	2.771e3
3956.1460	4.797e3
3956.7930	1.864e3
3957.3796	4.068e3
3958.3867	5.648e3
3958.6318	6.900e3
3959.3274	6.664e3
3959.6628	1.743e3
3960.3037	7.164e3
3960.8943	2.753e3
3961.3171	6.061e3
3961.7246	2.640e3
3962.3669	6.715e3
3962.9353	1.687e3
3963.3840	6.625e3
3963.9229	1.976e3
3964.3853	6.537e3
3964.8650	8.056e2
3965.3867	4.519e3
3965.9692	1.292e3
3966.3945	3.833e3
3966.7170	1.733e3
3967.3777	3.834e3
3967.7393	1.509e3
3968.1917	2.364e3
3968.5266	3.757e3
3969.1196	3.141e3
3969.5159	3.372e3
3970.2234	7.287e3
3970.8616	9.432e2
3971.2485	2.980e3
3971.6611	6.812e2
3972.2715	3.378e3
3972.7856	1.066e3
3973.3940	8.355e3
3973.9287	1.403e3
3974.3887	1.315e4
3974.8418	2.099e3
3975.3938	1.328e4
3975.9719	1.865e3
3976.3918	1.475e4
3976.7612	2.454e3
3977.3916	2.023e4
3977.9285	2.107e3
3978.3940	2.917e4
3978.8606	2.439e3
3979.3926	2.887e4
3979.8181	1.857e3
3980.4004	2.271e4
3980.8728	4.729e3
3981.3936	1.847e4
3981.6611	1.610e3
3982.0840	2.677e3
3982.3999	1.090e4
3982.7605	7.637e2
3983.3982	7.207e3
3983.7346	1.756e3
3984.3530	4.978e3
3984.9504	2.782e3
3985.3345	3.563e3
3985.5613	1.967e3
3985.8970	1.103e3
3986.3196	5.755e3
3986.7625	1.195e3
3987.3188	3.120e3
3987.7705	1.631e3
3988.3572	7.086e3
3988.8157	3.524e3
3989.3293	8.704e3
3989.8984	5.759e3
3990.3665	9.806e3
3990.7891	5.284e3
3991.4045	2.502e5
3991.8345	5.662e3
3992.4063	5.148e5
3992.9031	6.685e3
3993.4080	5.747e5
3993.8657	6.577e3
3994.4089	4.436e5
3994.9460	7.101e3
3995.4104	2.742e5
3995.9260	6.952e3
3996.4121	1.368e5
3996.9736	5.957e3
3997.4114	6.151e4
3997.9695	3.883e3
3998.4124	2.558e4
3998.9473	4.531e3
3999.4026	1.295e4
3999.8621	1.673e3
4000.3696	7.513e3
4000.9602	8.854e2
4001.3350	4.476e3
4001.8418	2.311e3
4002.3384	5.390e3
4002.7673	2.003e3
4003.4175	9.588e3
4003.9795	1.512e3
4004.3572	6.661e3
4004.8618	1.002e3
4005.4099	2.767e4
4005.8237	2.566e3
4006.4197	5.796e4
4006.8818	2.747e3
4007.4189	6.119e4
4007.9194	1.439e3
4008.4182	4.992e4
4008.9395	2.774e3
4009.4202	3.193e4
4009.9307	2.724e3
4010.4204	1.819e4
4011.0330	2.025e3
4011.4282	9.309e3
4012.0349	1.888e3
4012.4004	6.734e3
4013.3940	8.107e3
4013.8582	5.108e3
4014.3777	8.089e3
4014.8730	4.312e3
4015.3738	8.713e3
4015.7417	1.534e3
4016.3479	1.176e4
4016.9243	1.388e3
4017.3960	8.452e3
4018.3735	7.691e3
4018.9167	2.845e3
4019.3813	1.061e4
4019.9253	2.224e3
4020.3999	1.257e4
4020.9136	1.081e3
4021.4114	1.339e4
4021.8989	2.525e3
4022.4014	1.308e4
4022.7615	1.190e3
4023.0547	1.450e3
4023.4072	9.155e3
4023.9236	2.182e3
4024.4014	7.130e3
4025.3718	6.040e3
4025.9309	1.867e3
4026.3232	4.012e3
4026.6909	7.429e2
4026.9709	1.743e3
4027.3613	4.956e3
4027.9236	1.300e3
4028.3889	4.857e3
4028.8633	9.456e2
4029.3584	9.492e3
4029.9111	2.322e3
4030.3718	2.298e4
4031.3611	1.791e4
4031.7930	2.844e3
4032.3611	1.314e4
4032.9392	1.703e3
4033.3721	1.289e4
4033.9573	1.545e3
4034.3857	1.113e4
4034.9614	8.000e2
4035.3950	1.086e4
4035.8416	1.493e3
4036.3936	1.316e4
4036.9885	1.224e3
4037.3899	1.213e4
4037.9858	8.128e2
4038.3889	8.621e3
4038.6604	2.341e3
4039.4031	8.257e3
4039.7620	1.583e3
4040.0862	2.235e3
4040.3176	3.744e3
4040.7493	1.598e3
4041.3042	6.572e3
4041.9827	1.289e3
4042.3540	3.187e3
4042.5620	1.941e3
4042.9719	9.661e2
4043.3694	4.672e3
4043.7268	1.829e3
4044.3560	6.767e3
4044.7993	2.259e3
4045.3269	1.071e4
4045.7732	1.076e3
4046.3345	1.698e4
4046.8752	1.841e3
4047.3450	1.629e4
4047.8552	2.456e3
4048.3831	2.175e4
4048.8618	2.228e3
4049.3997	2.263e4
4049.8611	1.907e3
4050.4114	2.043e4
4051.4070	1.796e4
4051.9146	2.547e3
4052.4182	1.108e4
4052.9614	8.077e2
4053.3970	7.586e3
4053.9375	1.767e3
4054.3926	9.312e3
4054.9377	1.579e3
4055.3853	1.157e4
4055.7632	1.094e3
4056.3926	1.283e4
4056.9209	1.265e3
4057.3914	1.209e4
4057.9253	3.068e3
4058.4006	1.595e4
4058.9604	1.398e3
4059.3933	8.480e3
4059.9563	2.040e3
4060.3933	8.056e3
4060.7625	1.685e3
4061.3857	1.076e4
4062.4001	1.001e4
4062.9465	1.729e3
4063.4270	1.597e4
4063.7803	1.209e3
4064.4053	1.947e4
4064.9617	7.343e2
4065.4121	1.552e4
4065.9622	2.233e3
4066.4028	1.284e4
4066.9248	2.060e3
4067.4106	9.941e3
4067.8474	1.564e3
4068.3562	9.535e3
4068.7505	4.716e3
4069.3438	8.011e3
4070.4097	8.660e3
4070.7634	1.307e3
4071.3494	5.731e3
4071.8445	2.239e3
4072.3630	8.571e3
4072.9270	1.953e3
4073.3569	7.673e3
4073.9561	1.874e3
4074.3916	6.467e3
4074.8733	3.595e3
4075.4004	7.661e3
4075.8840	2.053e3
4076.3779	8.687e3
4076.7175	1.818e3
4077.3887	7.860e3
4077.6614	2.812e3
4078.3958	1.050e4
4078.7888	1.296e3
4079.3918	1.343e4
4079.7747	2.024e3
4080.3186	1.393e4
4080.9426	1.219e3
4081.3701	8.414e3
4082.3584	7.038e3
4082.8782	1.521e3
4083.3462	8.729e3
4084.3413	9.237e3
4084.9468	1.507e3
4085.3467	6.943e3
4086.3613	8.260e3
4086.9426	1.569e3
4087.3760	8.346e3
4087.8406	2.566e3
4088.3801	1.353e4
4088.9124	2.150e3
4089.3882	2.082e4
4089.8889	1.972e3
4090.3936	3.340e4
4090.8645	1.257e3
4091.3965	3.474e4
4091.8606	9.854e2
4092.3955	3.028e4
4092.9331	1.491e3
4093.3950	2.840e4
4093.9248	2.628e3
4094.3826	2.254e4
4095.3716	1.299e4
4095.8784	7.662e2
4096.3799	1.038e4
4096.8618	9.257e2
4097.3442	7.457e3
4098.3687	7.604e3
4099.3379	4.181e3
4099.7148	1.045e3
4100.3813	4.551e3
4100.8188	1.037e3
4101.4023	4.689e3
4101.7310	2.995e3
4102.4116	9.611e3
4102.9360	2.876e3
4103.4448	1.167e4
4103.8115	2.109e3
4104.3877	7.704e3
4105.3955	7.836e3
4105.7661	9.587e2
4106.4136	8.283e3
4106.9316	1.389e3
4107.4141	6.501e3
4107.8242	2.505e3
4108.3872	6.005e3
4108.6616	1.933e3
4109.3257	6.201e3
4110.4019	7.747e3
4111.3203	9.267e3
4111.7227	2.775e3
4112.3999	8.868e3
4112.9214	2.473e3
4113.3696	9.545e3
4113.8608	1.136e3
4114.3506	7.804e3
4114.9248	1.349e3
4115.3652	7.503e3
4115.9604	1.252e3
4116.3477	5.364e3
4117.3467	5.769e3
4117.6611	7.447e2
4118.3789	8.976e3
4118.9609	7.692e2
4119.3623	4.733e3
4120.4092	9.687e3
4121.3887	7.212e3
4121.9429	1.387e3
4122.3486	4.768e3
4122.9517	8.134e2
4123.3662	4.868e3
4123.8857	2.821e3
4124.3125	2.404e3
4124.6191	1.939e3
4125.3721	4.062e3
4126.3174	4.204e3
4126.6626	1.734e3
4127.3276	8.386e3
4127.7617	1.019e3
4128.3276	1.196e4
4128.8867	5.241e3
4129.3320	1.471e4
4129.8965	1.346e3
4130.3452	1.268e4
4130.9873	9.781e2
4131.3369	8.584e3
4131.8979	4.797e2
4132.3511	9.479e3
4132.9746	7.948e2
4133.3682	8.944e3
4133.7612	1.227e3
4134.3594	1.127e4
4135.3506	9.677e3
4135.6621	1.460e3
4135.9604	7.436e2
4136.3594	7.477e3
4137.3491	7.664e3
4138.3857	1.069e4
4138.7236	4.701e3
4139.3281	5.523e3
4139.8291	1.284e3
4140.3286	5.840e3
4140.9609	6.724e2
4141.3442	5.083e3
4141.9688	1.755e3
4142.3228	8.645e3
4143.3174	1.125e4
4144.3335	1.097e4
4144.6636	1.001e3
4145.3242	1.507e4
4146.3560	1.251e4
4147.3750	1.040e4
4147.8267	1.996e3
4148.3735	1.202e4
4149.3350	5.547e3
4149.8999	7.603e2
4150.3784	6.511e3
4150.7612	1.764e3
4151.3267	6.518e3
4151.8564	1.377e3
4152.3364	4.011e3
4152.8418	2.485e3
4153.3398	6.759e3
4154.3472	5.615e3
4154.9492	9.778e2
4155.3315	4.566e3
4156.3311	7.955e3
4156.7847	2.622e3
4157.3604	7.712e3
4158.3745	1.133e4
4158.7817	5.295e3
4159.3618	9.368e3
4160.0645	2.662e3
4160.4038	8.151e3
4160.9351	1.563e3
4161.4111	6.845e3
4161.9604	1.641e3
4162.3784	6.561e3
4162.7642	1.252e3
4163.4004	6.633e3
4163.8843	1.889e3
4164.3770	4.950e3
4165.3940	5.451e3
4165.8696	1.621e3
4166.3389	6.791e3
4167.3130	5.156e3
4167.6602	1.469e3
4168.3804	9.430e3
4169.2783	4.905e3
4169.8843	2.495e3
4170.3647	7.495e3
4171.3208	3.955e3
4171.8354	1.684e3
4172.3560	4.314e3
4172.9053	1.656e3
4173.3569	4.020e3
4173.9453	2.673e3
4174.3774	6.668e3
4174.7607	1.291e3
4175.3208	5.074e3
4175.7627	8.554e2
4176.3257	3.766e3
4176.9331	1.190e3
4177.3516	5.194e3
4177.8633	2.071e3
4178.4331	9.552e3
4179.2559	6.527e3
4180.3276	5.905e3
4180.8462	2.069e3
4181.3052	5.408e3
4182.3379	6.041e3
4183.2974	7.985e3
4183.6611	2.881e3
4184.3149	6.137e3
4184.7612	7.957e2
4185.3081	4.457e3
4186.3149	5.470e3
4187.3354	5.614e3
4187.7612	4.155e2
4188.3672	4.830e3
4188.8491	2.645e3
4189.3398	6.537e3
4190.2998	6.722e3
4190.6626	1.111e3
4190.9775	5.560e2
4191.3428	4.663e3
4191.7363	1.437e3
4192.3022	9.981e3
4192.8403	2.034e3
4193.3135	7.899e3
4194.2646	6.668e3
4194.8721	1.039e3
4195.3462	3.789e3
4196.3115	3.732e3
4196.8643	8.816e2
4197.2866	3.799e3
4197.7783	8.170e2
4198.3999	8.328e3
4199.2734	3.908e3
4199.7729	4.078e3
4200.3906	3.843e3
4200.8730	1.790e3
4201.3721	8.109e3
4202.3330	5.940e3
4202.8989	4.011e2
4203.3311	3.959e3
4203.9531	1.734e3
4204.3730	4.242e3
4204.8403	1.122e3
4205.3403	4.308e3
4205.9600	1.615e3
4206.3394	5.061e3
4207.3335	3.829e3
4207.8403	1.122e3
4208.2539	2.719e3
4208.5640	1.426e3
4208.8618	5.965e2
4209.3262	4.285e3
4210.2710	3.749e3
4210.5459	3.352e3
4210.9312	2.397e3
4211.3184	4.327e3
4211.7002	3.439e3
4212.2910	5.354e3
4212.6602	1.239e3
4213.3652	6.642e3
4214.2720	4.152e3
4214.6260	2.768e3
4215.3442	4.315e3
4215.8843	7.718e2
4216.4004	6.489e3
4217.3975	5.848e3
4218.4116	6.347e3
4218.8164	2.150e3
4219.3989	7.300e3
4220.3081	3.894e3
4221.2251	1.317e3
4221.5820	6.613e2
4222.1636	3.491e3
4222.4199	4.041e3
4223.1060	8.964e3
4223.6997	3.973e3
4224.2554	4.175e3
4224.6167	1.617e3
4225.2783	3.734e3
4225.7251	4.818e2
4226.3130	6.704e3
4227.2856	4.066e3
4228.3350	1.179e4
4229.2554	7.058e3
4229.9771	2.096e3
4230.3574	6.298e3
4231.3193	4.621e3
4232.3237	4.842e3
4233.3223	6.161e3
4233.6162	3.511e3
4234.3047	5.338e3
4234.5630	2.550e3
4235.2744	4.403e3
4236.3374	3.942e3
4237.3252	3.821e3
4237.8286	2.124e3
4238.3462	3.975e3
4238.6108	3.196e3
4239.2358	3.568e3
4239.8516	1.749e3
4240.2485	3.895e3
4240.5615	1.848e3
4241.3853	4.064e3
4242.2476	4.765e3
4242.7695	2.704e2
4243.3203	4.766e3
4243.6621	1.336e3
4244.3433	6.145e3
4244.7607	7.794e2
4245.4336	4.137e3
4245.7607	4.153e2
4246.4185	6.766e3
4247.2271	5.979e3
4247.5620	2.010e3
4248.2192	5.257e3
4248.5610	3.324e3
4249.3281	5.957e3
4250.2437	4.280e3
4250.8179	1.198e3
4251.3066	6.455e3
4252.2798	3.300e3
4252.7568	1.018e3
4253.3320	2.930e3
4254.3105	4.101e3
4254.8931	1.022e3
4255.3135	4.767e3
4255.7197	1.684e3
4256.2681	3.077e3
4256.8877	6.134e2
4257.3252	3.057e3
4258.3315	9.196e3
4259.2129	2.311e3
4259.6665	4.232e3
4260.3115	3.022e3
4260.8569	1.531e3
4261.2681	2.388e3
4261.9736	9.962e2
4262.3311	2.304e3
4262.5615	1.531e3
4263.2178	3.365e3
4263.6729	1.548e3
4264.2544	4.753e3
4264.8335	1.661e3
4265.2764	4.006e3
4266.2813	5.781e3
4267.1753	3.656e3
4267.6050	2.433e3
4268.2769	4.287e3
4268.5630	2.782e3
4269.2827	2.846e3
4269.7290	8.294e2
4270.3838	9.285e3
4271.2632	6.099e3
4272.2368	3.561e3
4272.6040	2.944e3
4273.3477	6.622e3
4274.2095	5.537e3
4275.3887	3.266e3
4276.2021	4.408e3
4276.7979	1.337e3
4277.2451	2.642e3
4277.7915	1.374e3
4278.2368	4.045e3
4278.6772	2.182e3
4279.2480	4.011e3
4279.5649	1.993e3
4280.3159	3.667e3
4281.2241	3.709e3
4281.5625	7.193e2
4282.3521	7.875e3
4282.8345	3.557e3
4283.3564	5.250e3
4284.3496	3.955e3
4284.7881	4.652e2
4285.2339	2.664e3
4285.6328	1.021e3
4286.3057	3.679e3
4286.8394	3.187e2
4287.2627	2.280e3
4288.2275	4.742e3
4288.6011	4.581e3
4289.2534	5.577e3
4290.2300	2.550e3
4290.4609	1.173e3
4290.7612	7.088e2
4291.1719	1.223e3
4291.5757	1.898e3
4292.2910	3.219e3
4292.6611	6.179e2
4293.2715	3.281e3
4293.7300	2.537e3
4294.2944	4.417e3
4294.7764	4.014e3
4295.2568	2.719e3
4296.1763	4.447e3
4296.5601	7.852e2
4296.9956	5.663e2
4297.3081	2.064e3
4298.3042	3.107e3
4298.5610	1.183e3
4299.0435	1.883e3
4299.3145	2.210e3
4299.6631	7.710e2
4300.1709	4.691e3
4300.6182	2.429e3
4301.2607	2.774e3
4301.5605	1.396e3
4302.4551	4.958e3
4303.1582	4.775e3
4303.4619	2.589e3
4304.1680	3.588e3
4304.5649	1.267e3
4305.2583	1.689e3
4305.7925	1.056e3
4306.2856	4.002e3
4306.7314	1.439e3
4307.3354	2.992e3
4308.2778	3.105e3
4308.5601	1.920e3
4309.2930	3.885e3
4309.9468	1.997e3
4310.4175	6.808e3
4310.7637	2.026e3
4311.1948	3.818e3
4311.8984	1.104e3
4312.3066	5.103e3
4313.2114	4.119e3
4313.7832	1.157e3
4314.2114	2.761e3
4314.7217	9.906e2
4315.2852	1.216e3
4315.5610	4.042e2
4315.9512	1.979e3
4316.2275	2.712e3
4317.2832	4.458e3
4318.1846	4.461e3
4318.6035	3.866e3
4319.2334	3.586e3
4319.7925	1.711e3
4320.2886	3.371e3
4320.8486	1.486e3
4321.3267	4.798e3
4321.7163	2.519e3
4322.1880	2.531e3
4322.6196	2.090e3
4322.8628	1.390e3
4323.2729	2.392e3
4323.7378	1.200e3
4324.2412	4.479e3
4324.8896	3.218e2
4325.2441	2.533e3
4325.7939	1.104e3
4326.2251	2.450e3
4326.5898	2.151e3
4327.2661	4.295e3
4327.8101	1.918e3
4328.3389	4.494e3
4328.7393	3.044e3
4329.3208	2.368e3
4330.2505	3.495e3
4330.4624	1.911e3
4330.8955	5.961e2
4331.2690	3.330e3
4332.4404	4.061e3
4332.7437	3.049e3
4333.3315	2.774e3
4333.8638	2.053e3
4334.1699	2.974e3
4334.9346	1.894e3
4335.1621	1.080e3
4335.5952	9.496e2
4336.2671	3.996e3
4337.1309	3.241e3
4338.2593	4.980e3
4338.6372	2.212e3
4339.2100	2.579e3
4339.7866	1.231e3
4340.2925	2.791e3
4341.2129	2.648e3
4341.5605	8.119e2
4342.2124	1.578e3
4342.8921	2.484e3
4343.5366	5.097e3
4344.2314	2.693e3
4345.2988	4.292e3
4345.8735	1.960e3
4346.2266	1.846e3
4346.5220	1.327e3
4346.8188	1.046e3
4347.2129	1.593e3
4347.6733	2.750e3
4348.2471	2.515e3
4348.5176	2.594e3
4349.0459	3.956e3
4349.5605	1.577e3
4350.1938	2.149e3
4350.6274	9.815e2
4351.2759	2.241e3
4351.8350	8.365e2
4352.2852	2.037e3
4353.2153	3.030e3
4353.6929	3.789e2
4354.3589	5.284e3
4354.8062	4.222e3
4355.3545	2.395e3
4356.2104	2.852e3
4357.1440	1.558e3
4357.4204	9.808e2
4358.3276	5.190e3
4358.9014	5.393e3
4360.2466	3.834e3
4360.8779	1.293e3
4361.2178	1.236e3
4361.6084	9.727e2
4362.1997	2.373e3
4362.5269	1.340e3
4363.1411	2.302e3
4363.5371	3.080e3
4364.2241	2.950e3
4364.7207	6.806e2
4365.2817	3.805e3
4366.0356	4.861e3
4366.4272	3.775e3
4367.3989	4.585e3
4367.8823	1.776e3
4368.2144	4.233e3
4368.6475	1.587e3
4369.0532	4.031e3
4369.7656	1.358e3
4370.1475	2.446e3
4370.5454	2.921e3
4371.1401	2.871e3
4371.5615	6.857e2
4371.8618	4.311e2
4372.2944	2.016e3
4372.7056	2.283e3
4373.3218	2.138e3
4373.5620	1.409e3
4374.2563	3.441e3
4374.6606	1.409e3
4375.1953	1.685e3
4375.4619	6.298e2
4376.1421	2.936e3
4376.6104	4.386e2
4377.1616	1.658e3
4377.6499	1.669e3
4378.2959	3.452e3
4379.4668	4.094e3
4380.1631	2.084e3
4380.5884	8.589e2
4381.1621	4.801e3
4381.7275	2.074e3
4382.1890	4.622e3
4382.7617	6.966e2
4383.2749	3.339e3
4384.2974	2.813e3
4384.9858	8.346e2
4385.5684	6.240e2
4385.8604	1.231e2
4386.2158	5.252e2
4386.8921	4.548e2
4387.3145	2.096e3
4387.7373	1.129e3
4388.2490	3.071e3
4389.2344	1.919e3
4389.8418	1.113e3
4390.5317	7.542e3
4391.2070	3.301e3
4391.5605	1.455e3
4392.2422	5.648e2
4392.7168	1.278e3
4393.2236	2.563e3
4394.2749	3.047e3
4395.2002	1.516e3
4395.8208	4.784e2
4396.2637	6.925e2
4396.6133	6.348e2
4397.1577	8.231e2
4398.1846	2.257e3
4398.5962	2.293e3
4399.1621	1.680e3
4399.3608	1.152e3
4399.7231	1.768e3
4400.2515	1.731e3
4401.3809	3.642e3
4401.7202	1.622e3
4402.1636	4.037e3
4402.6230	3.037e3
4403.2495	2.423e3
4403.5610	1.371e3
4404.1201	1.665e3
4404.6523	4.427e2
4405.1484	1.630e3
4406.0723	2.219e3
4406.8359	7.286e2
4407.2681	1.931e3
4408.1616	1.816e3
4408.4565	1.866e3
4408.9009	2.516e3
4409.2813	2.739e3
4409.7856	1.627e3
4410.2456	3.023e3
4411.1563	7.586e2
4411.8521	1.312e3
4412.1128	1.103e3
4412.5308	5.519e2
4413.2642	2.007e3
4413.7485	4.976e2
4414.2896	1.763e3
4414.6138	2.708e3
4415.3447	2.492e3
4416.0610	2.847e2
4416.7510	8.064e2
4417.1313	1.642e3
4417.5288	1.232e3
4418.1812	2.168e3
4418.6387	1.869e3
4419.1978	8.174e2
4419.4985	2.208e3
4420.0400	8.563e2
4420.4546	3.353e3
4420.9438	2.589e3
4421.5308	1.459e3
4422.1904	3.168e3
4422.5298	1.728e3
4423.1191	5.729e3
4423.7432	3.003e2
4424.3091	1.496e3
4425.1128	1.499e3
4426.1709	2.172e3
4426.5771	1.396e3
4426.8862	5.269e2
4427.1909	1.714e3
4427.6284	3.637e2
4428.3008	2.638e3
4428.7441	1.159e3
4429.3916	2.483e3
4429.7700	4.918e2
4430.2939	3.677e3
4431.0078	4.558e3
4431.5088	4.358e3
4432.1309	3.503e3
4432.5752	5.266e2
4433.0918	2.659e3
4433.9536	2.470e3
4434.5723	4.229e1
4434.9165	2.396e3
4435.1611	5.211e2
4435.4956	2.222e2
4436.0576	3.339e3
4436.7686	4.348e2
4437.1221	3.938e3
4437.5605	3.674e2
4438.1602	2.179e3
4438.7256	1.249e3
4439.0151	7.863e2
4439.4038	1.876e3
4439.7881	6.688e2
4440.1196	1.341e3
4440.4243	1.390e3
4441.1743	1.112e3
4441.5205	4.918e2
4442.0366	2.958e3
4442.5713	1.625e3
4442.9756	5.145e3
4443.8027	8.815e2
4444.4473	1.125e3
4444.7710	3.764e2
4445.1953	1.285e3
4445.7061	9.851e2
4446.0957	8.838e2
4446.3169	1.319e3
4446.7759	1.161e3
4447.1504	6.707e2
4447.5435	1.381e3
4448.1611	1.009e3
4449.1440	1.095e3
4449.4639	2.567e2
4449.9326	1.473e3
4450.3247	3.136e3
4451.1250	8.525e2
4452.1387	4.368e2
4452.3618	1.576e2
4452.7153	1.725e3
4453.1968	2.986e3
4453.8159	3.508e3
4454.1621	8.674e2
4454.5200	7.879e2
4454.9336	1.655e3
4455.4385	2.657e2
4456.2451	1.142e3
4456.7905	9.423e2
4457.2163	1.581e3
4457.5132	9.525e2
4458.1885	2.123e3
4458.5151	1.282e3
4458.9229	1.082e3
4459.4033	6.657e2
4460.1455	1.289e3
4460.6211	4.752e2
4461.1089	7.954e2
4461.8701	6.806e2
4462.2153	2.234e3
4462.5615	7.093e2
4463.1616	2.171e3
4463.9824	1.549e3
4464.2339	1.894e3
4464.7612	6.607e2
4465.1108	1.365e3
4465.6543	1.448e2
4466.2876	3.374e3
4466.8789	7.157e2
4467.2119	1.426e3
4467.7705	1.087e3
4468.2231	6.057e3
4468.7612	1.560e3
4469.2617	5.978e2
4469.5635	4.336e2
4470.1328	1.291e3
4470.3608	6.986e2
4470.7969	1.188e3
4471.2080	1.952e3
4471.5298	1.356e3
4471.8984	1.839e3
4472.2227	1.401e3
4472.8989	7.138e2
4473.2407	1.753e3
4473.7222	3.110e2
4474.4282	4.551e3
4475.1304	1.470e3
4475.7344	8.064e2
4476.1997	5.266e2
4476.9492	6.476e2
4477.1670	2.971e2
4477.4238	7.742e2
4478.0269	3.226e3
4478.3999	5.029e2
4478.7485	2.468e3
4479.0156	3.238e3
4479.6328	6.215e2
4480.4858	2.589e3
4480.8174	2.668e3
4481.7974	2.734e3
4482.1616	3.399e2
4482.5757	1.563e3
4483.1841	1.328e3
4483.5659	6.891e2
4484.2085	8.624e2
4484.9771	1.230e3
4485.6753	1.406e3
4486.1401	5.240e3
4486.6235	8.695e2
4487.1938	1.014e3
4487.6689	2.369e2
4488.2871	2.664e3
4488.8237	2.156e3
4489.3643	2.558e3
4489.7607	1.100e3
4490.2129	4.831e3
4490.8491	1.708e3
4491.1616	5.059e2
4491.4595	8.231e2
4492.1367	3.086e3
4492.4624	1.723e3
4493.1816	2.980e3
4493.7183	5.791e2
4494.3794	8.614e2
4494.8374	1.171e3
4495.1846	1.375e3
4496.0391	4.602e2
4496.3179	3.938e2
4496.8438	3.818e2
4497.1250	5.293e2
4497.7207	2.312e3
4498.2251	3.248e3
4498.7939	2.763e3
4499.1255	1.174e3
