3500.0667	3.312e2
3500.7808	2.286e2
3501.1963	7.403e2
3501.6685	1.486e3
3501.9614	9.022e2
3502.2605	3.848e2
3502.7217	2.867e3
3503.5107	1.642e3
3504.1890	6.912e2
3504.7922	3.619e2
3505.2004	9.158e2
3505.6047	7.519e2
3506.0981	1.680e3
3506.4824	6.039e2
3506.9636	1.596e3
3507.7844	9.802e1
3508.2236	7.531e2
3508.7087	2.247e3
3509.0188	1.231e3
3509.6187	6.425e2
3510.2876	2.552e3
3510.8870	6.243e3
3511.5303	9.856e2
3512.0693	1.664e3
3512.3394	1.676e3
3512.8423	2.140e2
3513.2483	1.333e3
3513.7607	7.168e2
3514.5034	2.846e3
3515.0886	1.279e3
3515.7388	9.585e2
3516.1570	1.114e3
3516.9919	9.253e1
3517.7979	1.555e3
3518.3916	2.866e3
3518.7148	1.245e3
3519.2004	1.263e3
3519.7986	1.506e3
3520.3530	2.832e3
3521.1082	1.533e3
3521.5142	1.631e3
3522.1753	2.623e3
3522.5706	1.421e3
3523.2258	1.081e3
3524.0828	2.697e3
3525.1187	1.397e3
3525.7075	8.722e2
3526.1809	1.676e3
3526.5967	2.085e3
3527.0728	2.178e3
3527.3611	8.790e2
3527.6631	5.645e2
3528.3484	1.761e3
3528.8284	1.307e3
3529.0625	9.305e2
3529.6997	2.506e3
3530.1343	1.131e3
3530.5828	1.379e3
3531.0078	2.133e3
3531.3604	3.743e2
3531.9246	2.722e2
3532.2236	2.472e2
3532.7566	5.609e2
3533.0212	5.696e2
3533.6526	1.481e3
3534.0972	5.981e2
3534.3142	1.175e3
3535.4082	3.096e3
3535.7883	6.444e2
3536.1116	1.912e3
3536.8823	1.056e3
3537.7041	1.330e3
3538.0154	9.129e2
3538.8320	3.082e3
3539.2236	7.963e2
3539.9805	1.218e3
3540.3809	2.350e3
3541.0225	1.374e3
3541.4663	4.183e2
3541.8635	1.083e3
3542.3181	1.767e2
3542.7834	3.317e3
3543.1802	2.408e2
3543.7026	1.082e3
3544.2546	2.605e3
3545.0247	7.431e2
3545.3901	1.343e3
3546.0933	8.008e2
3546.5779	4.437e2
3547.0959	1.799e3
3547.9045	1.992e3
3548.3159	8.065e2
3548.8467	4.246e3
3549.1614	1.049e3
3549.7097	1.371e3
3550.1096	1.042e3
3550.6252	7.266e2
3551.1016	2.961e3
3551.3650	7.253e2
3552.1492	2.017e3
3552.7327	1.310e3
3553.5833	4.587e3
3554.1880	2.038e3
3554.7061	1.019e3
3555.1035	9.160e2
3555.4187	7.581e2
3555.8984	3.986e2
3556.2100	9.377e2
3556.8594	7.543e2
3557.6882	6.193e2
3558.1726	5.665e2
3558.5103	2.445e3
3559.0063	1.674e3
3559.5371	7.884e2
3559.7637	5.328e2
3560.3999	2.595e2
3560.9346	9.065e2
3561.2915	1.471e3
3561.7427	5.229e2
3562.1968	3.028e3
3562.7207	1.308e3
3563.1018	1.995e3
3563.4199	1.063e3
3563.9856	3.757e3
3564.8386	1.297e3
3565.0652	9.838e2
3566.0889	1.244e3
3566.5654	5.214e2
3566.9729	1.715e3
3567.7534	1.373e3
3568.1362	5.162e2
3568.5645	1.881e3
3569.0208	3.028e3
3569.6621	3.916e2
3570.3718	1.819e3
3570.7112	6.970e2
3571.1912	1.014e3
3571.6636	1.424e3
3571.9866	2.287e3
3572.8140	5.361e2
3573.2246	6.987e2
3573.8203	7.674e2
3574.1887	4.427e2
3574.6785	2.026e3
3575.0940	1.209e3
3575.5203	1.356e3
3575.7615	8.255e2
3576.1226	8.461e2
3576.3623	6.483e2
3576.7241	9.593e2
3577.6609	4.061e2
3578.1682	2.420e3
3579.1272	1.412e3
3579.6040	1.622e3
3580.3279	4.161e3
3580.8462	2.523e3
3581.2329	1.202e3
3582.2224	1.418e3
3582.5276	1.355e3
3583.2944	2.385e3
3583.8857	2.307e3
3584.7073	1.091e3
3585.2871	5.887e2
3585.5627	1.821e2
3585.8928	3.861e2
3586.1277	7.721e2
3586.4290	6.934e2
3587.0137	2.286e3
3588.1401	7.632e2
3588.7412	1.087e3
3589.1428	1.254e3
3589.7981	2.456e3
3590.0610	1.254e3
3590.4167	1.469e3
3590.8154	9.619e2
3591.4211	1.104e3
3591.7129	5.077e2
3592.2446	1.422e3
3592.7683	2.750e2
3593.1731	8.723e2
3593.6321	5.740e2
3594.1077	5.672e2
3594.5415	6.229e2
3594.7634	4.065e2
3595.1772	6.829e2
3595.5327	1.490e3
3596.0889	3.229e3
3596.8079	8.172e2
3597.1318	2.271e2
3597.7898	3.900e2
3598.2041	1.684e3
3598.6812	2.925e3
3599.1724	3.048e3
3600.1663	2.886e3
3600.5657	9.901e2
3600.9360	1.509e3
3601.7419	1.059e3
3602.1970	1.641e3
3602.5129	5.744e2
3602.8965	1.628e2
3603.3232	9.969e2
3603.6145	6.097e2
3604.0574	1.012e3
3604.3262	1.215e3
3605.2456	7.946e1
3605.8364	4.081e2
3606.1167	2.854e2
3606.7373	1.645e2
3607.3240	1.581e3
3608.1589	9.255e2
3608.8589	1.221e3
3609.3401	5.639e2
3609.7231	1.221e3
3610.2466	1.742e3
3610.5920	1.878e3
3610.9644	2.160e3
3611.8645	1.043e3
3612.3069	1.528e3
3612.9336	9.751e2
3613.1633	5.488e2
3613.7136	1.051e3
3614.1809	2.789e3
3614.4602	5.475e2
3614.8218	3.367e2
3615.2705	9.578e2
3615.6863	9.478e1
3616.1948	1.460e3
3616.6580	1.912e3
3617.2375	1.093e3
3617.6279	1.858e3
3618.3113	2.396e3
3618.6665	1.198e3
3618.9128	1.356e3
3619.3582	8.201e2
3620.1245	3.064e3
3620.8733	9.831e2
3621.1641	1.036e3
3622.2327	3.003e3
3622.7197	6.990e2
3623.2107	2.865e3
3623.6919	9.698e2
3624.2539	3.445e3
3625.2532	3.334e3
3625.8772	4.749e2
3626.2168	1.802e3
3626.8286	1.937e3
3627.2092	9.710e2
3627.5930	5.509e2
3627.9590	1.259e3
3628.5239	1.291e3
3629.1174	1.431e3
3629.8345	4.900e2
3630.3145	4.260e2
3630.8975	2.122e3
3631.8625	1.583e3
3632.8157	3.800e2
3633.2920	1.234e3
3633.6306	4.502e2
3634.2051	1.892e3
3634.6384	1.080e3
3635.1729	2.773e3
3635.7476	2.569e2
3636.1855	1.689e3
3636.7534	4.944e2
3637.1931	2.029e3
3637.7029	1.393e3
3638.1809	2.595e3
3638.6492	1.734e3
3639.1130	3.015e3
3639.4622	1.540e3
3640.2046	1.343e3
3640.8237	1.035e3
3641.1650	4.919e2
3641.7988	6.037e2
3642.0676	2.445e2
3642.7090	4.771e1
3642.9946	1.934e1
3643.5627	4.534e2
3644.0288	1.649e3
3644.6189	5.369e-1
3645.0339	1.104e2
3645.4487	4.414e2
3646.4236	2.111e3
3646.8616	2.104e2
3647.2424	8.788e1
3647.8057	8.301e2
3648.3992	2.253e3
3649.1660	2.215e3
3649.5166	6.000e2
3650.1646	1.683e3
3650.7983	4.129e2
3651.2065	6.738e2
3651.4602	1.886e2
3652.1926	1.037e3
3652.6951	2.600e3
3653.1165	1.698e3
3654.2983	2.390e3
3654.6648	5.898e2
3655.0874	9.924e2
3655.8496	1.111e3
3656.1252	6.982e2
3656.8098	7.534e2
3657.1963	1.095e3
3657.6118	9.786e2
3658.3066	2.154e3
3658.5605	1.150e3
3658.9939	1.063e3
3659.2979	3.082e3
3660.0117	5.760e2
3660.3564	4.016e2
3660.6665	1.555e2
3661.2056	8.051e2
3661.8401	1.282e3
3662.2229	2.000e3
3662.7881	1.240e3
3663.3411	2.837e3
3663.8767	8.568e2
3664.2351	1.745e3
3664.6311	5.356e2
3664.8901	3.098e2
3665.2432	1.864e3
3665.8340	1.367e3
3666.2124	2.220e3
3666.5942	1.778e3
3667.1235	2.183e3
3667.7834	3.296e2
3668.2041	1.145e3
3668.6990	9.893e2
3669.3086	4.440e2
3670.2395	2.587e3
3670.7981	1.435e3
3671.1252	2.364e3
3671.7241	1.468e3
3672.2231	8.246e2
3672.6663	4.556e2
3672.9744	6.893e2
3673.3154	1.644e3
3673.8889	7.002e2
3674.2156	2.390e3
3674.8652	5.536e2
3675.2974	2.006e3
3676.1001	1.245e3
3676.9414	1.013e3
3677.2649	5.875e2
3677.8916	3.699e2
3678.2744	1.830e3
3678.6123	9.855e2
3679.1975	7.524e3
3679.5999	1.811e3
3680.2041	1.505e4
3680.7754	8.462e2
3681.2090	1.258e4
3681.7651	4.479e2
3682.2153	8.841e3
3682.7263	3.134e3
3683.1953	4.628e3
3683.7371	1.753e3
3684.2314	3.937e3
3685.1746	2.644e3
3686.1277	2.316e3
3686.7349	8.246e2
3687.3325	1.202e3
3688.4817	3.623e3
3688.9553	2.679e3
3689.3242	1.945e3
3689.6626	1.357e3
3690.2742	2.409e3
3690.8145	6.459e2
3691.1965	1.158e3
3691.5210	3.960e2
3692.2322	2.689e3
3692.8367	8.601e2
3693.1936	1.987e3
3693.6853	1.690e3
3694.2859	3.546e3
3695.2476	2.888e3
3695.7881	1.936e2
3696.1228	6.671e2
3697.4939	4.268e3
3698.1985	3.543e3
3698.7297	1.223e3
3699.2083	2.381e3
3700.2620	1.339e3
3700.5864	3.381e2
3700.9263	1.215e3
3701.2888	1.855e3
3701.7983	1.071e3
3702.2488	1.329e3
3702.5789	1.926e3
3702.8616	5.836e2
3703.3584	1.406e3
3703.7263	8.315e2
3704.2070	9.522e2
3704.7104	3.269e2
3705.1255	9.279e2
3705.6995	7.944e2
3706.2146	1.895e3
3706.7263	6.493e2
3707.2190	5.627e3
3707.5635	8.331e2
3708.2112	1.133e4
3708.8071	1.016e3
3709.2065	1.115e4
3709.7126	1.082e3
3710.2380	1.004e4
3710.7153	1.098e3
3711.2119	5.132e3
3711.6257	6.360e2
3712.2454	5.084e3
3713.2349	2.956e3
3713.7861	1.356e3
3714.1912	1.047e3
3714.5164	5.406e2
3715.2595	2.150e3
3715.6914	2.623e2
3715.9941	6.271e2
3716.2158	1.192e3
3716.8342	4.762e2
3717.2090	5.878e2
3717.6113	7.293e2
3718.2268	1.713e3
3718.5344	1.042e3
3719.2339	5.856e3
3720.1587	1.975e3
3720.9812	1.005e3
3721.2896	1.383e3
3721.5620	4.333e2
3721.8435	6.421e2
3722.2378	2.232e3
3722.7500	1.201e3
3723.1824	6.445e2
3723.3625	7.490e2
3724.2146	2.106e3
3724.8708	3.532e2
3725.2273	1.075e3
3725.7949	1.994e2
3726.2295	1.753e3
3726.6917	7.075e2
3727.1467	1.834e3
3727.4607	1.219e3
3728.2378	1.610e3
3728.4619	1.015e3
3728.8179	1.233e3
3729.3416	2.929e3
3730.2803	2.483e3
3731.0845	9.013e2
3731.7222	4.555e2
3732.2551	7.133e2
3733.1296	1.864e3
3733.5151	1.371e3
3734.2708	2.566e3
3734.7122	8.849e2
3735.2053	9.554e2
3735.8882	3.342e2
3736.3391	3.731e3
3737.2417	3.401e3
3737.8611	4.660e2
3738.2200	2.601e3
3738.6296	1.163e3
3739.2158	1.128e3
3739.4622	7.837e2
3740.1782	9.400e2
3741.8521	7.968e2
3742.4060	3.369e3
3743.1963	1.319e3
3743.4219	1.934e3
3743.9932	2.799e2
3744.3796	1.282e3
3744.8276	8.516e2
3745.1597	6.368e2
3745.6902	4.078e2
3746.0940	1.135e3
3746.3938	2.965e3
3747.2664	1.414e3
3747.8003	7.180e2
3748.3601	3.140e3
3749.2842	1.797e3
3749.7488	1.842e2
3750.3071	1.966e3
3750.8335	2.487e3
3751.2112	3.899e3
3751.7932	2.798e3
3752.2168	5.186e3
3753.2529	2.824e3
3753.7180	1.014e3
3754.2830	3.448e3
3754.8145	8.962e2
3755.2090	1.358e3
3755.4617	7.743e2
3756.1499	2.101e3
3756.7949	7.120e2
3757.1824	1.425e3
3757.6536	1.101e3
3758.4412	2.327e3
3759.0183	2.287e3
3759.7261	1.375e3
3760.0957	1.443e3
3760.3145	2.041e3
3760.8547	2.067e3
3761.2568	3.636e3
3761.7815	1.128e3
3762.2568	2.772e3
3763.1704	1.357e3
3763.4167	1.533e3
3763.7988	5.849e2
3764.2041	3.288e3
3764.8120	1.168e3
3765.2407	2.113e3
3765.5842	2.168e2
3766.2141	3.337e3
3766.7971	1.466e3
3767.2500	3.132e3
3767.8711	3.897e2
3768.2471	2.269e3
3768.9270	3.590e3
3769.2546	1.590e3
3769.5251	2.539e3
3770.2217	3.026e3
3770.6401	1.096e3
3771.2373	5.386e3
3772.2183	4.335e3
3773.3274	3.989e3
3773.8184	6.089e2
3774.2534	3.122e3
3774.7480	1.882e3
3775.2329	3.296e3
3775.8169	1.258e3
3776.1919	2.157e3
3776.7480	1.019e3
3777.1663	1.565e3
3777.6191	1.099e3
3778.2666	5.605e3
3778.7053	4.213e3
3779.2542	5.887e3
3780.2146	4.788e3
3780.8921	1.509e3
3781.2078	4.071e3
3781.7766	1.312e3
3782.2317	3.967e3
3782.8474	1.613e3
3783.2461	2.249e3
3783.5620	2.293e3
3784.1899	1.332e3
3784.5881	1.888e2
3785.2981	3.158e3
3786.1304	1.881e3
3786.7297	6.464e2
3786.9607	2.502e2
3787.3179	1.104e3
3787.9133	1.863e3
3788.3032	2.340e3
3788.7783	2.339e3
3789.3052	1.537e3
3789.6638	6.677e2
3790.1904	1.844e3
3790.4602	6.290e2
3790.8386	1.842e3
3791.2090	1.712e3
3791.5168	1.127e3
3791.9370	1.493e3
3792.3059	2.576e3
3792.7866	1.589e3
3793.3533	4.447e3
3793.8608	3.498e2
3794.2883	2.686e3
3795.2012	3.082e3
3795.6223	7.816e2
3796.2825	2.956e3
3796.8538	1.120e3
3797.3127	1.770e3
3797.8184	8.238e2
3798.2905	1.648e3
3798.6694	2.941e3
3799.1121	2.559e3
3799.5146	2.046e3
3799.9192	1.555e3
3800.3726	2.368e3
3801.0579	2.508e3
3801.7061	1.256e3
3802.2620	1.938e3
3802.8127	7.690e2
3803.3904	2.440e3
3803.8608	3.264e2
3804.2026	1.379e3
3805.2075	2.695e3
3806.2974	5.888e3
3806.8945	7.712e2
3807.2434	2.532e3
3807.6392	1.067e3
3808.3625	5.175e3
3808.8240	1.648e3
3809.2429	2.853e3
3809.7275	1.040e3
3810.2983	2.720e3
3810.5608	7.285e2
3811.1616	2.782e3
3811.7141	9.499e2
3812.2563	2.049e3
3813.1519	1.504e3
3813.6704	1.945e3
3814.4321	3.578e3
3814.9036	2.142e3
3815.2297	1.310e3
3816.0100	4.431e3
3816.7314	6.030e2
3817.2498	3.873e3
3818.3916	5.326e3
3819.2559	2.752e3
3819.4607	1.669e3
3819.8601	4.258e2
3820.2883	3.394e3
3820.5615	8.926e2
3821.2979	4.244e3
3821.8445	7.382e2
3822.3022	3.380e3
3822.8606	1.522e3
3823.2581	4.294e3
3823.7312	1.886e3
3824.2754	3.843e3
3824.8486	7.766e2
3825.2214	1.704e3
3825.9978	6.718e2
3826.2834	1.848e3
3826.5647	8.659e2
3827.3293	3.275e3
3827.6609	1.588e3
3828.3862	2.827e3
3828.6616	1.984e3
3829.2251	1.380e3
3829.7759	3.304e2
3830.2681	2.340e3
3830.6697	5.899e2
3831.1560	2.028e3
3831.8335	1.128e3
3832.3416	4.220e3
3832.8181	1.163e3
3833.3127	3.760e3
3833.5632	2.036e3
3834.2920	4.265e3
3834.8674	1.606e3
3835.3069	1.663e4
3836.3032	3.258e4
3836.7361	1.452e3
3837.3088	3.441e4
3838.3076	2.701e4
3839.3054	1.632e4
3839.6606	1.090e3
3840.3037	7.179e3
3840.9541	1.828e3
3841.3130	5.621e3
3841.8999	1.638e3
3842.4138	4.012e3
3843.1213	4.928e3
3843.4609	1.292e3
3843.8638	9.441e2
3844.2805	2.388e3
3844.9219	1.023e3
3845.3086	1.405e3
3845.9619	1.199e3
3846.3386	2.087e3
3846.7407	9.741e2
3847.3264	4.507e3
3847.8735	1.434e3
3848.3389	7.347e3
3848.7761	3.863e3
3849.3320	8.453e3
3849.7959	2.659e3
3850.3293	1.215e4
3850.8110	1.738e3
3851.3191	1.232e4
3851.8689	1.261e3
3852.3225	8.923e3
3852.7795	8.218e2
3853.3267	7.793e3
3853.9160	1.582e3
3854.3169	5.440e3
3854.9524	9.273e2
3855.3911	4.873e3
3856.3257	8.729e2
3856.8027	1.136e3
3857.3506	1.668e3
3858.3000	2.652e3
3858.6802	2.141e3
3858.9617	1.161e3
3859.3137	3.860e3
3859.7053	2.314e3
3859.9604	8.101e2
3860.3230	2.877e3
3860.8210	2.234e3
3861.3020	3.044e3
3861.9934	2.120e3
3862.3777	6.729e3
3862.8193	2.018e3
3863.3220	8.942e3
3863.8547	1.431e3
3864.3132	1.214e4
3865.3103	1.235e4
3866.3115	1.081e4
3866.7654	7.138e2
3867.3462	6.842e3
3868.3530	5.747e3
3868.8064	3.526e3
3869.2935	2.453e3
3870.0232	3.375e3
3870.5288	3.196e3
3870.9355	1.372e3
3871.2146	2.006e3
3871.8047	1.836e3
3872.3413	2.744e3
3872.8511	6.927e2
3873.2959	2.719e3
3873.6711	1.898e3
3874.2820	2.472e3
3874.5615	1.403e3
3875.2700	2.504e3
3875.6663	4.437e2
3876.3091	5.008e3
3876.8120	1.621e3
3877.3809	7.461e3
3877.9126	1.615e3
3878.3711	9.281e3
3878.8804	1.934e3
3879.3386	6.624e3
3879.8279	1.167e3
3880.3701	6.138e3
3880.8911	1.970e3
3881.3748	5.300e3
3882.2734	4.332e3
3882.7566	5.903e2
3883.3044	4.957e3
3883.9863	9.807e2
3884.3384	3.609e3
3884.9939	5.123e2
3885.2642	7.806e2
3885.6458	2.017e3
3885.8606	7.896e2
3886.2920	3.094e3
3886.7092	3.899e3
3887.2163	2.725e3
3888.1821	5.531e3
3888.8120	7.142e2
3889.2432	3.168e3
3889.8303	8.734e2
3890.3228	4.591e3
3890.8020	1.592e3
3891.3669	5.449e3
3891.9949	6.831e2
3892.3486	8.119e3
3893.3354	5.982e3
3893.8843	8.020e2
3894.3213	5.388e3
3894.9631	1.658e3
3895.3352	4.121e3
3895.6631	9.326e2
3895.9922	4.342e2
3896.3267	2.163e3
3897.0857	3.442e3
3897.3621	1.393e3
3897.8718	1.665e3
3898.3098	3.959e3
3898.6609	1.504e3
3899.1316	2.075e3
3899.6189	2.261e3
3900.0798	1.745e3
3900.9963	1.968e3
3901.2180	1.854e3
3901.7146	1.043e3
3902.2629	3.080e3
3902.8132	1.503e3
3903.4790	5.365e3
3904.3577	5.479e3
3904.8125	1.362e3
3905.3682	8.438e3
3905.8337	1.629e3
3906.3901	9.394e3
3906.9272	1.572e3
3907.3633	9.201e3
3908.2593	1.449e4
3908.8931	2.571e3
3909.3447	6.190e3
3909.8206	1.014e3
3910.3076	4.628e3
3910.6648	1.087e3
3911.3359	4.543e3
3911.8625	8.503e2
3912.2991	1.746e3
3913.4543	5.905e3
3914.3179	3.590e3
3915.2893	4.232e3
3915.6616	8.304e2
3916.2786	6.270e3
3916.6628	2.019e3
3917.2756	6.685e3
3917.5713	4.886e2
3918.3098	1.370e4
3919.3340	7.765e3
3919.8098	2.463e3
3920.3679	6.970e3
3920.9456	1.317e3
3921.3669	5.758e3
3921.8760	1.283e3
3922.3210	7.340e3
3922.6643	1.552e3
3923.3511	6.929e3
3923.9131	1.397e3
3924.3140	3.247e3
3924.9729	1.966e3
3925.2932	3.103e3
3925.8801	2.462e3
3926.3452	3.152e3
3926.8271	1.032e3
3927.2756	2.610e3
3927.7222	8.126e2
3928.4087	4.822e3
3929.3066	2.508e3
3929.8633	1.126e3
3930.3103	2.748e3
3930.6616	5.261e2
3931.3789	6.173e3
3932.3037	6.661e3
3932.9336	2.915e3
3933.3391	5.661e3
3933.8635	2.703e3
3934.3616	1.000e4
3935.3740	9.553e3
3935.8098	1.765e3
3936.3572	8.622e3
3936.9094	1.476e3
3937.3613	7.343e3
3937.7786	2.081e3
3938.3813	7.916e3
3939.3677	5.200e3
3939.7603	1.423e3
3940.3931	6.236e3
3940.7119	2.208e3
3941.2793	2.779e3
3941.8838	1.898e3
3942.3660	2.649e3
3942.7310	1.538e3
3943.3010	3.231e3
3943.7693	1.495e3
3944.3103	2.605e3
3944.7219	9.863e2
3945.3506	2.262e3
3945.6860	5.129e2
3946.3787	6.064e3
3946.7612	1.659e3
3947.3772	4.586e3
3947.7947	2.339e3
3948.3899	9.422e3
3948.7388	1.155e3
3949.3972	1.509e4
3949.9216	2.785e3
3950.4004	1.638e4
3950.7605	1.445e3
3951.3987	1.379e4
3951.9592	9.701e2
3952.3979	1.069e4
3953.3918	8.361e3
3953.9771	1.314e3
3954.3835	4.544e3
3954.6604	1.050e3
3954.9846	6.650e2
3955.3433	2.547e3
3955.7507	1.211e3
3956.2383	3.555e3
3956.7178	1.183e3
3957.3281	3.497e3
3958.3284	5.479e3
3958.7141	3.718e3
3959.3628	4.558e3
3960.3203	5.374e3
3960.8594	2.177e3
3961.3127	4.287e3
3961.6553	2.644e3
3962.3667	6.556e3
3962.8831	1.543e3
3963.3926	8.509e3
3963.8625	1.234e3
3964.3921	9.789e3
3964.9080	1.316e3
3965.3992	7.029e3
3965.7454	1.625e3
3966.0669	6.496e2
3966.4043	6.812e3
3966.7957	6.151e2
3967.3718	7.232e3
3968.3577	7.577e3
3969.0232	2.416e3
3969.4219	3.672e3
3970.2517	5.835e3
3970.8181	1.590e3
3971.3035	3.284e3
3971.6616	7.572e2
3972.3242	3.725e3
3972.6953	5.448e2
3972.9797	1.108e3
3973.3872	7.929e3
3974.3723	8.432e3
3974.7307	2.019e3
3975.3860	1.025e4
3976.3845	1.163e4
3976.6628	1.084e3
3976.9392	1.614e3
3977.3857	1.260e4
3977.8987	2.077e3
3978.3884	1.875e4
3978.9521	1.386e3
3979.3958	1.762e4
3979.6755	8.800e2
3979.9167	1.333e3
3980.3960	1.423e4
3980.8372	2.066e3
3981.3889	1.232e4
3981.6624	1.460e3
3982.0718	3.041e3
3982.3774	7.239e3
3983.3765	6.174e3
3983.7432	9.825e2
3984.3489	4.267e3
3984.9897	1.094e3
3985.3496	3.920e3
3985.6616	1.545e3
3986.3213	3.975e3
3986.7251	8.999e2
3987.3530	4.776e3
3987.6985	5.721e2
3988.3914	1.207e4
3988.7131	1.838e3
3989.3928	1.533e4
3989.9460	2.691e3
3990.3953	1.480e4
3990.8625	3.626e3
3991.4043	1.520e5
3991.8630	2.944e3
3992.4065	2.919e5
3992.9158	3.500e3
3993.4092	3.288e5
3993.9097	4.258e3
3994.4092	2.520e5
3994.9429	4.137e3
3995.4124	1.539e5
3995.9407	4.560e3
3996.4128	7.972e4
3996.9797	4.090e3
3997.4143	3.605e4
3997.9392	2.464e3
3998.4104	1.700e4
3999.3975	1.108e4
3999.8748	1.898e3
4000.3948	5.933e3
4000.7612	1.818e3
4001.3491	6.404e3
4001.8640	1.522e3
4002.3823	5.475e3
4002.7947	3.621e3
4003.3892	7.695e3
4003.7439	2.798e3
4004.3721	1.238e4
4004.8308	3.442e3
4005.4199	2.566e5
4005.9094	4.148e3
4006.4236	5.255e5
4006.8638	7.856e3
4007.4250	5.838e5
4007.9104	9.373e3
4008.4241	4.638e5
4008.9175	7.775e3
4009.4275	2.761e5
4009.9688	5.555e3
4010.4299	1.416e5
4010.9885	4.456e3
4011.4272	6.183e4
4011.9758	4.244e3
4012.4299	2.552e4
4013.0042	3.478e3
4013.4204	1.329e4
4013.9072	3.366e3
4014.3940	7.857e3
4014.8064	4.354e3
4015.3789	6.967e3
4015.7629	1.198e3
4016.3406	8.534e3
4016.7688	1.270e3
4017.4067	9.175e3
4018.3875	6.514e3
4018.9197	3.818e3
4019.4041	1.132e4
4019.9270	2.809e3
4020.4170	1.660e4
4020.9258	2.006e3
4021.4148	2.041e4
4021.9614	1.954e3
4022.4207	1.698e4
4022.9946	2.440e3
4023.4133	1.270e4
4023.7612	1.272e3
4024.0691	2.229e3
4024.4104	8.250e3
4024.8887	2.542e3
4025.4124	4.080e3
4025.7512	1.308e3
4026.3901	6.564e3
4026.7617	8.606e2
4027.0835	1.433e3
4027.4019	5.354e3
4027.9644	1.136e3
4028.3872	7.553e3
4028.9226	1.551e3
4029.3777	8.996e3
4029.6809	1.095e3
4029.9414	1.781e3
4030.3689	1.328e4
4030.6614	3.636e3
4031.3748	1.275e4
4031.8235	2.131e3
4032.3757	1.034e4
4032.9929	1.724e3
4033.3896	1.361e4
4033.9636	7.186e2
4034.4077	1.766e4
4034.9561	8.678e2
4035.4067	1.518e4
4035.8232	2.441e3
4036.4146	1.326e4
4037.4016	1.185e4
4038.0815	2.899e3
4038.4299	7.451e3
4038.8540	1.577e3
4039.3833	6.683e3
4039.9575	1.862e3
4040.3242	3.424e3
4040.8740	1.996e3
4041.3794	5.122e3
4041.8333	1.792e3
4042.4092	8.403e3
4042.9622	6.902e2
4043.3816	1.219e4
4043.9102	1.514e3
4044.3809	1.809e4
4044.9329	2.364e3
4045.3757	2.114e4
4046.3801	2.015e4
4046.6602	2.421e3
4046.9626	6.931e2
4047.3743	1.584e4
4047.8730	1.780e3
4048.3987	1.924e4
4048.9656	1.088e3
4049.4058	1.847e4
4049.9211	1.144e3
4050.4080	1.664e4
4051.4019	1.639e4
4051.7605	1.282e3
4052.4170	9.962e3
4053.4016	7.468e3
4053.9534	1.348e3
4054.4009	5.212e3
4054.9321	1.587e3
4055.3699	4.316e3
4055.8479	1.339e3
4056.3728	3.715e3
4056.8845	2.055e3
4057.3699	4.219e3
4057.7742	1.922e3
4058.3899	9.901e3
4058.8135	2.209e3
4059.3628	1.220e4
4059.7136	1.285e3
4060.3574	1.855e4
4061.3665	1.548e4
4061.7605	1.957e3
4062.3965	1.961e4
4062.9570	1.650e3
4063.4272	2.640e4
4063.8640	1.225e3
4064.4270	2.485e4
4064.9983	1.731e3
4065.4250	2.185e4
4065.9387	1.461e3
4066.4231	1.678e4
4066.9971	1.500e3
4067.4131	1.084e4
4068.3721	1.184e4
4068.9875	2.567e3
4069.3188	6.535e3
4069.6611	2.076e3
4070.4211	6.501e3
4070.8953	1.796e3
4071.3762	4.351e3
4071.7656	1.752e3
4072.3911	9.343e3
4073.3870	7.551e3
4073.8169	1.637e3
4074.3875	6.680e3
4074.9106	2.063e3
4075.4097	6.973e3
4075.8450	1.293e3
4076.4111	1.128e4
4076.9651	1.173e3
4077.4321	1.409e4
4077.9612	1.094e3
4078.4282	1.937e4
4079.4209	1.807e4
4079.9033	2.446e3
4080.4163	1.315e4
4081.4016	1.059e4
4081.8713	1.427e3
4082.3752	7.536e3
4082.9736	1.575e3
4083.3550	6.931e3
4083.9250	1.919e3
4084.3503	6.283e3
4084.9226	2.134e3
4085.3599	5.641e3
4086.3606	7.936e3
4086.9353	1.766e3
4087.3904	8.753e3
4087.8201	1.953e3
4088.3967	1.092e4
4088.8127	1.637e3
4089.3901	1.673e4
4089.9751	1.493e3
4090.4009	2.724e4
4090.9092	1.246e3
4091.4011	2.666e4
4091.9316	1.139e3
4092.4063	2.302e4
4093.4116	1.986e4
4093.9368	2.533e3
4094.4302	1.454e4
4095.4026	9.299e3
4095.8655	1.832e3
4096.3853	7.333e3
4096.8164	1.424e3
4097.3696	7.733e3
4098.3486	7.538e3
4099.3110	5.440e3
4099.8667	9.144e2
4100.3467	5.014e3
4100.9673	1.168e3
4101.3945	8.396e3
4101.8911	2.840e3
4102.4077	1.426e4
4102.9106	2.506e3
4103.3994	3.253e4
4103.8608	1.390e3
4104.3989	4.723e4
4105.3999	5.144e4
4105.9429	1.407e3
4106.4058	4.125e4
4106.8643	1.300e3
4107.4028	3.044e4
4108.4106	1.906e4
4108.8613	1.231e3
4109.3965	8.802e3
4109.9438	1.149e3
4110.3965	6.538e3
4111.3428	7.985e3
4111.8149	1.659e3
4112.3828	4.577e3
4112.8262	2.230e3
4113.3467	5.206e3
4113.9224	1.715e3
4114.3521	7.893e3
4115.3794	5.505e3
4115.9121	1.280e3
4116.3618	4.728e3
4117.3853	6.480e3
4118.3970	8.260e3
4118.8213	1.012e3
4119.4009	6.249e3
4119.9980	1.272e3
4120.3916	6.800e3
4121.4165	7.699e3
4122.4248	6.376e3
4122.9272	1.326e3
4123.3901	5.880e3
4123.8823	1.853e3
4124.3940	4.017e3
4124.7612	9.313e2
4125.3394	4.399e3
4125.6616	1.486e3
4126.3828	6.311e3
4126.8271	1.223e3
4127.3662	8.345e3
4127.8032	1.827e3
4128.3579	1.225e4
4128.9248	3.219e3
4129.3560	1.320e4
4129.8340	1.486e3
4130.3633	1.024e4
4130.9614	5.249e2
4131.3613	7.597e3
4132.3345	9.662e3
4133.3911	6.576e3
4133.7632	1.351e3
4134.3711	8.689e3
4135.3662	6.218e3
4135.7622	1.094e3
4136.4229	5.228e3
4136.9331	1.523e3
4137.3662	4.320e3
4138.3862	8.058e3
4138.7231	3.227e3
4139.3823	5.096e3
4140.3037	4.791e3
4140.7476	1.231e3
4141.3438	7.564e3
4141.9580	1.498e3
4142.3491	1.464e4
4143.3428	1.512e4
4143.8794	6.825e2
4144.3315	1.549e4
4145.3467	1.328e4
4145.7163	1.019e3
4146.3652	1.064e4
4147.3853	9.438e3
4147.8101	2.379e3
4148.3877	1.034e4
4149.3696	7.362e3
4149.9692	1.676e3
4150.3726	7.425e3
4150.9473	2.013e3
4151.3896	6.181e3
4152.3345	5.170e3
4153.2832	6.047e3
4153.8320	9.934e2
4154.3633	4.456e3
4154.8945	3.398e2
4155.3140	3.991e3
4155.9629	1.770e3
4156.3340	6.186e3
4156.6641	2.968e3
4157.3442	9.921e3
4158.3525	1.366e4
4158.6616	3.434e3
4159.3740	1.437e4
4159.9478	1.832e3
4160.3838	1.415e4
4161.3901	9.848e3
4161.8159	1.947e3
4162.4082	1.046e4
4163.4233	9.287e3
4164.4136	6.103e3
4165.3271	4.718e3
4165.7983	2.139e3
4166.3652	5.458e3
4166.7617	9.918e2
4167.3135	3.534e3
4167.5605	1.695e3
4168.3389	7.413e3
4168.9697	7.682e2
4169.3179	3.276e3
4169.8433	1.401e3
4170.3257	4.701e3
4170.9976	8.200e2
4171.3896	5.496e3
4172.4194	7.304e3
4172.9150	1.315e3
4173.4253	7.639e3
4173.9292	2.385e3
4174.4321	8.791e3
4175.0708	1.775e3
4175.4229	7.330e3
4176.4067	5.431e3
4176.9932	1.545e3
4177.3691	6.204e3
4177.8765	1.139e3
4178.4341	8.362e3
4178.8970	1.071e3
4179.3672	6.541e3
4180.3174	6.629e3
4180.8745	9.859e2
4181.3354	5.358e3
4182.3398	6.578e3
4182.7607	6.650e2
4183.2920	5.341e3
4183.5610	1.842e3
4184.3237	6.155e3
4185.3208	4.564e3
4185.8813	7.706e2
4186.3696	4.814e3
4187.3604	4.979e3
4188.3838	6.852e3
4188.9238	1.339e3
4189.3687	5.393e3
4189.8774	1.078e3
4190.3423	6.144e3
4190.8208	1.415e3
4191.3291	4.649e3
4191.8052	2.239e3
4192.3267	4.975e3
4192.7573	1.845e3
4193.3154	6.552e3
4194.2998	5.900e3
4195.3135	4.969e3
4196.3267	5.080e3
4196.8828	1.128e3
4197.2837	4.455e3
4198.3242	7.430e3
4198.9395	9.374e2
4199.3364	3.047e3
4199.7212	3.880e3
4200.4233	3.938e3
4200.8276	1.220e3
4201.3711	7.274e3
4201.9155	1.520e3
4202.3794	8.809e3
4203.3628	7.804e3
4203.9575	1.304e3
4204.3828	6.883e3
4204.9414	7.996e2
4205.3779	5.862e3
4205.9360	1.677e3
4206.3887	4.945e3
4207.3672	3.983e3
4207.7207	1.641e3
4208.3013	2.915e3
4208.6187	1.739e3
4209.3354	3.150e3
4209.7710	2.933e2
4210.2598	3.594e3
4210.6392	2.438e3
4211.3276	4.542e3
4211.8198	2.078e3
4212.3657	4.688e3
4213.3320	4.444e3
4213.8257	1.915e3
4214.2905	3.283e3
4214.6167	2.430e3
4215.2939	4.445e3
4216.3662	6.240e3
4216.8867	8.431e2
4217.4072	4.756e3
4217.9873	1.163e3
4218.3794	5.455e3
4219.3296	5.901e3
4220.2690	2.874e3
4221.2954	2.090e3
4221.8423	1.204e3
4222.4277	4.347e3
4222.6611	2.652e3
4223.3115	3.344e3
4223.6929	3.463e3
4224.3047	4.320e3
4224.6611	7.368e2
4225.3115	5.231e3
4226.3296	7.063e3
4226.7617	7.321e2
4227.3813	6.674e3
4228.3252	7.872e3
4228.6602	1.976e3
4229.3428	6.306e3
4230.4126	6.483e3
4231.3403	3.511e3
4232.3594	5.289e3
4233.3569	5.940e3
4234.3853	7.660e3
4235.3428	3.422e3
4235.9775	9.939e2
4236.4121	2.720e3
4236.8535	1.596e3
4237.4541	4.476e3
4238.4399	8.662e3
4239.2861	5.651e3
4240.2974	7.138e3
4240.8135	1.210e3
4241.3081	6.320e3
4242.3018	6.450e3
4243.3291	5.776e3
4243.7241	1.661e3
4244.3833	5.794e3
4244.8613	3.850e2
4245.4009	3.854e3
4246.3691	6.367e3
4247.3521	6.473e3
4247.7612	1.289e3
4248.3672	5.903e3
4248.9668	1.562e3
4249.4072	4.526e3
4250.3535	5.243e3
4251.0757	3.386e3
4251.5220	1.835e3
4252.2036	3.771e3
4252.8384	2.225e3
4253.3096	3.189e3
4253.8628	2.777e2
4254.3081	4.271e3
4254.8892	1.336e3
4255.2886	7.202e3
4256.3066	4.569e3
4257.3062	6.702e3
4258.3604	8.395e3
4258.9985	9.685e2
4259.5215	7.415e3
4260.3970	4.372e3
4261.1768	3.641e3
4261.4619	1.532e3
4262.2324	2.690e3
4262.5229	2.370e3
4262.8999	4.481e2
4263.2925	3.280e3
4263.7573	1.280e3
4264.2837	4.244e3
4264.8618	8.242e2
4265.2949	3.267e3
4266.2852	4.034e3
4267.2275	3.933e3
4268.3506	4.775e3
4268.7622	1.203e3
4269.2500	2.656e3
4269.8047	1.375e3
4270.3311	3.859e3
4270.7598	1.547e3
4271.3071	5.976e3
4272.3540	3.363e3
4272.7227	1.373e3
4273.2754	5.130e3
4274.2817	5.042e3
4274.7622	6.827e2
4275.4009	3.233e3
4276.1938	3.511e3
4276.9331	1.361e3
4277.3105	2.771e3
4277.7603	9.286e2
4278.2480	4.188e3
4278.6226	2.489e3
4279.2554	3.477e3
4279.5615	8.796e2
4280.3169	4.004e3
4281.2598	4.032e3
4282.2983	5.352e3
4282.8198	4.679e3
4283.2520	4.624e3
4284.2754	3.269e3
4284.8345	6.722e2
4285.2505	3.103e3
4285.8628	7.956e2
4286.3179	3.082e3
4287.2930	2.331e3
4288.1660	2.879e3
4288.4165	3.119e3
4288.9727	1.825e3
4289.3179	3.453e3
4290.2168	2.426e3
4290.5601	9.113e2
4291.2388	1.559e3
4291.6196	1.100e3
4292.3018	4.622e3
4293.2549	3.440e3
4293.5601	1.927e3
4294.2744	5.131e3
4294.7510	2.287e3
4295.1958	5.461e3
4295.7305	9.303e2
4296.3076	3.887e3
4296.6611	3.943e2
4297.2505	3.814e3
4297.8760	1.019e3
4298.4106	4.232e3
4299.3535	4.635e3
4300.2148	4.848e3
4301.3501	5.260e3
4302.3877	4.736e3
4303.2578	5.550e3
4303.9102	1.404e3
4304.3125	2.104e3
4304.5605	1.152e3
4305.3223	2.230e3
4306.3599	6.363e3
4307.2363	2.271e3
4308.3760	2.736e3
4308.8140	6.573e2
4309.2949	2.608e3
4309.6479	1.303e3
4309.9707	2.010e3
4310.4111	6.079e3
4311.2139	4.464e3
4311.8613	1.143e3
4312.2876	5.420e3
4313.2422	3.425e3
4314.2358	3.358e3
4314.6885	1.287e3
4315.3501	1.422e3
4316.1094	5.372e3
4317.2520	2.511e3
4317.5234	1.804e3
4318.1494	1.919e3
4318.6089	4.047e3
4319.2900	2.849e3
4319.8779	7.286e2
4320.2573	1.808e3
4320.8716	1.606e3
4321.2451	3.311e3
4321.7905	1.595e3
4322.2739	2.834e3
4322.5630	1.207e3
4322.9595	1.239e3
4323.2300	2.085e3
4323.7637	1.012e3
4324.2520	5.291e3
4324.7939	3.730e2
4325.2754	3.363e3
4325.6689	1.126e3
4326.2891	4.587e3
4327.2700	4.987e3
4327.8286	1.396e3
4328.3652	4.317e3
4328.7622	1.566e3
4329.3643	2.883e3
4330.2534	2.719e3
4330.4609	1.194e3
4330.8584	6.300e2
4331.3394	2.938e3
4331.8315	1.135e3
4332.3521	1.903e3
4332.9263	2.293e3
4333.2393	1.863e3
4333.8491	2.162e3
4334.2896	2.200e3
4335.0713	2.422e3
4335.5645	3.649e2
4336.1318	2.495e3
4336.7495	9.519e2
4337.2256	2.926e3
4337.8901	1.135e3
4338.3389	5.701e3
4338.8711	1.094e3
4339.3018	3.482e3
4339.8125	1.027e3
4340.2671	4.044e3
4340.6226	1.112e3
4341.2954	2.519e3
4342.2178	2.506e3
4342.5630	9.807e2
4343.0869	2.118e3
4343.6255	2.446e3
4344.3032	2.410e3
4345.2632	3.027e3
4345.4604	1.633e3
4345.9180	1.677e3
4346.3945	3.176e3
4347.2749	2.692e3
4347.7661	1.906e3
4348.2607	3.363e3
4348.7217	1.817e3
4349.1802	1.812e3
4349.6025	1.453e3
4350.1606	1.708e3
4350.4604	4.675e2
4350.8359	1.265e3
4351.2686	1.966e3
4351.5620	4.880e2
4351.8486	8.630e2
4352.3706	2.202e3
4353.2686	2.857e3
4354.3374	6.356e3
4354.6611	1.984e3
4355.2461	2.276e3
4355.8369	8.770e2
4356.2583	2.315e3
4356.7271	6.348e2
4357.2549	2.702e3
4357.7383	7.259e2
4358.1387	1.737e3
4358.5093	2.237e3
4358.9004	3.334e3
4359.1616	1.021e3
4359.5103	1.305e3
4360.1665	3.888e3
4360.8433	6.917e2
4361.2671	2.543e3
4362.2212	2.025e3
4362.5825	2.078e3
4363.2563	3.608e3
4363.8457	8.022e2
4364.3154	3.553e3
4365.2505	2.948e3
4366.2939	4.376e3
4366.9585	1.415e3
4367.5220	2.936e3
4367.8667	1.434e3
4368.1899	2.938e3
4368.7275	1.405e3
4369.1870	2.981e3
4369.6611	7.034e2
4370.2563	1.691e3
4370.6992	2.101e3
4370.9604	1.603e3
4371.4619	4.785e2
4372.1938	2.961e3
4372.6206	1.032e3
4373.3174	1.973e3
4373.6616	4.880e2
4374.2329	3.529e3
4374.8223	8.846e2
4375.1997	1.911e3
4376.3223	2.350e3
4377.1973	2.087e3
4377.8687	1.551e3
4378.2817	3.592e3
4378.8560	1.425e3
4379.1602	1.248e3
4379.4287	2.252e3
4380.1504	2.174e3
4380.6777	1.252e3
4381.1880	2.863e3
4381.6768	1.753e3
4382.2925	2.447e3
4382.6660	6.737e2
4383.3076	3.461e3
4384.2871	3.541e3
4385.0835	1.488e3
4385.4614	3.118e2
4385.8252	3.788e2
4386.2222	9.487e2
4386.5620	1.214e2
4387.2236	2.043e3
4387.7822	7.250e2
4388.1855	1.305e3
4388.4331	1.435e3
4389.2847	1.328e3
4389.7236	8.032e2
4390.1519	1.734e3
4390.5327	3.233e3
4391.1006	1.844e3
4391.8560	7.093e2
4392.2749	1.512e3
4393.2036	2.067e3
4393.6597	3.014e2
4394.2666	3.556e3
4395.1543	1.523e3
4395.7930	1.803e3
4396.2222	1.122e3
4396.7710	4.244e2
4397.1631	2.018e3
4397.5659	3.766e2
4398.1587	1.159e3
4398.5234	2.982e3
4399.2139	2.779e3
4399.6230	1.117e3
4399.9609	1.274e3
4400.3149	1.505e3
4400.9849	9.784e2
4401.4590	3.672e3
4402.1938	3.628e3
4402.7231	8.342e2
4403.0986	7.637e2
4403.3306	1.544e3
4404.2686	1.826e3
4405.2539	1.334e3
4406.0640	2.440e3
4407.2368	2.952e3
4408.2329	1.996e3
4408.4604	1.082e3
4408.7627	9.398e2
4409.2271	3.271e3
4410.1533	1.021e3
4410.4580	1.057e3
4410.8140	6.592e2
4411.3901	7.123e2
4411.7549	6.859e2
4412.2148	1.122e3
4412.6606	2.649e2
4413.2373	1.424e3
4413.6875	7.696e2
4414.1787	1.387e3
4414.5850	1.540e3
4415.2593	2.796e3
4416.0488	4.163e2
4416.6572	2.781e2
4417.1211	1.970e3
4417.5220	7.627e2
4418.2056	1.789e3
4418.5103	1.166e3
4418.9092	4.349e2
4419.1621	1.652e2
4419.5068	2.908e3
4420.3613	3.754e3
4421.0625	1.567e3
4421.4336	1.078e3
4422.2036	3.065e3
4422.5610	9.833e2
4423.1675	1.678e3
4423.8564	6.486e2
4424.2305	1.273e3
4425.2095	1.657e3
4426.0977	2.450e3
4426.9526	2.415e3
4427.7505	8.388e2
4428.3765	2.892e3
4428.7515	1.900e3
4429.2925	2.894e3
4430.2705	4.191e3
4431.0063	5.194e3
4431.5381	2.695e3
4432.0762	1.863e3
4432.3643	5.751e2
4432.7959	2.289e2
4433.1982	1.070e3
4433.7383	1.353e3
4434.2725	1.659e3
4435.0078	2.794e3
4435.9453	2.425e3
4436.2622	1.331e3
4437.1689	4.466e3
4437.6299	5.802e2
4438.2891	3.028e3
4438.5605	1.695e3
4439.5015	1.503e3
4440.0273	1.181e3
4440.3604	4.636e2
4441.1060	6.558e2
4441.4839	7.466e2
4441.9819	8.803e2
4442.2607	4.439e2
4442.8301	3.426e3
4443.7427	9.720e2
4444.2397	2.128e3
4445.0645	1.874e3
4445.7202	1.020e3
4446.0977	4.753e2
4446.4385	1.723e3
4447.1006	1.249e3
4447.5215	5.864e2
4447.7617	4.585e2
4448.2852	1.177e3
4449.2642	1.180e3
4449.5347	9.639e2
4450.1353	1.340e3
4450.4932	1.568e3
4450.8232	4.804e2
4451.2813	4.479e2
4451.5962	9.379e2
4452.0688	8.072e2
4452.7715	2.923e3
4453.1377	2.147e3
4453.8096	5.059e3
4454.3892	1.494e3
4454.9712	1.786e3
4455.3613	2.565e2
4455.6636	1.333e2
4456.0854	1.110e3
4456.6162	1.202e3
4457.1470	2.203e3
4457.5444	1.011e3
4458.2129	2.184e3
4458.8506	1.614e3
4459.2744	1.391e3
4460.1748	1.518e3
4460.8809	2.506e2
4461.2832	7.946e2
4461.7153	7.804e2
4462.1870	1.093e3
4462.6528	9.658e2
4463.1665	1.739e3
4463.7759	1.045e3
4464.0825	1.443e3
4464.4131	9.250e2
4465.0688	1.546e3
4466.1108	1.453e3
4467.0835	1.606e3
4467.7954	1.627e3
4468.2734	2.377e3
4468.7139	1.208e3
4469.3535	2.121e3
4470.0923	1.350e3
4470.6611	1.205e3
4471.1465	1.164e3
4471.6255	2.019e3
4471.9126	2.136e3
4473.1948	2.228e3
4474.1963	1.167e3
4474.5210	3.361e3
4474.9165	1.667e3
4475.7036	1.697e3
4476.2158	7.093e2
4476.9136	1.837e3
4477.1611	1.234e3
4478.0303	4.242e3
4478.7959	3.068e3
4479.1680	2.338e3
4480.4443	3.731e3
4480.9634	7.343e2
4481.7881	2.350e3
4482.1597	6.883e2
4482.6890	2.026e3
4483.1646	1.594e3
4483.7783	5.238e2
4484.3037	1.219e3
4484.9053	1.939e3
4485.4053	1.380e3
4486.1196	5.491e3
4486.9546	1.802e3
4488.1548	3.012e3
4488.8350	1.728e3
4489.3423	4.363e3
4490.1782	2.445e3
4490.8525	2.074e3
4491.1841	5.195e2
4491.4565	1.060e3
4492.0640	3.226e3
4492.5894	2.463e3
4493.1758	2.457e3
4493.5615	6.215e2
4494.2764	2.735e3
4494.9434	1.069e3
4495.3320	1.144e3
4495.9907	1.237e2
4496.4438	9.249e2
4497.1050	1.002e3
4497.8003	1.761e3
4498.2256	1.821e3
4498.5161	1.059e3
4498.9106	1.161e3
4499.3027	1.268e3
