3500.1257	2.647e2
3500.8364	6.680e2
3501.3518	5.909e2
3501.8113	2.381e3
3502.0630	1.397e3
3502.7764	4.408e3
3503.3945	1.613e3
3503.7617	5.996e2
3504.2356	5.654e2
3504.7158	1.078e3
3505.1394	7.148e2
3505.6489	3.942e2
3506.0110	2.740e3
3506.4937	6.337e2
3506.9092	1.307e3
3507.8030	7.266e2
3508.2971	1.386e3
3508.7710	4.116e3
3509.0615	1.159e3
3509.5210	5.682e2
3510.0908	9.050e2
3510.4333	2.946e3
3510.8721	6.194e3
3511.3486	2.820e3
3511.9983	1.699e3
3512.4363	2.264e3
3512.8215	8.869e2
3513.2639	1.794e3
3513.7739	6.590e2
3514.4443	2.640e3
3514.7615	9.387e2
3515.2151	2.037e3
3515.7295	9.332e2
3515.9634	5.443e2
3516.3762	7.393e2
3517.1838	3.348e2
3517.4717	1.117e2
3517.8516	6.089e2
3518.3604	2.998e3
3518.8218	2.446e3
3519.2314	8.820e2
3519.8940	2.325e3
3520.5095	3.832e3
3521.0728	2.395e3
3521.4065	3.558e3
3522.1772	4.059e3
3522.5288	1.482e3
3523.0898	2.542e3
3524.0457	2.840e3
3524.8347	1.628e3
3525.1809	1.447e3
3525.7139	1.238e3
3526.2205	1.929e3
3526.5579	1.093e3
3526.9521	2.601e3
3527.3130	1.335e3
3527.7117	8.400e2
3528.3340	1.923e3
3528.7158	2.156e3
3529.2712	1.939e3
3529.7158	1.695e3
3530.1553	3.836e3
3530.5945	1.920e3
3531.0032	3.443e3
3531.4614	4.161e2
3531.8823	1.097e3
3532.2083	5.725e2
3532.8523	1.389e3
3533.7585	1.326e3
3534.3308	2.700e3
3535.3506	3.866e3
3535.9175	2.955e3
3537.0186	1.802e3
3537.9832	1.702e3
3538.5415	4.330e3
3538.8447	2.932e3
3539.1570	3.583e3
3539.7031	2.002e3
3539.9900	6.225e2
3540.4670	5.435e3
3541.0605	7.775e2
3541.4214	4.540e2
3541.9189	6.465e2
3542.3577	2.305e2
3542.7686	4.173e3
3543.2415	4.503e2
3543.6233	1.100e3
3544.1550	1.767e3
3544.3606	1.155e3
3545.1482	1.749e3
3546.1260	7.817e2
3546.5649	3.415e3
3547.0874	1.261e3
3547.9060	3.448e3
3548.1604	1.347e3
3548.8433	5.086e3
3549.1638	1.586e3
3549.6914	1.216e3
3550.2041	1.741e3
3551.1265	4.042e3
3551.4666	7.379e2
3552.1782	1.198e3
3552.7141	2.781e3
3553.5906	3.760e3
3554.1182	1.427e3
3554.5393	5.353e2
3555.0100	1.671e3
3555.3647	1.334e2
3555.7734	8.979e1
3556.2146	4.070e3
3556.8965	1.319e3
3557.7224	6.620e2
3558.1753	1.501e3
3558.4897	2.632e3
3559.0083	9.193e2
3559.4114	1.260e3
3559.8918	1.289e3
3560.4302	5.857e2
3560.8027	1.302e3
3561.2935	2.032e3
3561.7158	1.548e3
3562.1982	4.244e3
3562.7383	3.689e3
3563.1135	2.816e3
3563.3647	1.419e3
3564.0010	3.135e3
3564.3186	6.938e2
3564.9375	3.797e3
3566.0254	1.885e3
3566.5723	5.774e2
3566.9092	3.027e3
3567.7966	1.992e3
3568.4226	2.152e3
3568.9775	4.454e3
3569.3955	1.646e3
3569.6602	5.768e2
3570.1667	3.992e3
3570.6895	1.854e3
3571.1633	2.103e3
3571.5752	1.150e3
3571.9172	2.922e3
3572.1619	1.341e3
3572.7927	8.079e2
3573.3994	5.288e2
3573.8074	2.010e3
3574.6951	2.105e3
3575.1538	1.708e3
3575.8762	1.718e3
3576.3684	2.625e3
3576.7983	9.140e2
3577.1726	2.978e3
3578.1326	1.939e3
3578.8079	9.404e2
3579.2314	9.332e2
3579.5234	6.035e2
3580.0386	2.088e3
3580.3369	2.102e3
3580.8298	3.271e3
3581.1848	2.696e3
3581.5242	8.175e2
3582.2427	4.772e3
3583.3853	3.039e3
3584.0090	4.717e3
3584.7717	2.117e3
3585.7539	5.946e2
3586.1289	1.409e3
3586.9360	3.002e3
3587.3616	5.526e2
3587.9458	6.009e2
3588.2737	7.268e2
3588.7241	2.153e3
3589.1614	2.031e3
3589.7217	2.633e3
3590.1021	3.534e3
3590.4316	2.021e3
3590.8972	3.748e2
3591.3835	1.824e3
3591.7271	1.020e3
3592.1692	8.175e2
3592.6799	7.715e2
3593.1152	1.203e3
3593.7180	7.144e2
3594.2432	1.048e3
3594.5376	1.517e3
3595.5103	1.398e3
3596.1008	4.023e3
3596.7556	1.322e3
3597.0605	3.856e2
3597.3665	4.410e1
3597.8208	5.569e2
3598.2251	1.723e3
3598.6819	6.006e3
3599.0889	5.415e3
3600.1179	4.937e3
3600.7124	4.118e3
3601.1643	8.754e2
3601.7781	9.030e2
3602.1973	1.653e3
3602.7405	9.899e2
3603.3750	1.301e3
3603.6157	1.066e3
3604.1389	2.081e3
3604.6150	1.735e3
3605.2813	7.423e0
3605.8176	4.581e2
3606.2166	6.098e2
3606.7188	4.792e2
3607.2053	2.635e3
3608.0771	2.332e3
3608.5859	7.945e2
3608.8899	1.684e3
3609.3718	7.916e2
3609.6965	1.516e3
3610.2461	1.755e3
3610.6633	5.120e3
3611.2107	1.808e3
3611.8772	1.981e3
3612.2681	8.912e2
3612.9241	9.356e2
3613.7324	2.609e3
3614.1880	3.257e3
3614.8821	1.024e3
3615.2886	6.525e2
3615.5955	1.683e3
3616.3804	1.470e3
3616.8257	1.364e3
3617.2644	9.557e2
3617.7195	2.950e3
3618.2913	2.607e3
3618.5300	3.529e3
3619.2852	2.173e3
3620.0000	1.563e3
3620.4741	9.306e2
3621.0225	1.459e3
3621.5251	2.563e3
3622.1831	2.692e3
3622.5601	1.617e3
3623.2019	2.451e3
3623.5918	2.781e3
3624.2598	3.481e3
3624.8477	7.365e2
3625.2495	2.537e3
3625.5605	2.875e2
3626.2954	2.201e3
3627.1799	2.566e3
3627.7029	7.767e2
3628.1133	2.098e3
3628.5266	1.196e3
3629.0923	2.588e3
3629.8130	6.992e2
3630.2300	7.678e2
3630.8757	3.134e3
3631.6223	5.987e3
3632.0608	1.239e3
3632.8164	6.432e2
3633.2957	1.389e3
3633.6538	1.179e3
3634.2844	2.164e3
3634.5632	5.104e2
3635.1035	2.779e3
3636.1738	3.018e3
3636.7405	6.063e2
3637.1587	2.485e3
3637.6982	1.002e3
3638.2012	2.599e3
3638.7732	2.524e3
3639.1025	4.005e3
3639.6035	2.825e3
3640.2817	2.274e3
3640.8435	7.838e2
3641.1355	8.140e2
3641.6838	1.188e3
3642.1243	9.511e2
3642.6709	2.705e2
3643.1487	1.524e2
3643.5227	1.219e3
3644.0457	1.771e3
3644.6604	1.145e1
3645.0171	1.298e2
3645.3740	3.733e2
3645.6953	8.738e2
3646.4148	2.036e3
3646.7642	8.326e2
3647.3223	8.646e2
3647.7180	1.573e3
3648.0801	5.876e2
3648.5129	2.451e3
3649.2322	4.063e3
3650.2397	1.481e3
3650.9468	2.362e3
3651.6921	5.937e2
3652.3865	1.510e3
3652.7188	2.750e3
3653.1938	2.056e3
3654.2998	2.933e3
3654.6646	7.174e2
3655.2043	1.073e3
3655.5151	5.138e2
3655.9937	9.257e2
3656.8325	1.540e3
3657.2178	1.915e3
3657.6838	5.710e2
3658.5325	5.230e3
3659.1167	3.744e3
3659.8286	1.415e3
3660.1621	2.951e2
3660.9370	3.714e2
3661.3411	8.191e2
3662.0608	4.246e3
3662.6165	1.346e3
3663.1506	2.262e3
3663.4321	2.264e3
3663.8665	4.133e2
3664.2615	2.661e3
3664.5623	1.201e3
3665.3123	1.738e3
3665.8201	8.871e2
3666.2197	2.635e3
3666.5356	1.329e3
3667.0452	3.076e3
3667.6091	3.803e2
3668.2002	7.395e2
3668.7861	2.998e2
3669.0854	8.009e2
3670.2749	3.410e3
3670.7983	3.184e3
3671.1792	3.007e3
3671.7656	7.984e2
3672.0989	1.157e3
3672.5999	6.034e2
3672.9729	2.396e3
3673.5742	2.053e3
3674.0740	3.181e3
3674.8335	1.339e3
3675.1189	1.408e3
3675.6101	4.197e2
3676.1218	9.560e2
3677.1235	9.620e2
3678.3484	3.338e3
3679.2041	1.073e4
3679.6274	2.435e3
3680.2083	1.497e4
3680.7190	2.495e3
3681.2061	1.118e4
3681.7747	7.305e2
3682.2163	9.186e3
3682.7310	6.048e3
3683.2080	4.913e3
3683.7861	1.923e3
3684.2078	3.701e3
3684.7627	7.290e2
3685.2104	2.388e3
3685.5620	3.767e2
3686.1165	2.784e3
3686.8057	5.549e2
3687.3127	1.249e3
3688.5195	5.155e3
3688.9810	5.458e3
3689.5625	3.247e3
3690.2566	1.751e3
3690.5176	1.667e3
3690.8889	7.768e2
3691.1348	2.144e3
3691.8496	3.698e2
3692.2283	2.577e3
3692.8357	8.720e2
3693.2415	1.730e3
3693.5371	2.052e3
3694.3313	4.009e3
3694.7893	1.997e3
3695.2251	3.179e3
3695.7190	4.501e2
3696.1045	7.775e2
3696.6040	2.084e2
3697.4370	3.853e3
3698.1882	3.794e3
3698.7454	2.486e3
3699.1699	2.571e3
3700.2749	1.347e3
3700.9021	2.195e3
3701.3606	5.435e2
3701.8931	7.609e2
3702.4617	4.300e3
3702.8240	1.923e3
3703.1687	1.084e3
3703.4614	1.568e3
3704.2244	1.150e3
3704.5735	1.156e3
3705.2043	1.084e3
3705.6655	8.530e2
3706.3125	2.190e3
3706.6428	1.684e3
3707.2107	6.378e3
3707.5608	9.507e2
3708.2078	9.668e3
3708.8582	2.033e3
3709.2070	1.183e4
3709.7388	1.703e3
3710.2358	1.012e4
3710.7444	2.299e3
3711.2112	5.764e3
3711.7400	8.672e2
3712.2302	3.927e3
3712.6914	1.575e3
3713.2422	2.968e3
3713.7397	2.508e3
3714.1633	1.313e3
3714.9878	1.377e3
3715.3059	2.042e3
3716.1475	2.116e3
3716.8010	5.640e2
3717.1497	3.599e2
3717.7166	3.035e2
3718.2356	2.272e3
3718.5874	1.664e3
3718.9458	3.194e3
3719.3196	4.876e3
3719.6609	5.594e2
3720.1172	2.911e3
3720.6953	2.012e2
3721.2234	1.872e3
3721.7148	5.840e2
3722.2349	3.193e3
3722.7673	2.180e3
3723.2256	1.425e3
3723.6462	9.404e2
3724.2793	3.353e3
3724.7283	1.110e3
3725.2256	1.578e3
3725.8708	3.772e2
3726.2104	1.986e3
3726.7976	7.746e2
3727.1155	2.335e3
3727.7971	1.190e3
3728.3352	3.336e3
3728.8196	2.536e3
3729.2273	2.203e3
3729.5581	2.063e3
3730.2952	3.804e3
3730.9250	9.429e2
3731.2927	1.283e3
3731.9319	6.510e2
3732.2244	7.901e2
3732.7744	3.621e2
3733.1497	1.442e3
3733.4270	1.509e3
3733.9333	2.256e3
3734.2188	2.040e3
3734.7991	1.427e3
3735.1785	9.980e2
3735.5359	2.393e2
3736.2798	1.875e3
3736.6660	3.119e3
3737.2578	3.376e3
3737.8037	8.506e2
3738.2065	2.397e3
3738.5652	1.196e3
3738.8105	1.129e3
3739.2886	1.662e3
3739.7217	5.582e2
3740.1177	1.448e3
3740.5173	5.079e2
3740.8625	1.198e2
3741.3398	2.489e2
3741.8340	7.240e2
3742.4646	3.095e3
3742.7625	9.272e2
3743.3113	2.820e3
3743.6204	2.113e3
3744.3086	1.802e3
3744.6621	5.257e2
3745.1255	1.227e3
3745.7815	9.782e2
3746.1470	2.510e3
3746.5181	1.335e3
3746.7610	7.214e2
3747.2739	1.018e3
3747.6204	7.612e2
3748.1904	1.380e3
3748.4585	2.392e3
3749.2700	2.996e3
3750.2815	3.555e3
3750.8811	3.301e3
3751.2092	4.062e3
3751.4604	1.536e3
3751.8464	3.957e3
3752.2236	5.671e3
3753.3025	2.820e3
3753.7275	1.281e3
3754.2605	2.822e3
3754.7488	1.097e3
3755.2397	2.962e3
3756.0820	1.974e3
3756.8308	8.943e2
3757.2400	1.313e3
3757.5757	2.303e3
3758.3750	1.720e3
3758.7129	2.726e3
3759.2617	2.029e3
3759.8618	1.663e3
3760.0608	8.475e2
3760.4397	3.831e3
3760.8345	7.087e3
3761.3005	4.714e3
3761.7629	1.936e3
3762.2241	4.215e3
3763.4016	2.983e3
3763.8313	1.279e3
3764.2468	3.163e3
3764.7805	9.596e2
3765.1890	2.905e3
3765.5605	3.045e2
3766.2500	3.914e3
3766.6343	2.184e3
3767.2119	1.994e3
3767.7412	1.787e3
3768.4060	3.270e3
3769.0505	4.280e3
3769.5173	5.329e3
3770.2031	4.168e3
3770.8416	1.912e3
3771.2266	4.318e3
3771.7971	1.654e3
3772.2466	3.917e3
3772.5625	9.883e2
3772.8579	1.200e3
3773.2781	3.293e3
3773.8313	1.081e3
3774.2695	5.133e3
3775.2422	5.323e3
3776.1213	3.071e3
3776.7852	1.546e3
3777.1838	1.012e3
3777.6228	1.496e3
3778.3132	6.051e3
3778.7625	7.305e3
3779.2185	6.941e3
3780.2341	7.059e3
3780.8618	1.262e3
3781.1995	4.150e3
3781.8279	2.558e3
3782.2251	4.327e3
3782.5906	1.152e3
3782.8621	2.405e3
3783.2366	2.411e3
3783.5552	2.432e3
3783.8931	4.483e2
3784.2209	1.815e3
3784.6611	3.682e2
3785.2114	2.194e3
3785.4604	1.442e3
3786.1882	2.713e3
3786.7693	6.526e2
3787.1145	1.309e3
3787.7988	3.027e3
3788.2998	4.597e3
3788.8159	3.553e3
3789.2371	2.051e3
3789.6604	6.709e2
3790.2817	2.942e3
3790.5610	1.093e3
3791.2114	4.922e3
3791.9199	2.317e3
3792.2742	2.659e3
3792.6157	1.836e3
3793.2974	4.387e3
3793.7603	4.538e2
3794.2852	3.544e3
3794.8840	8.767e2
3795.2646	2.829e3
3796.2676	3.366e3
3796.7891	1.978e3
3797.2808	1.725e3
3797.7881	1.775e3
3798.2810	2.123e3
3798.6277	4.080e3
3799.0637	3.594e3
3799.4141	2.788e3
3799.9543	3.219e3
3800.3223	2.949e3
3801.1350	2.806e3
3801.6538	2.165e3
3802.2236	1.445e3
3802.6465	1.881e3
3803.3916	2.687e3
3804.2422	1.771e3
3804.7656	7.269e2
3805.2285	1.750e3
3805.8799	1.410e3
3806.2800	4.603e3
3806.7427	1.481e3
3807.2190	4.311e3
3807.7036	1.577e3
3808.3096	6.043e3
3808.7847	3.921e3
3809.2434	4.395e3
3809.8809	7.060e2
3810.2859	3.255e3
3810.6523	1.179e3
3811.0439	2.157e3
3811.4414	1.840e3
3812.2598	1.880e3
3812.5618	5.668e2
3813.6238	3.687e3
3814.4629	3.671e3
3814.8086	6.269e3
3815.5789	1.178e3
3815.9980	3.897e3
3816.4622	5.854e2
3816.8542	1.314e3
3817.2322	4.503e3
3817.5627	5.065e2
3817.8997	1.922e2
3818.4333	4.868e3
3818.7612	2.177e3
3819.2131	4.997e3
3819.7605	6.742e2
3820.2998	4.593e3
3821.2349	4.535e3
3821.9792	1.071e3
3822.3098	2.891e3
3822.6765	1.308e3
3823.2715	5.627e3
3823.6255	2.423e3
3824.1733	5.736e3
3824.8518	1.117e3
3825.2029	1.694e3
3826.2808	2.405e3
3826.6819	1.033e3
3827.2305	2.815e3
3827.5608	1.545e3
3828.3953	4.543e3
3828.8186	1.772e3
3829.2224	1.867e3
3830.2578	3.480e3
3830.8254	1.710e3
3831.2285	2.257e3
3832.4487	8.357e3
3833.3159	3.281e3
3833.6221	2.903e3
3834.2944	4.372e3
3834.8652	2.541e3
3835.3042	1.294e4
3835.7939	1.196e3
3836.3022	2.568e4
3836.8406	1.888e3
3837.3069	2.843e4
3837.8203	1.478e3
3838.3047	2.266e4
3838.7214	2.086e3
3839.3066	1.336e4
3840.3159	6.299e3
3841.0198	4.081e3
3841.3186	3.480e3
3841.6611	8.488e2
3841.9304	1.590e3
3842.4136	5.741e3
3842.8621	2.206e3
3843.3938	3.523e3
3843.9983	9.494e2
3844.2952	2.210e3
3844.8972	2.145e3
3845.2573	1.418e3
3845.9966	1.415e3
3846.3225	2.383e3
3846.6165	1.508e3
3846.9758	1.248e3
3847.3115	3.513e3
3848.3650	9.908e3
3848.7107	4.690e3
3849.3174	1.103e4
3849.7786	3.882e3
3850.3254	1.720e4
3850.8101	3.084e3
3851.3218	1.603e4
3851.8818	2.334e3
3852.3174	1.208e4
3852.7483	1.494e3
3853.3303	7.557e3
3853.8865	2.324e3
3854.3181	5.883e3
3854.7183	1.106e3
3855.3958	7.223e3
3856.3289	1.626e3
3856.7834	1.915e3
3857.3147	1.713e3
3857.5603	5.968e2
3858.3081	2.880e3
3858.8459	3.787e3
3859.3022	4.965e3
3859.6914	4.481e3
3860.2991	3.154e3
3860.8328	2.491e3
3861.3140	3.165e3
3861.7410	1.232e3
3862.3625	7.107e3
3862.7891	3.730e3
3863.3184	9.099e3
3863.9502	1.734e3
3864.3110	1.081e4
3865.3044	1.064e4
3865.7954	1.251e3
3866.3147	1.022e4
3867.3396	5.457e3
3867.8682	1.375e3
3868.3774	6.539e3
3868.8159	3.409e3
3869.2297	3.343e3
3869.6863	6.557e2
3870.5398	7.734e3
3870.9133	5.101e3
3871.7603	1.168e3
3872.3398	4.054e3
3872.9375	1.257e3
3873.3286	3.040e3
3873.8240	1.621e3
3874.3101	3.161e3
3874.7612	9.483e2
3875.2705	3.216e3
3876.3386	5.957e3
3876.8691	2.009e3
3877.3755	7.511e3
3877.6606	5.974e2
3877.9683	1.739e3
3878.3672	1.073e4
3878.8157	3.805e3
3879.3438	7.864e3
3879.8613	1.433e3
3880.3442	7.415e3
3880.8323	1.612e3
3881.3098	4.801e3
3881.6162	2.717e3
3882.2314	5.545e3
3883.2341	3.498e3
3883.6677	3.667e3
3884.3521	4.135e3
3885.0818	5.032e2
3885.6980	3.924e3
3886.3953	3.959e3
3886.9114	3.829e3
3887.2551	3.036e3
3888.1543	6.651e3
3888.6606	1.250e3
3889.2275	3.627e3
3889.7642	8.769e2
3890.3145	4.365e3
3890.8049	1.732e3
3891.3491	4.091e3
3891.7979	6.092e2
3892.3533	8.281e3
3893.3167	5.864e3
3894.3313	5.684e3
3894.8479	1.334e3
3895.2986	4.676e3
3895.7810	2.076e3
3896.3223	2.105e3
3896.7405	1.524e3
3897.1704	4.196e3
3897.7654	2.483e3
3898.2908	5.414e3
3898.6619	2.507e3
3899.2256	2.836e3
3899.6667	3.012e3
3900.2302	2.169e3
3901.1116	3.986e3
3901.7498	1.420e3
3902.2930	2.453e3
3902.7249	1.506e3
3903.4614	6.432e3
3904.3501	6.466e3
3904.9307	2.967e3
3905.3557	9.081e3
3905.9602	1.813e3
3906.3745	9.776e3
3906.7185	1.604e3
3907.3750	9.162e3
3907.7432	9.875e2
3908.0781	9.403e3
3908.3613	5.666e3
3908.8545	3.548e3
3909.3450	5.030e3
3909.9578	8.771e2
3910.3293	3.936e3
3910.6604	1.341e3
3911.2834	3.553e3
3911.7146	1.122e3
3912.2476	2.570e3
3913.3787	4.433e3
3913.7146	2.223e3
3914.2661	3.888e3
3914.7124	1.074e3
3915.2786	4.414e3
3915.7322	1.461e3
3916.2813	5.367e3
3916.7566	2.641e3
3917.2759	7.115e3
3917.8965	1.607e3
3918.3384	1.463e4
3919.3472	7.783e3
3919.7354	1.667e3
3920.3513	9.045e3
3920.9380	1.551e3
3921.3689	6.704e3
3921.9829	1.915e3
3922.3655	9.819e3
3922.8118	1.768e3
3923.3274	6.783e3
3923.8943	1.829e3
3924.3042	4.648e3
3925.2393	5.751e3
3925.9294	2.590e3
3926.3157	2.817e3
3926.5632	1.279e3
3926.9858	1.248e3
3927.3025	2.756e3
3927.7656	8.341e2
3928.4021	4.078e3
3928.6609	1.469e3
3929.2524	3.168e3
3929.6794	5.325e2
3930.2666	4.631e3
3931.2729	4.340e3
3932.3059	9.393e3
3932.9431	3.180e3
3933.3552	7.274e3
3933.8623	1.949e3
3934.3408	7.228e3
3934.6604	2.300e3
3934.9680	1.129e3
3935.3562	6.493e3
3935.8894	1.347e3
3936.3164	5.767e3
3936.8147	1.420e3
3937.2944	5.830e3
3937.8340	2.207e3
3938.3892	6.528e3
3939.3208	4.623e3
3939.7185	1.723e3
3940.4207	7.103e3
3940.8833	1.527e3
3941.2551	3.689e3
3941.8931	2.881e3
3942.3892	4.432e3
3942.7617	1.506e3
3943.3032	3.035e3
3943.8696	1.899e3
3944.3555	2.699e3
3944.7473	1.033e3
3945.3518	4.052e3
3945.8772	1.343e3
3946.3840	6.434e3
3946.8323	1.938e3
3947.3486	4.408e3
3947.8333	3.247e3
3948.3933	1.146e4
3948.9626	1.523e3
3949.3940	1.435e4
3949.9727	3.940e3
3950.3948	1.974e4
3951.3911	1.356e4
3952.3972	9.938e3
3953.3994	1.090e4
3954.3474	6.744e3
3954.9131	1.618e3
3955.3301	1.978e3
3955.7974	1.598e3
3956.2312	4.096e3
3956.6606	5.884e2
3956.9434	8.842e2
3957.3474	3.428e3
3957.7603	7.180e2
3958.4846	9.401e3
3959.3794	6.349e3
3960.3865	7.507e3
3960.9995	1.016e3
3961.3250	5.337e3
3961.9871	1.099e3
3962.3840	5.664e3
3962.8933	1.492e3
3963.3970	9.100e3
3963.9514	1.446e3
3964.3958	1.150e4
3964.8601	1.101e3
3965.4072	8.573e3
3965.8113	1.431e3
3966.4099	7.790e3
3966.7634	9.004e2
3967.4055	7.537e3
3967.9155	2.594e3
3968.4255	7.022e3
3969.1094	3.924e3
3969.4990	4.354e3
3970.0427	5.468e3
3970.3604	2.498e3
3970.6609	1.708e3
3971.2654	3.064e3
3972.3301	5.137e3
3973.3872	6.211e3
3973.7605	1.444e3
3974.3413	8.597e3
3974.9421	1.608e3
3975.3848	6.971e3
3975.9636	1.499e3
3976.3735	8.919e3
3976.9404	1.782e3
3977.3833	8.988e3
3977.6609	8.030e2
3977.9929	1.470e3
3978.3931	1.260e4
3978.8364	1.879e3
3979.3904	1.273e4
3979.8679	1.956e3
3980.3953	9.179e3
3980.8286	5.423e3
3981.3857	1.095e4
3982.3164	1.026e4
3983.0342	1.488e3
3983.3496	2.529e3
3983.6384	3.877e3
3984.3284	3.795e3
3985.3467	6.389e3
3985.9993	1.005e3
3986.3118	3.724e3
3986.6616	1.152e3
3987.3577	5.318e3
3988.3928	1.336e4
3989.3909	1.564e4
3989.9202	3.956e3
3990.3953	1.568e4
3990.8225	2.931e3
3991.4026	5.437e4
3991.9048	2.878e3
3992.4050	1.014e5
3992.9109	2.599e3
3993.4070	1.129e5
3993.9287	2.545e3
3994.4060	8.797e4
3994.8159	3.832e3
3995.4124	5.437e4
3995.9387	4.055e3
3996.4099	2.855e4
3997.0249	3.092e3
3997.4106	1.381e4
3997.7961	7.982e2
3998.4041	9.831e3
3998.9258	3.431e3
3999.3691	7.553e3
3999.9934	1.335e3
4000.3608	5.813e3
4001.3379	5.805e3
4001.7136	1.548e3
4002.3647	8.712e3
4002.9680	2.077e3
4003.4438	1.293e4
4004.3804	1.402e4
4004.8176	4.067e3
4005.4165	3.032e5
4005.8984	6.245e3
4006.4204	6.171e5
4006.8650	5.718e3
4007.4204	6.855e5
4007.8647	7.122e3
4008.4211	5.553e5
4008.9712	1.152e4
4009.4216	3.349e5
4009.9253	6.630e3
4010.4280	1.739e5
4010.9705	5.235e3
4011.4282	7.388e4
4011.9822	4.160e3
4012.4402	2.887e4
4012.7727	1.222e3
4013.0662	2.225e3
4013.4263	1.524e4
4013.9004	5.779e3
4014.3977	9.072e3
4014.7993	4.431e3
4015.3691	6.018e3
4015.7358	2.084e3
4016.3040	8.196e3
4016.7615	1.712e3
4017.3835	7.282e3
4017.9387	1.434e3
4018.3965	6.690e3
4018.9453	3.303e3
4019.4158	1.853e4
4019.9441	2.840e3
4020.4207	2.896e4
4020.8994	1.749e3
4021.4290	3.356e4
4021.9333	2.651e3
4022.4316	3.080e4
4022.9734	2.804e3
4023.4351	1.934e4
4023.8716	2.552e3
4024.4167	1.128e4
4024.9451	3.228e3
4025.4302	6.152e3
4025.7839	6.889e2
4026.0820	1.943e3
4026.4119	5.493e3
4026.9141	1.872e3
4027.3945	7.422e3
4028.3940	9.078e3
4028.8972	3.070e3
4029.3928	1.018e4
4029.9500	3.040e3
4030.3918	1.681e4
4030.8613	2.779e3
4031.3801	1.195e4
4031.8167	2.432e3
4032.3799	7.709e3
4033.0684	3.352e3
4033.3955	1.215e4
4033.9209	1.951e3
4034.4094	2.032e4
4035.4177	1.818e4
4035.9045	2.924e3
4036.4160	1.572e4
4037.4038	1.395e4
4038.4116	1.212e4
4038.8140	1.625e3
4039.4202	8.066e3
4039.8542	2.710e3
4040.3213	5.323e3
4041.3523	6.375e3
4041.8411	2.388e3
4042.3955	8.226e3
4043.3838	1.352e4
4043.8608	1.124e3
4044.3774	1.857e4
4044.9277	2.651e3
4045.3762	2.050e4
4045.9111	1.930e3
4046.3782	1.892e4
4046.9226	1.636e3
4047.3911	1.642e4
4047.9353	1.416e3
4048.4036	1.864e4
4049.4019	1.893e4
4049.9814	1.048e3
4050.4036	1.892e4
4051.3938	1.827e4
4051.9028	3.205e3
4052.3977	1.175e4
4053.3962	9.725e3
4053.9956	1.896e3
4054.3967	6.536e3
4054.9604	1.504e3
4055.3804	5.432e3
4055.8337	1.476e3
4056.3660	5.203e3
4056.8174	1.813e3
4057.3757	6.461e3
4057.9561	3.853e3
4058.3694	1.218e4
4058.7615	3.147e3
4059.3369	1.516e4
4059.7744	2.764e3
4060.3467	2.309e4
4061.3606	2.115e4
4061.6636	2.858e3
4062.3931	2.395e4
4062.8174	1.841e3
4063.4170	2.844e4
4064.4094	2.996e4
4064.9734	1.369e3
4065.4233	1.920e4
4065.9248	1.940e3
4066.4160	1.642e4
4066.9624	1.850e3
4067.4487	1.217e4
4068.4043	2.209e4
4069.3943	1.915e4
4070.4097	2.103e4
4071.4072	1.720e4
4071.8757	1.123e3
4072.3848	1.514e4
4072.7629	2.768e3
4073.3999	1.171e4
4073.7612	1.185e3
4074.4026	1.008e4
4074.8340	2.405e3
4075.4009	8.417e3
4075.8723	2.470e3
4076.4082	1.050e4
4076.7617	1.711e3
4077.4197	1.603e4
4077.9604	6.784e2
4078.4309	2.034e4
4078.8779	1.953e3
4079.4236	2.111e4
4079.7661	3.000e3
4080.3872	2.008e4
4081.4084	1.130e4
4081.8113	1.548e3
4082.3921	8.108e3
4083.3743	8.573e3
4083.7842	4.706e3
4084.3809	7.051e3
4084.8848	2.257e3
4085.4028	8.073e3
4086.3711	1.058e4
4086.9082	2.037e3
4087.3950	7.300e3
4088.3914	1.238e4
4088.7605	8.571e2
4089.3762	1.166e4
4089.8999	2.501e3
4090.4041	1.597e4
4090.8728	1.644e3
4091.4077	1.634e4
4091.8167	1.767e3
4092.4194	1.558e4
4093.4199	1.866e4
4093.9331	2.740e3
4094.4409	1.503e4
4094.8638	1.593e3
4095.3933	9.759e3
4095.9553	2.232e3
4096.3857	1.101e4
4097.3794	1.199e4
4098.3721	9.091e3
4098.6616	2.010e3
4099.3423	7.159e3
4099.8721	1.389e3
4100.3530	5.242e3
4100.8081	1.702e3
4101.4048	9.435e3
4101.8066	4.299e3
4102.4014	1.770e4
4102.8906	3.452e3
4103.4136	3.792e4
4103.9131	2.598e3
4104.4004	4.788e4
4104.9170	1.278e3
4105.4023	5.024e4
4105.9507	1.353e3
4106.4009	4.617e4
4106.9609	8.886e2
4107.3975	3.517e4
4107.9258	2.207e3
4108.4023	2.811e4
4109.3921	1.567e4
4109.9883	7.908e2
4110.3887	1.043e4
4110.9131	2.798e3
4111.3838	9.510e3
4111.9175	1.829e3
4112.4224	6.485e3
4112.9365	2.455e3
4113.3770	6.099e3
4113.8267	1.458e3
4114.3525	8.159e3
4115.3984	5.659e3
4115.9287	1.417e3
4116.3906	5.056e3
4116.9551	1.379e3
4117.3945	6.161e3
4117.8931	2.025e3
4118.3950	9.401e3
4118.8140	1.926e3
4119.3926	7.921e3
4120.4146	1.043e4
4121.3975	8.197e3
4121.9712	1.282e3
4122.4214	7.500e3
4122.8984	7.776e2
4123.3726	7.502e3
4123.8975	3.305e3
4124.3711	5.799e3
4124.7603	1.110e3
4125.3413	6.076e3
4125.7344	1.274e3
4125.9707	6.727e2
4126.3730	8.234e3
4126.8247	1.613e3
4127.3774	1.030e4
4127.6606	2.165e3
4128.3823	1.207e4
4128.9146	4.674e3
4129.3569	1.217e4
4129.9399	1.522e3
4130.3853	8.354e3
4130.9521	1.116e3
4131.3818	6.701e3
4132.3730	8.443e3
4132.8643	7.555e2
4133.4131	8.026e3
4134.3877	8.857e3
4134.8940	3.159e3
4135.4111	7.648e3
4135.9253	1.058e3
4136.4082	5.900e3
4136.9780	1.440e3
4137.4009	5.772e3
4138.4009	1.013e4
4138.7583	5.029e3
4139.3369	4.636e3
4139.9194	2.265e3
4140.3667	5.136e3
4140.8149	1.446e3
4141.3584	8.782e3
4141.9067	1.742e3
4142.3633	1.495e4
4142.9321	1.063e3
4143.3662	1.484e4
4143.7622	1.380e3
4144.3521	1.443e4
4144.9927	2.033e3
4145.3623	1.235e4
4145.7607	1.240e3
4146.3672	1.016e4
4146.9395	1.372e3
4147.3999	1.208e4
4147.9214	1.632e3
4148.3774	1.427e4
4148.9150	1.958e3
4149.3687	1.105e4
4149.9189	1.899e3
4150.3716	8.776e3
4150.8071	3.449e3
4151.3711	8.034e3
4151.9517	1.338e3
4152.3525	5.551e3
4153.3208	9.002e3
4154.3804	6.534e3
4154.8613	5.953e2
4155.3486	4.874e3
4155.8921	1.287e3
4156.3330	7.800e3
4156.8101	2.862e3
4157.3457	1.125e4
4157.8638	1.184e3
4158.3477	1.939e4
4158.9165	3.434e3
4159.3477	1.519e4
4159.9751	2.845e3
4160.3877	1.378e4
4160.9512	1.997e3
4161.3857	1.173e4
4161.9658	1.786e3
4162.4131	1.120e4
4163.4077	1.154e4
4164.3833	6.996e3
4165.3682	6.897e3
4165.8198	1.693e3
4166.3555	9.001e3
4167.3809	7.261e3
4168.3765	1.306e4
4169.3486	7.820e3
4169.8755	1.457e3
4170.3560	9.534e3
4170.9185	9.653e2
4171.3916	9.347e3
4171.8159	1.588e3
4172.4160	1.148e4
4172.9121	2.188e3
4173.4258	1.200e4
4173.9160	2.802e3
4174.4097	1.231e4
4174.9834	2.371e3
4175.4214	1.022e4
4175.7603	1.149e3
4176.3779	6.833e3
4177.3853	9.157e3
4178.4629	1.125e4
4178.9482	2.360e3
4179.3184	5.258e3
4180.3208	7.216e3
4181.3262	6.579e3
4181.8872	9.776e2
4182.3359	5.267e3
4182.7280	1.355e3
4183.3340	6.869e3
4183.8057	3.495e3
4184.3306	5.835e3
4184.9390	1.264e3
4185.3359	4.083e3
4185.8599	1.319e3
4186.3486	6.899e3
4187.3271	4.802e3
4187.7476	7.913e2
4188.3726	6.171e3
4188.8970	2.715e3
4189.3716	6.333e3
4190.2202	1.113e4
4190.8193	1.317e3
4191.3511	6.624e3
4191.8818	2.147e3
4192.3262	9.648e3
4192.8413	1.747e3
4193.3320	9.991e3
4194.3384	7.420e3
4194.8560	9.959e2
4195.3037	5.406e3
4196.3408	5.807e3
4196.8862	1.123e3
4197.2954	5.150e3
4198.3354	9.041e3
4199.3062	6.441e3
4199.7700	3.934e3
4200.3516	4.400e3
4200.9482	2.332e3
4201.3672	8.683e3
4202.3481	1.002e4
4202.8838	1.105e3
4203.3374	7.517e3
4203.9746	1.375e3
4204.3750	7.982e3
4204.8257	1.676e3
4205.3545	8.647e3
4205.8848	2.058e3
4206.3735	8.131e3
4206.9707	9.714e2
4207.3496	6.476e3
4207.8662	1.196e3
4208.3643	6.139e3
4208.9746	7.140e2
4209.3164	4.771e3
4210.2681	3.831e3
4210.5605	4.244e3
4210.9268	2.111e3
4211.3066	4.093e3
4211.7168	4.168e3
4212.3496	6.872e3
4213.3574	6.076e3
4213.7881	8.247e2
4214.3125	5.878e3
4214.6626	2.077e3
4215.2725	5.490e3
4216.3765	7.909e3
4217.4116	4.733e3
4218.3750	6.404e3
4218.8477	1.848e3
4219.3379	6.487e3
4219.8408	1.115e3
4220.3003	3.331e3
4220.7964	2.304e2
4221.3276	4.173e3
4222.3599	8.961e3
4222.8174	2.457e3
4223.2949	5.400e3
4223.6963	5.157e3
4224.3252	6.925e3
4224.9658	1.171e3
4225.3188	5.114e3
4225.9751	1.016e3
4226.3306	6.844e3
4227.2837	5.351e3
4227.8838	2.218e3
4228.3423	9.975e3
4228.7607	2.060e3
4229.3687	6.758e3
4229.8975	7.449e2
4230.4033	7.566e3
4231.3994	5.229e3
4232.4009	5.088e3
4233.3955	8.975e3
4234.3682	8.623e3
4235.3784	5.580e3
4236.3364	2.808e3
4236.5610	1.567e3
4237.4243	4.312e3
4237.9102	2.477e3
4238.4204	9.573e3
4239.2974	5.378e3
4239.9331	2.583e3
4240.3130	8.445e3
4241.3286	6.939e3
4242.3071	6.915e3
4242.8320	5.070e2
4243.3379	7.391e3
4244.3311	6.494e3
4244.8320	5.311e2
4245.3394	5.396e3
4245.7856	7.707e2
4246.3745	9.995e3
4247.3477	8.032e3
4247.8882	1.513e3
4248.3096	6.143e3
4248.5610	3.393e3
4249.3394	6.504e3
4249.8726	1.227e3
4250.3315	6.268e3
4250.9541	2.315e3
4251.3184	5.003e3
4252.2607	4.750e3
4252.8931	1.953e3
4253.3306	3.486e3
4253.8320	6.960e2
4254.3213	5.445e3
4255.2725	8.424e3
4256.3218	5.095e3
4257.3296	6.218e3
4258.3682	1.155e4
4259.4526	1.133e4
4260.4546	5.419e3
4260.9541	2.486e3
4261.2627	2.351e3
4261.4619	1.817e3
4261.8784	7.459e2
4262.4346	6.414e3
4263.2988	4.980e3
4263.6260	1.704e3
4264.2832	6.227e3
4265.2915	5.134e3
4266.3130	5.863e3
4267.2759	5.058e3
4268.3257	8.312e3
4269.3345	4.514e3
4269.8750	1.075e3
4270.3340	7.873e3
4270.7437	3.216e3
4271.3345	8.377e3
4272.3330	4.144e3
4272.7104	1.515e3
4273.3320	6.943e3
4274.3081	5.799e3
4275.3311	3.825e3
4276.2554	4.622e3
4277.2393	4.969e3
4277.8125	7.841e2
4278.3306	6.784e3
4279.2813	6.372e3
4279.8140	1.330e3
4280.3398	4.114e3
4281.2192	4.996e3
4282.2510	5.561e3
4282.7163	6.939e3
4283.3198	6.019e3
4284.3140	4.134e3
4284.8252	8.153e2
4285.2939	3.567e3
4285.7622	2.618e2
4286.3174	3.393e3
4287.2832	2.331e3
4288.3184	8.073e3
4288.7617	2.281e3
4289.2793	6.262e3
4290.3213	5.213e3
4291.2578	3.794e3
4291.8638	3.399e2
4292.2959	5.070e3
4293.2412	5.080e3
4293.6162	2.907e3
4294.2437	5.717e3
4294.7295	3.346e3
4295.1807	7.554e3
4296.3198	6.312e3
4297.2700	4.322e3
4297.8989	9.465e2
4298.3345	5.074e3
4299.3096	5.329e3
4300.2246	4.829e3
4300.6201	1.406e3
4301.3003	5.738e3
4302.3994	6.404e3
4303.2778	7.519e3
4304.2856	4.657e3
4305.2842	3.802e3
4306.2798	7.305e3
4307.2681	3.151e3
4307.6177	9.273e2
4308.2446	2.395e3
4308.5332	3.523e3
4309.2959	4.230e3
4309.9653	1.533e3
4310.4141	8.156e3
4310.8433	3.538e3
4311.2676	4.114e3
4312.3584	7.609e3
4313.2651	4.508e3
4313.8428	1.025e3
4314.2900	3.760e3
4314.6187	1.965e3
4315.3237	1.845e3
4315.9175	2.369e3
4316.2896	2.967e3
4316.8804	9.830e2
4317.2954	4.179e3
4318.2510	5.656e3
4318.6479	3.429e3
4319.2524	5.589e3
4320.2915	4.325e3
4320.8833	1.175e3
4321.3311	4.940e3
4321.8164	2.978e3
4322.2622	3.789e3
4322.5610	2.687e3
4323.2925	3.565e3
4323.5601	1.366e3
4324.2427	5.866e3
4324.6611	5.013e2
4325.3120	4.291e3
4325.7505	7.521e2
4326.2607	5.166e3
4326.7622	1.445e3
4327.2700	3.923e3
4327.7393	1.867e3
4328.3252	4.302e3
4328.5601	1.793e3
4328.8154	3.034e3
4329.3022	3.171e3
4329.6719	3.136e2
4330.2930	4.912e3
4331.2866	4.674e3
4331.9321	1.136e3
4332.3423	4.127e3
4332.7935	2.136e3
4333.2852	3.405e3
4333.5605	9.465e2
4333.8862	2.610e3
4334.1606	2.660e3
4334.6836	7.195e2
4335.1382	2.971e3
4335.5210	1.255e3
4335.9741	1.758e3
4336.2134	2.628e3
4336.6611	7.560e2
4336.9985	1.201e3
4337.2729	2.793e3
4337.9746	1.997e3
4338.3013	5.354e3
4338.6191	3.131e3
4339.2896	2.931e3
4339.7090	2.047e3
4340.3149	4.352e3
4340.9922	9.861e2
4341.2310	2.506e3
4341.7183	3.513e2
4342.2988	2.522e3
4342.5820	8.569e2
4342.9316	2.603e3
4343.2876	1.897e3
4343.5786	4.125e3
4344.2529	4.018e3
4345.2876	5.470e3
4345.8955	2.954e3
4346.3545	3.550e3
4346.9063	1.797e3
4347.3257	2.506e3
4347.6196	2.270e3
4348.3765	6.344e3
4349.1558	3.459e3
4349.5215	1.689e3
4350.2163	3.405e3
4350.8081	1.111e3
4351.3184	2.439e3
4351.8145	9.312e2
4352.3530	1.982e3
4353.2612	2.409e3
4353.7251	1.132e3
4354.2827	5.841e3
4354.8428	5.837e3
4355.2822	2.792e3
4355.8613	6.200e2
4356.3071	3.074e3
4357.2681	2.814e3
4357.5615	4.967e2
4357.9629	2.906e3
4358.2715	2.809e3
4358.5151	2.854e3
4358.8306	4.273e3
4359.2666	2.863e3
4359.6611	5.367e2
4360.0908	6.311e3
4360.8828	6.231e2
4361.2930	3.873e3
4362.2954	4.002e3
4363.2759	4.910e3
4364.3062	4.084e3
4365.2778	4.482e3
4366.3027	7.629e3
4367.3979	4.373e3
4367.8867	2.185e3
4368.2222	4.759e3
4368.7349	2.156e3
4369.3135	2.983e3
4369.8994	2.450e3
4370.3706	3.134e3
4370.7622	1.298e3
4371.2979	1.993e3
4372.2505	2.826e3
4372.4614	1.463e3
4372.7617	8.313e2
4373.2759	2.391e3
4373.4604	2.686e3
4374.2358	2.758e3
4374.7207	1.513e3
4375.2012	1.424e3
4375.5615	3.489e2
4375.8950	2.105e2
4376.3262	2.289e3
4376.8140	7.849e2
4377.1997	1.518e3
4377.5601	1.094e3
4377.8862	1.777e3
4378.3188	3.930e3
4379.4185	4.745e3
4380.2422	2.792e3
4380.6226	2.250e3
4380.9785	8.784e2
4381.2871	2.422e3
4381.7251	3.091e3
4382.3071	3.882e3
4382.7612	6.427e2
4383.2373	3.081e3
4383.5630	7.982e2
4384.3281	3.772e3
4385.2637	2.190e3
4386.2617	1.988e3
4387.2368	2.844e3
4387.5625	9.022e2
4388.2461	2.188e3
4388.4624	1.464e3
4389.2295	1.642e3
4389.6548	9.122e2
4390.1528	3.948e3
4390.5107	5.536e3
4391.1309	3.819e3
4391.5747	2.769e3
4392.2974	3.180e3
4392.6616	1.035e3
4393.2720	3.623e3
4394.2959	3.082e3
4394.7627	2.328e2
4395.1963	2.345e3
4395.7603	1.340e3
4396.2983	2.206e3
4396.7129	7.227e2
4397.1826	2.924e3
4398.1987	3.277e3
4398.6289	3.800e3
4399.2109	3.655e3
4399.6904	2.370e3
4400.1846	2.230e3
4400.6909	4.797e2
4401.1270	2.158e3
4401.4321	1.885e3
4401.7749	8.645e2
4402.1689	3.909e3
4402.6069	2.762e3
4403.2637	3.284e3
4403.8462	1.229e3
4404.1626	1.706e3
4404.7871	1.595e2
4405.2158	1.706e3
4405.8125	1.098e3
4406.2041	1.431e3
4406.8608	7.869e2
4407.2002	1.480e3
4407.4634	5.620e2
4408.2568	4.858e3
4409.1104	4.498e3
4409.5313	1.344e3
4410.2837	2.273e3
4410.6177	8.704e2
4411.2075	1.530e3
4411.6831	9.266e2
4412.2021	2.259e3
4413.3076	2.773e3
4413.7637	5.290e2
4414.3354	2.321e3
4414.6152	1.779e3
4415.2202	1.728e3
4415.4624	1.177e3
4416.0215	5.954e1
4416.6279	7.149e2
4417.1782	1.946e3
4417.5396	1.556e3
4418.1880	1.615e3
4418.4199	2.375e3
4419.1807	7.600e2
4419.5215	4.107e3
4420.1958	2.095e3
4420.4165	3.037e3
4420.9683	2.552e3
4421.4229	1.236e3
4422.2944	5.032e3
4422.6621	1.582e3
4423.1284	5.245e3
4424.2920	2.416e3
4425.1953	1.028e3
4425.4619	6.407e2
4426.1499	8.109e2
4426.7524	1.697e3
4427.1372	2.308e3
4427.6982	1.540e3
4428.2861	4.586e3
4428.7510	1.602e3
4429.2529	3.179e3
4430.2803	4.439e3
4430.6323	1.556e3
4431.0034	4.692e3
4431.5234	4.915e3
4432.0571	1.082e3
4432.3218	1.820e3
4433.1724	2.096e3
4433.6929	6.952e2
4434.2178	1.352e3
4434.9751	2.521e3
4435.5723	8.108e2
4436.0723	3.721e3
4436.5854	7.048e2
4437.0903	4.280e3
4438.2314	3.757e3
4439.2344	1.984e3
4440.1445	2.514e3
4440.7861	1.373e3
4441.2300	1.173e3
4441.5410	7.792e2
4442.1206	1.411e3
4442.5029	2.448e3
4443.0273	9.464e3
4443.7813	6.547e2
4444.2358	3.314e3
4444.8931	1.392e3
4445.2339	1.120e3
4445.8765	1.183e3
4446.3828	2.743e3
4447.1362	1.920e3
4447.4619	4.947e2
4448.2769	1.935e3
4448.7407	4.741e2
4449.1577	6.997e2
4449.3643	5.857e2
4449.7266	6.448e2
4450.3765	3.360e3
4451.1646	1.007e3
4451.6182	9.843e2
4452.1108	9.186e2
4452.3628	3.248e2
4452.7783	3.625e3
4453.1699	3.137e3
4453.7988	6.381e3
4454.3652	2.841e3
4455.0015	3.484e3
4455.3184	9.408e2
4456.1226	1.658e3
4456.7080	5.920e2
4457.2183	3.643e3
4457.6777	1.747e3
4458.2114	2.478e3
4458.8545	2.092e3
4459.2266	1.523e3
4460.3252	1.880e3
4461.1914	1.281e3
4461.4604	3.486e2
4461.8838	9.872e2
4462.3037	2.502e3
4463.2134	2.551e3
4464.1587	4.187e3
4465.1104	1.891e3
4466.2363	2.050e3
4466.5322	1.613e3
4467.0952	2.918e3
4467.8213	1.969e3
4468.2563	4.784e3
4468.8403	1.425e3
4469.3457	1.465e3
4470.1855	2.115e3
4470.6362	1.079e3
4471.2803	1.935e3
4471.5205	2.175e3
4471.9795	2.397e3
4472.7119	7.574e2
4473.1094	2.353e3
4473.5620	1.481e2
4474.2393	1.714e3
4474.5293	1.962e3
4475.0029	1.867e3
4475.6904	1.043e3
4476.0938	7.825e2
4476.7158	6.413e2
4477.1538	7.796e2
4477.4619	2.106e2
4478.0464	3.340e3
4478.8198	2.836e3
4479.1392	2.634e3
4479.5610	1.818e2
4480.4297	4.857e3
4481.1631	1.079e3
4481.6074	4.026e3
4482.1226	1.272e3
4482.7075	2.171e3
4483.0718	4.849e2
4483.3320	1.005e3
4484.1899	5.855e2
4484.5889	1.930e2
4484.9956	1.392e3
4485.3799	1.107e3
4485.8730	1.605e3
4486.2153	7.480e3
4487.1909	1.200e3
4487.7769	3.882e2
4488.1953	1.604e3
4488.7646	2.369e3
4489.2422	2.194e3
4489.4614	1.226e3
4490.0693	4.606e3
4490.9224	1.771e3
4491.1631	1.384e3
4492.1245	2.787e3
4492.5850	2.268e3
4493.2012	3.469e3
4493.7617	1.456e2
4494.2769	1.689e3
4495.0640	6.257e2
4495.3560	6.829e2
4496.1406	3.303e2
4496.4946	4.627e2
4497.1582	7.043e2
4497.7134	2.049e3
4498.2041	4.327e3
4498.7100	2.458e3
4499.0244	1.456e3
4499.4097	6.376e2
4499.8286	1.876e3
