3500.2703	5.142e1
3500.5637	1.154e1
3500.9851	2.084e2
3501.3167	4.987e2
3501.5603	2.376e2
3501.9897	4.123e2
3502.3489	8.985e2
3502.7327	1.593e3
3503.4988	1.423e3
3504.0837	2.403e2
3504.3608	1.248e2
3505.2024	3.261e2
3505.5916	4.387e2
3506.1013	5.256e2
3506.5427	5.051e2
3506.8235	4.665e2
3507.8142	3.769e1
3508.3669	9.327e2
3508.7319	2.136e3
3509.7527	1.368e3
3510.3015	9.057e2
3510.8796	2.797e3
3511.4241	3.888e3
3511.6611	1.322e3
3512.4521	2.341e3
3512.8630	5.850e1
3513.2808	7.752e2
3513.6953	2.361e2
3513.9636	1.858e2
3514.6550	9.709e2
3515.1208	9.883e2
3515.7505	4.897e2
3516.0173	6.392e2
3516.3601	2.154e2
3517.1853	1.684e2
3517.8318	5.199e2
3518.4236	1.444e3
3518.7188	8.433e2
3519.1130	1.177e3
3519.8147	1.542e3
3520.4968	3.226e3
3521.0107	1.548e3
3521.5093	1.724e3
3522.1365	1.004e3
3522.5293	1.395e3
3523.1172	4.819e2
3523.5303	6.294e2
3524.0413	8.939e2
3524.7891	2.695e2
3525.2236	3.886e2
3525.6133	4.791e2
3526.5630	2.944e3
3527.1089	1.027e3
3527.6538	7.510e1
3528.3875	5.800e2
3528.6919	1.067e3
3529.1565	6.517e2
3529.6963	3.042e3
3530.1392	3.100e3
3530.5313	9.324e2
3531.0208	1.528e3
3531.4209	4.121e2
3531.7622	1.367e2
3532.2258	9.478e1
3532.7261	7.003e2
3533.1279	3.980e2
3533.6116	9.762e2
3534.3376	9.998e2
3535.0000	3.760e2
3535.3855	1.406e3
3536.1104	6.923e2
3536.4258	4.614e2
3536.9663	6.729e2
3537.6445	5.026e2
3538.7336	3.767e3
3539.2004	1.594e3
3539.6201	4.452e2
3540.4868	9.537e2
3540.8708	6.206e2
3541.3982	6.645e2
3541.7966	6.144e2
3542.5190	1.184e3
3542.8860	1.094e3
3543.4749	3.342e2
3543.8547	8.324e2
3544.1377	6.757e2
3544.3608	3.939e2
3544.6885	8.492e2
3545.2490	4.469e2
3546.0840	3.784e2
3546.5435	7.626e2
3547.3379	7.423e2
3547.7314	1.017e3
3548.0315	7.251e2
3548.8157	1.523e3
3549.1194	1.067e3
3549.6667	7.393e2
3550.2600	3.847e2
3550.7056	1.035e3
3551.0171	8.837e2
3551.4116	5.748e2
3551.9380	6.651e2
3552.7026	5.416e2
3553.7361	2.772e3
3554.2395	2.190e2
3554.5757	4.907e2
3554.9170	4.668e2
3555.2156	4.118e2
3555.7146	4.514e2
3556.0496	3.633e2
3556.5483	1.570e3
3557.5413	4.308e0
3558.5029	2.600e3
3558.9963	8.049e2
3559.4775	1.724e3
3559.8633	2.684e2
3560.4065	8.555e1
3560.9668	6.476e2
3561.2803	9.574e2
3561.6890	1.047e3
3562.2034	1.616e3
3562.7883	1.655e3
3563.0645	2.242e2
3563.5930	5.839e2
3564.0024	1.412e3
3564.5276	8.071e2
3564.8811	1.155e3
3565.3579	1.571e2
3565.9622	5.653e2
3566.4146	3.091e2
3566.9265	9.065e2
3567.3306	6.039e1
3567.8027	3.066e2
3568.5112	1.429e3
3569.0171	3.220e3
3569.5120	1.034e3
3570.3445	7.894e2
3570.6450	6.503e2
3571.2168	1.405e3
3571.6516	2.000e3
3572.0049	3.456e3
3572.7144	1.005e3
3573.6260	2.498e2
3574.1243	2.298e2
3575.0427	1.030e3
3575.6963	2.980e2
3575.9324	5.299e2
3576.3850	8.096e2
3576.7822	7.632e2
3577.8469	2.858e2
3578.2534	8.395e2
3578.8057	8.769e2
3579.1973	7.832e2
3579.5891	1.363e3
3579.9983	2.880e2
3580.3933	2.702e3
3580.9717	1.539e3
3581.3220	2.899e3
3581.9141	1.274e3
3582.2808	2.170e3
3582.9971	1.527e2
3583.3218	1.510e3
3583.7344	1.279e3
3584.0317	1.196e3
3584.6831	7.412e2
3585.2200	2.862e2
3586.1443	7.865e2
3586.5669	1.309e3
3586.9634	6.494e2
3587.6160	9.852e1
3588.2019	5.280e2
3588.6921	1.202e3
3589.0227	9.601e2
3589.7065	2.236e3
3590.1296	9.570e2
3590.4258	1.166e3
3590.9194	9.442e2
3591.4226	1.279e3
3591.6611	6.576e2
3592.1411	2.210e2
3593.1370	1.908e3
3593.5193	6.970e2
3593.9375	4.385e2
3594.3250	5.010e2
3594.8169	6.197e2
3595.6118	9.082e2
3596.1819	6.886e2
3596.7783	1.054e3
3597.7791	9.222e1
3598.1394	1.021e3
3598.6587	2.850e3
3599.0974	3.385e3
3599.9746	1.323e3
3600.5300	1.711e3
3600.8613	4.170e2
3601.4531	1.050e3
3602.0095	1.867e3
3602.4619	5.187e2
3603.4597	7.307e2
3603.8064	6.555e2
3604.2534	5.800e2
3604.5774	8.702e2
3605.2671	1.403e1
3605.7209	8.180e1
3606.3347	2.781e2
3606.7056	6.824e2
3607.0442	3.146e2
3607.5515	8.741e2
3608.0339	1.355e3
3608.9836	1.302e3
3609.7595	1.649e3
3610.1921	6.199e2
3610.5007	1.511e3
3610.7612	8.119e2
3611.1216	1.326e3
3611.6653	3.147e2
3612.3711	2.049e2
3612.8018	1.864e2
3613.6079	1.284e3
3614.1865	7.421e2
3614.6409	2.999e2
3614.9189	3.430e2
3615.3225	3.777e2
3615.7217	4.472e2
3616.3040	7.260e2
3616.7869	1.253e3
3617.2729	4.274e2
3617.6038	1.111e3
3617.9226	8.341e2
3618.2290	9.419e2
3618.6714	2.091e3
3619.0986	1.420e3
3619.4202	4.802e2
3620.0090	1.492e3
3620.4338	3.170e2
3620.9087	4.752e2
3621.5813	2.068e3
3622.5940	5.863e2
3623.2661	1.143e3
3623.6519	6.404e2
3624.1533	6.188e2
3624.4602	6.630e2
3625.2876	2.261e3
3625.9646	3.948e2
3626.3149	7.676e2
3626.9475	1.025e3
3627.2095	7.972e2
3627.5620	1.944e2
3628.2339	1.349e3
3628.7393	4.449e2
3629.1069	1.297e3
3629.8464	3.175e2
3630.2168	4.226e2
3630.6389	6.854e2
3631.0811	1.531e3
3631.6189	1.313e3
3631.9607	4.904e2
3632.9658	1.436e2
3633.3228	6.617e2
3633.7803	4.640e2
3634.2324	1.186e3
3634.7034	1.290e3
3635.0645	5.352e2
3635.4319	2.415e2
3635.7180	2.661e2
3636.3621	1.008e3
3637.1306	2.193e2
3637.6243	8.466e2
3638.1548	1.637e3
3638.6570	9.432e2
3639.0786	3.121e3
3640.5952	4.740e2
3640.8496	5.052e2
3641.1736	1.092e3
3641.4631	7.783e2
3641.8259	4.215e2
3642.1230	6.333e2
3642.6484	1.666e2
3643.5881	2.232e3
3644.4678	1.059e0
3645.0676	9.452e1
3645.5032	3.413e2
3645.8645	1.052e2
3646.4202	1.315e3
3646.7620	7.478e2
3647.8342	4.164e2
3648.4009	1.976e3
3648.9419	1.015e3
3649.4431	1.220e3
3650.1011	9.164e2
3650.8428	3.897e2
3651.1255	4.416e2
3651.6418	4.108e2
3652.3293	1.073e3
3652.8013	1.739e3
3653.2341	1.053e3
3653.7993	1.765e2
3654.1321	8.508e2
3654.5669	1.234e3
3655.1238	9.558e2
3655.3611	3.558e2
3656.0591	6.927e2
3656.8860	1.047e3
3657.2141	4.928e2
3657.4604	3.577e2
3657.9326	7.204e2
3658.4363	9.224e2
3659.0432	2.170e3
3659.5425	6.466e2
3659.7637	6.406e2
3660.1199	4.999e2
3660.4626	9.330e1
3661.0784	3.042e2
3661.8108	2.473e3
3662.5940	2.232e3
3663.2734	1.572e3
3663.8628	2.521e2
3664.2683	6.598e2
3664.7495	5.527e2
3665.1343	1.179e3
3666.1875	1.771e3
3666.5137	8.937e2
3666.9744	1.506e3
3667.4143	4.667e2
3668.2056	2.301e2
3668.7981	5.219e2
3669.2166	3.162e2
3669.8823	4.011e2
3670.3669	1.859e3
3670.7856	1.536e3
3671.2644	1.614e3
3671.8052	1.906e3
3672.6316	4.090e2
3673.0337	7.463e2
3673.4961	1.248e3
3673.7747	2.187e3
3674.0618	1.276e3
3674.7034	7.361e2
3675.1162	3.196e2
3675.6086	3.422e2
3676.0789	6.515e2
3676.8179	4.306e2
3677.1667	1.638e2
3678.4568	1.347e3
3679.2598	2.965e3
3679.7842	1.735e3
3680.2097	2.823e3
3680.5605	4.302e2
3681.1985	2.631e3
3681.4631	8.248e2
3682.2629	4.230e3
3682.8948	4.105e3
3683.2319	1.447e3
3683.6235	7.200e2
3684.1519	1.212e3
3684.7981	1.965e2
3685.2019	6.841e2
3685.7385	2.464e2
3686.1963	6.595e2
3686.7104	1.002e3
3687.1431	1.783e2
3687.5459	4.145e2
3688.0688	2.611e2
3688.4250	2.235e3
3688.9780	3.413e3
3689.6169	2.549e3
3690.2766	9.709e2
3690.7917	9.435e2
3691.1765	6.552e2
3691.4888	1.339e3
3692.0176	6.609e2
3692.5039	3.729e2
3692.8953	2.504e2
3693.2461	8.731e2
3693.6155	3.385e2
3694.2776	1.747e3
3694.7991	1.790e3
3695.2637	6.467e2
3695.5601	3.450e2
3696.1843	4.397e2
3696.7200	2.384e2
3697.6091	2.868e3
3698.2219	2.136e3
3698.5623	5.180e2
3698.8625	8.252e2
3699.1223	1.287e3
3699.6609	4.071e2
3700.3157	5.836e2
3700.9063	1.455e3
3701.3262	8.842e2
3701.8169	9.028e2
3702.4290	1.116e3
3702.8213	5.473e2
3703.2986	3.534e2
3703.6104	1.251e3
3704.2126	4.679e2
3704.8914	2.769e2
3705.1919	5.118e2
3705.4817	1.582e2
3705.7412	3.291e2
3706.1702	5.886e2
3706.5168	1.199e3
3707.1892	1.542e3
3707.4644	4.969e2
3707.8552	3.884e2
3708.2202	2.378e3
3708.8796	9.413e2
3709.2212	3.077e3
3709.6743	1.531e3
3710.2937	3.849e3
3710.6963	1.295e3
3711.2046	2.176e3
3712.2280	1.497e3
3712.4917	4.815e2
3712.7139	9.217e2
3713.1360	5.255e2
3713.5002	1.096e3
3713.8225	3.424e2
3714.2832	7.925e2
3714.8945	2.852e2
3715.4290	9.020e2
3715.7288	9.497e2
3716.0627	4.952e2
3716.7034	2.331e2
3717.2163	8.283e1
3717.6169	1.240e2
3718.2478	1.495e3
3718.6460	2.088e3
3718.9685	1.813e3
3719.2808	3.228e3
3719.9126	1.177e3
3720.2214	7.109e2
3720.7695	2.382e2
3721.0723	3.177e2
3721.7112	1.654e3
3722.2058	1.075e3
3722.8176	6.351e2
3723.1409	4.183e2
3723.5452	4.457e2
3723.8171	2.792e2
3724.2236	7.313e2
3724.9587	4.826e2
3725.2175	6.574e2
3725.7629	5.333e1
3726.3389	4.875e2
3726.5620	2.673e2
3727.1501	1.276e3
3727.8308	6.209e2
3728.2073	1.156e3
3729.0203	1.908e3
3729.5303	2.338e3
3730.2122	1.253e3
3730.5125	8.367e2
3730.9714	1.249e3
3731.5615	4.814e2
3732.1992	2.066e2
3733.4329	1.920e3
3733.9207	7.691e2
3734.3774	7.958e2
3735.2393	5.877e2
3736.1816	9.735e2
3736.6931	2.630e3
3737.4214	8.316e2
3737.6604	4.628e2
3738.1433	8.647e2
3738.5906	1.705e3
3739.5012	1.269e3
3739.8608	4.710e2
3740.2104	3.765e2
3740.8013	1.838e2
3741.2415	1.380e2
3741.8833	8.521e2
3742.2251	4.345e2
3742.6467	1.372e3
3743.2314	1.523e3
3743.6196	9.486e2
3744.3457	4.435e2
3744.7229	4.467e2
3745.4358	1.478e3
3746.1489	1.828e3
3746.5117	1.104e3
3747.0947	1.696e2
3747.3188	3.541e2
3747.7200	2.003e2
3748.2698	8.048e2
3748.4609	6.644e2
3749.1079	1.011e3
3749.8455	1.295e2
3750.3796	1.340e3
3751.1309	2.503e3
3751.4819	1.400e3
3751.7849	2.331e3
3752.2346	2.513e3
3753.4690	1.133e3
3753.8379	7.477e2
3754.2966	2.003e3
3754.6619	7.286e2
3755.3167	1.147e3
3755.8694	3.657e2
3756.2080	6.245e2
3756.4705	1.751e2
3756.8760	4.666e2
3757.3145	1.200e3
3758.1741	7.453e2
3758.4167	9.801e2
3759.0737	1.761e3
3759.5229	8.858e2
3760.3247	1.534e3
3760.8574	1.761e3
3761.3113	3.843e3
3762.0874	1.394e3
3762.5852	6.231e2
3763.5989	1.274e3
3763.9575	7.532e2
3764.2219	1.123e3
3764.7214	8.353e2
3765.1719	1.971e2
3765.5869	8.682e2
3766.3755	1.047e3
3766.7166	1.118e3
3767.3242	8.684e2
3767.8503	5.541e2
3768.3721	1.356e3
3768.9392	2.652e3
3769.4089	1.764e3
3769.7158	1.470e3
3770.1311	1.240e3
3770.7188	8.577e2
3771.2935	1.681e3
3771.6602	4.325e2
3772.2898	2.188e3
3773.0981	1.173e3
3773.5063	1.532e3
3774.4165	2.953e3
3775.2856	2.069e3
3775.7312	9.299e2
3776.0613	7.367e2
3776.5852	5.578e2
3776.9316	6.116e2
3777.5225	3.335e2
3778.2700	2.884e3
3778.6660	4.324e3
3779.2361	3.679e3
3780.0933	1.410e3
3780.4641	4.403e2
3780.9580	8.969e2
3781.2710	1.416e3
3781.8718	4.344e3
3782.2649	1.393e3
3782.5754	4.444e2
3782.8521	6.549e2
3783.2400	1.614e3
3783.6628	3.784e2
3783.9617	2.046e2
3784.2371	3.657e2
3784.6248	6.643e2
3784.9983	3.033e2
3785.2480	6.674e2
3785.6130	8.815e2
3786.1184	9.444e2
3786.6116	6.117e2
3786.8613	3.282e2
3787.3384	6.796e2
3787.8674	1.608e3
3788.3711	2.534e3
3788.9097	1.722e3
3789.4482	8.816e2
3790.5156	1.852e3
3791.0132	1.190e3
3791.3325	8.004e2
3791.6733	8.917e2
3791.9263	1.991e3
3792.3425	8.025e2
3792.6941	9.779e2
3793.3362	1.685e3
3793.5623	8.739e2
3793.9907	5.748e2
3794.2161	7.603e2
3794.7524	7.047e2
3795.1384	7.261e2
3795.5957	1.272e3
3796.3999	1.721e3
3796.9287	1.553e3
3797.5261	5.912e2
3798.1340	1.303e3
3798.4827	1.316e3
3798.9905	1.607e3
3799.4951	2.464e3
3799.8042	3.792e3
3800.3591	9.999e2
3801.0889	2.025e3
3801.6355	5.704e2
3801.9397	7.718e2
3802.5151	1.228e3
3802.9814	9.489e2
3803.5120	1.017e3
3803.8635	2.467e2
3804.1201	7.134e2
3805.2874	4.334e2
3805.5283	3.483e2
3805.9995	7.571e2
3806.3677	1.676e3
3806.6621	6.819e2
3807.1628	1.464e3
3807.6084	7.164e2
3808.3093	2.490e3
3808.8567	4.188e3
3809.3198	1.551e3
3810.0522	1.600e3
3810.3843	1.341e3
3811.0283	1.007e3
3811.3777	1.052e3
3811.7524	6.147e2
3812.2375	7.605e2
3812.9368	3.993e2
3813.6982	1.307e3
3814.4326	2.506e3
3814.8862	1.220e3
3815.2959	1.316e3
3815.8459	1.301e3
3816.2476	8.520e2
3816.5610	4.842e2
3817.2622	1.985e3
3817.8860	5.716e2
3818.1687	8.704e2
3818.5095	1.817e3
3818.8538	9.067e2
3819.2085	1.224e3
3819.5422	9.368e2
3820.3110	1.349e3
3820.5605	6.364e2
3821.2808	1.827e3
3821.8486	3.374e2
3822.4670	1.702e3
3823.2170	2.363e3
3823.7629	2.564e3
3824.1611	1.290e3
3824.7620	2.129e2
3825.2734	3.577e2
3825.5271	4.874e2
3825.8652	7.954e2
3826.2500	7.282e2
3826.4604	5.100e2
3826.8745	4.101e2
3827.2913	1.003e3
3827.8496	5.457e2
3828.4229	1.764e3
3828.9592	1.177e3
3829.2617	4.015e2
3829.7825	4.276e2
3830.2305	1.079e3
3830.6392	6.644e2
3831.2202	1.101e3
3831.7825	5.611e2
3832.1682	1.065e3
3832.4175	1.091e3
3832.9390	8.268e2
3833.3145	1.278e3
3833.6750	1.148e3
3834.2788	2.016e3
3834.8928	7.724e2
3835.3054	2.608e3
3835.7971	9.634e2
3836.2954	4.768e3
3836.7671	7.557e2
3837.3091	5.120e3
3837.8743	5.556e2
3838.3071	4.800e3
3838.6621	1.252e3
3839.3188	3.259e3
3840.2444	1.006e3
3840.5620	4.215e2
3841.0281	2.556e3
3841.3455	2.793e3
3841.7395	1.208e3
3842.0129	1.164e3
3842.4272	2.614e3
3843.0771	3.824e3
3843.6228	4.910e2
3844.0286	9.473e2
3844.4253	1.109e3
3844.7620	2.459e2
3845.1868	8.682e2
3845.7368	5.779e2
3846.1404	1.006e3
3846.5371	9.218e2
3847.1187	1.328e3
3847.9404	1.307e3
3848.3401	2.234e3
3848.7124	3.671e3
3849.3083	2.479e3
3849.7634	3.318e3
3850.3079	3.453e3
3850.7251	1.906e3
3851.3281	5.368e3
3851.9563	1.904e3
3852.3347	3.801e3
3852.9988	9.640e2
3853.3081	2.485e3
3853.7854	1.185e3
3854.3125	2.706e3
3854.8330	6.766e2
3855.2393	1.357e3
3855.4609	7.523e2
3855.7625	6.450e2
3856.2324	1.009e3
3856.7632	1.402e3
3857.3391	1.024e3
3857.9617	5.522e2
3858.3982	1.493e3
3858.9290	1.666e3
3859.3093	2.347e3
3859.7690	2.624e3
3860.2561	1.363e3
3860.8279	1.433e3
3861.2991	1.066e3
3862.5386	5.509e3
3863.2703	3.442e3
3863.8340	9.589e2
3864.3081	1.965e3
3864.7249	3.133e2
3865.3257	2.256e3
3865.7163	9.833e2
3866.2881	2.214e3
3866.7307	4.749e2
3867.2964	1.156e3
3867.5605	3.231e2
3868.4485	2.686e3
3868.8325	2.288e3
3869.1604	9.929e2
3869.7539	9.789e2
3870.2673	2.670e3
3870.6123	1.606e3
3871.0852	1.521e3
3871.7886	2.911e3
3872.2261	1.712e3
3872.8413	8.563e2
3873.2766	1.073e3
3873.8542	6.377e2
3874.2559	1.140e3
3874.7803	9.496e2
3875.1528	4.184e2
3875.3640	5.831e2
3876.3127	1.757e3
3876.8298	1.092e3
3877.3416	1.923e3
3877.9685	1.630e3
3878.3623	3.245e3
3878.8989	1.854e3
3879.3301	1.910e3
3879.7385	8.765e2
3880.3145	2.575e3
3880.8826	1.836e3
3881.3386	1.904e3
3881.5615	1.254e3
3882.1128	3.287e3
3883.2625	1.664e3
3883.8311	9.314e2
3884.3525	1.255e3
3885.2817	3.307e2
3885.6414	1.319e3
3886.0891	6.868e2
3886.4756	1.723e3
3886.8604	3.195e3
3887.3125	1.551e3
3888.1975	2.479e3
3888.9199	1.216e3
3889.3645	1.030e3
3889.8535	1.619e3
3890.2893	1.714e3
3890.9353	1.014e3
3891.3074	1.367e3
3891.8518	5.608e2
3892.3354	2.388e3
3892.7559	5.245e2
3893.3020	1.888e3
3893.9482	6.829e2
3894.3291	1.620e3
3894.6606	4.886e2
3895.5334	1.988e3
3895.9170	9.712e2
3896.3174	6.368e2
3896.8210	1.533e3
3897.2981	1.287e3
3897.8596	1.274e3
3898.2888	2.430e3
3898.6672	2.378e3
3899.1836	4.167e2
3899.5183	1.298e3
3900.1123	5.843e2
3900.3604	3.341e2
3900.8467	6.935e2
3901.2268	1.048e3
3901.6675	1.567e3
3902.1958	8.200e2
3902.7256	7.611e2
3903.3335	2.298e3
3904.3640	2.747e3
3904.9238	7.359e2
3905.3340	2.149e3
3905.8254	9.727e2
3906.3333	1.944e3
3906.9089	1.244e3
3907.3245	2.162e3
3907.7256	7.086e2
3908.1084	5.473e3
3908.3640	1.587e3
3908.9485	2.403e3
3909.3142	7.863e2
3909.5605	3.557e2
3910.3247	1.728e3
3911.1311	1.648e3
3911.6880	1.188e3
3912.3794	4.935e2
3912.7471	1.983e2
3913.6057	3.510e3
3914.2219	1.887e3
3914.7271	6.121e2
3915.3298	1.862e3
3915.8716	4.683e2
3916.2571	1.760e3
3916.7114	9.139e2
3917.2297	2.058e3
3917.5620	3.592e2
3918.2083	5.358e3
3918.4624	3.178e3
3919.2905	3.181e3
3919.8325	6.896e2
3920.2727	1.565e3
3920.7983	5.379e2
3921.3525	1.587e3
3922.3376	3.896e3
3922.8333	1.048e3
3923.3208	1.898e3
3923.7129	9.133e2
3924.2915	1.194e3
3924.8701	5.849e2
3925.3186	1.574e3
3925.8154	1.990e3
3926.2180	1.526e3
3926.5618	7.188e2
3927.0481	1.408e3
3927.6816	4.670e2
3928.1968	1.174e3
3928.5693	2.183e3
3928.8892	4.326e2
3929.3271	2.016e3
3929.7607	8.060e2
3930.2283	5.693e2
3930.7307	5.646e2
3931.3044	1.707e3
3931.8516	1.334e3
3932.1748	1.594e3
3932.5608	1.052e3
3933.3413	2.846e3
3933.8506	8.134e2
3934.3689	3.505e3
3934.9185	8.367e2
3935.3533	1.929e3
3935.7705	1.034e3
3936.1143	1.318e3
3936.9443	1.828e3
3937.3091	1.358e3
3937.9446	9.089e2
3938.3821	1.627e3
3938.8213	4.894e2
3939.4509	2.377e3
3940.2000	1.542e3
3940.5178	2.669e3
3940.9758	1.298e3
3941.3613	5.881e2
3941.9258	1.580e3
3942.3228	2.139e3
3942.7617	1.837e3
3943.3547	1.530e3
3943.7456	9.772e2
3943.9619	8.673e2
3944.2607	7.788e2
3944.8457	7.433e2
3945.3157	6.850e2
3945.7617	3.955e2
3946.3733	2.686e3
3946.7393	1.625e3
3947.3208	1.525e3
3947.9214	2.663e3
3948.4182	2.505e3
3948.9094	9.603e2
3949.4055	4.113e3
3949.9121	1.457e3
3950.3647	2.540e3
3950.8406	8.788e2
3951.3892	3.075e3
3951.9443	1.272e3
3952.3474	2.323e3
3952.8655	7.716e2
3953.3728	3.293e3
3953.9260	6.802e2
3954.3413	1.776e3
3955.4258	1.428e3
3956.0166	9.875e2
3956.5000	1.276e3
3956.9258	5.191e2
3957.2312	6.977e2
3957.7512	4.133e2
3958.4155	3.640e3
3958.7627	1.561e3
3959.2244	1.670e3
3959.5137	1.616e3
3960.3838	3.456e3
3960.8599	1.293e3
3961.3481	1.732e3
3961.6287	2.178e3
3961.9619	5.336e2
3962.4153	1.535e3
3962.9331	6.349e2
3963.3660	2.306e3
3964.0825	1.547e3
3964.3960	3.195e3
3964.9229	5.736e2
3965.3889	1.685e3
3965.7266	7.095e2
3966.4338	2.201e3
3967.2690	3.150e3
3967.7813	1.348e3
3968.0610	6.866e2
3968.4683	2.207e3
3969.3909	3.436e3
3970.1399	3.431e3
3970.6165	8.946e2
3970.9580	1.047e3
3971.2637	1.124e3
3971.7620	3.817e2
3972.2666	1.056e3
3973.4302	2.454e3
3973.9641	8.651e2
3974.3147	1.999e3
3974.6099	8.955e2
3975.0188	9.719e2
3975.3992	1.968e3
3975.9475	7.151e2
3976.4009	2.762e3
3976.8728	1.281e3
3977.3862	2.713e3
3977.8713	1.056e3
3978.3940	4.344e3
3978.7603	4.341e2
3979.3953	3.936e3
3979.9697	7.157e2
3980.3865	1.737e3
3980.9207	8.636e2
3981.3867	4.384e3
3981.8848	8.411e2
3982.3657	3.677e3
3982.9141	4.596e2
3983.2974	6.392e2
3983.6377	3.145e3
3984.3542	1.062e3
3984.7754	6.247e2
3985.2891	2.194e3
3985.6379	1.480e3
3986.2610	1.868e3
3986.7209	7.678e2
3987.2825	1.101e3
3988.3757	4.499e3
3988.9124	1.077e3
3989.3250	2.613e3
3989.6621	3.994e2
3990.0750	1.071e3
3990.4063	2.806e3
3990.9563	8.443e2
3991.4026	9.135e3
3991.8730	1.758e3
3992.3994	1.254e4
3992.9285	4.937e2
3993.4055	1.453e4
3993.9021	1.226e3
3994.4021	1.180e4
3994.8950	1.171e3
3995.4031	7.941e3
3995.9194	9.462e2
3996.4097	4.630e3
3996.9116	6.330e2
3997.4104	3.118e3
3997.9431	6.518e2
3998.4185	2.430e3
3998.9641	8.335e2
3999.2883	1.791e3
3999.5618	6.271e2
3999.9937	4.724e2
4000.4263	1.433e3
4000.8450	1.012e3
4001.2432	1.260e3
4001.6965	5.890e2
4001.9944	1.271e3
4002.3306	1.369e3
4002.7185	1.658e3
4003.4045	3.488e3
4003.8477	1.919e3
4004.3613	2.975e3
4004.9375	6.472e2
4005.4226	4.151e4
4005.9014	1.622e3
4006.4214	8.766e4
4006.9045	2.045e3
4007.4243	9.299e4
4007.9224	1.221e3
4008.4280	7.571e4
4008.9297	1.338e3
4009.4299	4.612e4
4009.8962	1.663e3
4010.4302	2.296e4
4011.0305	7.267e2
4011.4299	1.032e4
4011.9019	1.209e3
4012.4270	5.029e3
4012.9265	8.697e2
4013.4644	3.177e3
4013.8884	1.708e3
4014.4124	2.676e3
4014.8318	1.318e3
4015.3345	1.461e3
4015.6138	1.266e3
4016.2896	2.983e3
4016.7639	6.649e2
4017.1880	1.040e3
4017.4617	9.641e2
4017.9792	4.369e2
4018.4214	2.527e3
4019.0107	1.355e3
4019.4192	3.668e3
4019.8521	8.166e2
4020.4202	4.875e3
4021.4663	8.174e3
4022.4138	6.315e3
4023.0103	1.253e3
4023.4329	4.473e3
4024.4343	4.412e3
4024.8542	8.937e2
4025.3738	2.428e3
4026.3838	2.313e3
4026.6619	8.722e2
4027.0557	7.240e2
4027.4231	1.846e3
4027.8604	2.885e2
4028.3933	2.097e3
4029.3904	1.489e3
4030.0505	1.798e3
4030.4409	3.375e3
4030.8154	1.785e3
4031.3826	3.054e3
4031.9133	7.602e2
4032.3159	1.525e3
4032.6606	3.176e2
4033.0400	1.022e3
4033.4209	3.461e3
4033.9104	1.263e3
4034.4175	4.757e3
4034.9143	4.805e2
4035.4094	4.299e3
4035.8474	7.340e2
4036.4392	4.312e3
4037.0432	7.104e2
4037.4023	3.063e3
4038.4260	3.104e3
4038.7629	8.127e2
4039.4709	3.484e3
4039.9233	8.394e2
4040.3198	1.052e3
4040.7722	1.129e3
4041.1768	1.225e3
4041.4619	9.394e2
4041.8601	1.718e3
4042.4026	2.809e3
4042.9612	3.828e2
4043.3855	2.642e3
4043.9258	1.110e3
4044.3682	3.799e3
4044.8206	8.052e2
4045.3794	3.873e3
4045.9558	5.970e2
4046.3799	2.562e3
4046.6614	1.159e3
4047.3818	2.745e3
4048.4058	6.687e3
4048.9607	1.014e3
4049.4268	3.823e3
4050.0237	7.437e2
4050.4106	3.055e3
4051.3376	5.299e3
4051.8215	1.679e3
4052.3904	2.013e3
4053.4268	2.312e3
4053.9961	6.753e2
4054.3145	1.635e3
4054.7146	1.082e3
4055.3252	1.222e3
4055.7981	4.002e2
4056.2385	1.355e3
4056.8696	1.102e3
4057.3599	1.634e3
4058.3457	5.197e3
4058.7285	1.858e3
4059.3137	3.159e3
4059.7173	8.656e2
4060.3687	5.070e3
4061.3569	4.321e3
4061.6624	8.827e2
4061.9941	5.995e2
4062.3962	4.064e3
4062.9517	5.812e2
4063.4487	5.983e3
4064.4304	4.065e3
4065.4155	4.608e3
4065.9436	1.433e3
4066.4399	4.169e3
4067.0276	1.063e3
4067.3972	1.919e3
4067.8884	8.547e2
4068.2068	2.545e3
4068.6611	2.394e3
4068.9604	1.034e3
4069.4236	2.106e3
4069.9895	1.330e3
4070.4070	1.978e3
4070.8167	9.493e2
4071.4050	1.514e3
4072.3398	2.904e3
4072.7954	1.668e3
4073.4055	2.597e3
4073.8193	8.659e2
4074.4314	1.811e3
4074.9976	1.409e3
4075.4102	2.152e3
4075.8623	1.854e3
4076.4355	3.194e3
4077.0842	3.768e2
4077.4272	2.175e3
4077.9514	6.513e2
4078.4319	4.871e3
4078.9595	1.847e3
4079.4060	5.077e3
4079.9185	1.411e3
4080.4221	3.243e3
4081.4197	2.708e3
4081.8618	4.273e2
4082.3474	2.541e3
4082.8542	7.218e2
4083.3020	1.850e3
4083.7285	2.221e3
4084.2859	2.477e3
4084.8552	9.906e2
4085.3452	1.643e3
4086.3762	4.461e3
4086.9214	1.209e3
4087.3723	1.439e3
4087.8643	1.335e3
4088.3835	2.124e3
4088.6624	1.495e3
4089.4072	2.310e3
4089.8625	8.630e2
4090.3945	3.958e3
4090.9607	3.500e2
4091.4255	2.676e3
4091.9312	6.202e2
4092.4648	3.185e3
4093.4246	4.385e3
4093.9956	2.294e3
4094.4077	2.745e3
4094.8623	7.156e2
4095.3577	1.521e3
4095.6609	7.043e2
4096.4126	2.337e3
4096.8677	1.301e3
4097.3115	2.116e3
4097.7334	6.954e2
4098.3540	2.802e3
4099.0942	6.445e2
4099.3735	1.413e3
4099.6616	6.500e2
4099.9937	4.307e2
4100.3140	1.306e3
4100.6948	2.814e2
4100.9692	5.846e2
4101.4370	3.108e3
4101.9526	2.362e3
4102.4189	4.755e3
4102.9341	1.856e3
4103.4087	7.866e3
4103.7612	1.377e3
4104.4004	8.948e3
4105.4048	9.880e3
4105.9458	1.193e3
4106.4028	7.560e3
4106.9131	8.768e2
4107.4214	5.725e3
4107.8740	1.115e3
4108.3970	4.728e3
4109.3979	2.279e3
4109.7983	2.126e2
4110.3252	2.014e3
4110.8984	8.473e2
4111.2471	2.449e3
4111.5605	1.518e3
4111.9609	9.906e2
4112.3306	1.692e3
4112.9697	1.180e3
4113.4189	2.044e3
4113.8960	1.387e3
4114.4033	1.944e3
4114.6631	1.442e3
4115.3877	2.091e3
4115.8784	7.945e2
4116.3193	1.012e3
4116.8096	7.545e2
4117.1880	3.239e2
4117.5063	1.106e3
4117.7622	3.973e2
4118.4141	4.183e3
4119.3315	1.510e3
4119.7144	6.435e2
4120.4263	3.283e3
4121.0537	1.202e3
4121.4165	2.571e3
4121.9111	8.251e2
4122.4937	2.950e3
4123.3540	2.276e3
4123.9067	2.978e3
4124.7397	5.062e2
4125.3232	1.397e3
4126.3408	1.964e3
4126.6538	1.521e3
4127.3804	1.946e3
4127.9351	1.168e3
4128.4092	3.120e3
4128.9116	2.365e3
4129.3877	3.632e3
4130.0332	1.172e3
4130.4707	2.455e3
4130.9795	4.616e2
4131.3813	1.440e3
4132.0757	1.518e3
4132.3730	2.003e3
4132.8823	3.056e2
4133.3774	1.441e3
4133.7710	1.062e3
4134.2671	2.239e3
4134.7295	1.055e3
4135.4438	1.438e3
4135.8140	1.523e3
4136.4463	1.785e3
4136.8613	3.999e2
4137.3809	1.119e3
4138.4326	5.520e3
4138.7236	3.741e3
4139.3384	1.457e3
4139.5601	1.335e3
4140.2314	9.093e2
4140.4609	5.551e2
4140.9077	7.487e2
4141.3765	2.136e3
4141.9673	1.731e3
4142.3584	3.996e3
4142.7612	9.061e2
4143.4063	3.043e3
4144.3296	3.287e3
4144.8525	9.545e2
4145.3364	2.499e3
4145.7124	1.365e3
4146.3955	2.089e3
4146.9961	5.162e2
4147.4019	1.768e3
4147.8452	1.089e3
4148.3608	3.121e3
4148.8042	1.903e3
4149.3833	1.596e3
4149.6611	9.111e2
4150.3413	2.933e3
4150.8472	2.799e3
4151.5078	2.203e3
4151.8608	6.159e2
4152.4390	1.867e3
4153.0781	2.100e3
4153.3608	1.925e3
4154.2319	8.679e2
4154.5137	7.725e2
4155.1885	5.665e2
4155.4844	4.859e2
4155.8521	7.947e2
4156.3369	2.342e3
4156.8320	1.486e3
4157.3032	2.490e3
4157.7134	1.191e3
4158.3237	3.558e3
4158.6997	2.516e3
4159.3589	5.958e3
4160.0269	4.431e3
4160.4219	2.853e3
4160.9150	1.340e3
4161.4541	1.794e3
4161.9473	1.641e3
4162.4077	3.449e3
4162.9116	7.113e2
4163.4512	2.626e3
4164.3403	1.872e3
4164.7935	2.181e2
4165.4395	2.242e3
4165.8452	9.682e2
4166.1548	1.068e3
4166.4692	1.826e3
4166.9199	9.067e2
4167.2642	5.416e2
4167.5938	4.875e2
4168.3442	2.381e3
4168.7139	2.648e3
4169.3188	1.688e3
4169.9580	1.393e3
4170.3662	2.432e3
4171.0356	1.400e3
4171.4194	1.940e3
4171.8721	1.702e3
4172.4463	3.184e3
4173.0234	7.382e2
4173.4302	3.462e3
4173.9775	1.931e3
4174.4517	4.352e3
4174.9233	1.160e3
4175.4160	2.724e3
4175.8301	5.063e2
4176.4365	1.705e3
4177.0195	1.262e3
4177.4482	2.451e3
4177.8086	3.478e3
4178.4468	5.711e3
4178.9766	1.668e3
4179.4365	4.226e3
4179.8604	3.746e2
4180.4434	4.691e3
4180.9663	9.985e2
4181.4468	2.978e3
4182.0229	1.930e3
4182.4434	3.144e3
4183.4014	3.534e3
4183.9165	1.297e3
4184.4028	2.349e3
4184.9419	4.985e2
4185.4365	1.450e3
4186.0381	1.334e3
4186.3950	1.564e3
4186.6636	1.394e3
4187.4639	1.692e3
4188.1074	9.929e2
4188.5313	1.088e3
4188.8379	7.434e2
4189.4502	2.817e3
4190.1255	3.807e3
4190.4614	8.309e2
4191.0791	1.090e3
4191.3350	1.313e3
4191.8965	2.038e3
4192.3652	2.234e3
4192.6611	1.004e3
4193.3428	3.657e3
4193.8608	4.667e2
4194.3359	2.188e3
4195.3696	1.621e3
4195.9102	7.701e2
4196.3164	1.136e3
4196.8828	1.824e2
4197.3203	1.543e3
4198.1929	1.676e3
4198.4351	2.032e3
4198.9653	4.395e2
4199.3291	1.070e3
4199.7671	2.631e3
4200.6157	2.056e3
4200.8608	6.887e2
4201.5156	5.236e3
4202.3662	3.461e3
4202.8276	7.364e2
4203.3159	2.539e3
4203.9004	1.381e3
4204.3208	1.987e3
4204.7251	1.038e3
4205.3760	2.342e3
4205.9248	9.697e2
4206.4883	2.280e3
4206.9688	2.614e2
4207.2305	4.375e2
4207.6484	8.014e2
4207.8608	4.752e2
4208.3657	9.551e2
4208.5601	6.667e2
4208.9941	6.161e2
4209.2290	1.101e3
4209.7891	3.472e2
4210.1997	1.704e3
4210.4766	5.782e2
4210.8164	1.675e3
4211.3130	1.740e3
4211.8096	2.367e3
4212.3140	1.459e3
4212.6636	4.430e2
4213.3066	1.207e3
4214.0273	2.217e3
4214.4971	1.967e3
4215.2822	1.381e3
4216.3706	2.762e3
4217.0239	8.081e2
4217.4243	8.015e2
4217.7910	6.822e2
4218.3086	1.518e3
4218.7607	7.289e2
4219.2578	2.128e3
4219.5605	1.336e3
4220.3320	6.625e2
4220.7588	2.203e2
4221.0923	1.254e2
4221.5713	5.048e2
4222.1240	3.864e3
4222.7998	3.676e3
4223.1621	1.299e3
4223.6968	2.967e3
4224.2778	2.005e3
4224.7603	2.675e2
4225.3345	1.480e3
4226.2202	3.473e3
4226.9946	1.074e3
4227.5601	2.252e3
4228.3403	4.397e3
4228.9761	1.533e3
4229.4043	1.460e3
4230.3506	3.217e3
4231.0483	6.475e2
4231.4199	1.065e3
4232.0752	1.451e3
4232.4292	1.205e3
4232.9556	4.551e2
4233.3521	2.273e3
4233.9419	1.669e3
4234.3716	1.969e3
4235.4058	1.178e3
4235.8999	2.150e2
4236.3325	8.520e2
4236.8262	1.084e3
4237.1611	3.639e2
4237.5547	9.755e2
4238.4321	8.119e3
4238.8911	1.564e3
4239.3325	2.114e3
4239.8887	4.421e2
4240.2329	2.683e3
4240.8208	1.083e3
4241.3633	2.905e3
4241.9600	9.050e2
4242.2959	1.616e3
4242.9443	5.407e2
4243.4219	1.540e3
4243.8809	1.137e3
4244.4282	1.774e3
4244.9248	2.417e2
4245.4033	5.193e2
4245.9229	8.162e2
4246.4287	1.996e3
4246.9272	1.598e3
4247.3501	9.777e2
4247.7549	2.333e3
4248.2773	1.819e3
4248.6372	2.717e3
4248.9604	1.253e3
4249.4780	2.112e3
4249.9414	1.172e3
4250.3633	2.368e3
4251.3721	2.580e3
4252.0044	8.027e2
4252.4023	8.542e2
4252.9272	9.493e2
4253.4121	6.666e2
4254.3203	1.791e3
4254.7979	6.383e2
4255.0830	1.040e3
4255.4395	2.003e3
4255.8130	7.988e2
4256.3975	1.255e3
4256.8223	8.068e2
4257.3462	1.272e3
4257.7861	5.390e2
4258.2720	3.158e3
4258.5615	1.404e3
4258.8638	1.250e3
4259.2173	1.225e3
4259.6968	2.857e3
4260.4146	1.422e3
4260.9170	1.039e3
4261.4033	2.088e3
4261.9492	4.945e2
4262.5728	2.214e3
4263.2910	1.627e3
4263.6987	7.475e2
4264.2251	1.645e3
4264.6465	1.096e3
4265.0747	1.021e3
4265.5430	8.532e2
4266.2261	2.255e3
4267.0420	1.647e3
4267.3618	6.852e2
4267.6621	5.911e2
4268.3643	3.291e3
4268.8623	4.727e2
4269.3726	1.055e3
4269.7749	1.980e2
4270.5718	3.238e3
4271.3853	5.631e3
4272.3369	1.950e3
4273.0669	2.505e3
4273.4199	2.422e3
4274.0801	3.421e2
4274.4160	1.339e3
4275.3237	8.506e2
4275.6826	4.503e2
4276.0073	7.565e2
4276.4800	1.190e3
4276.9287	1.032e3
4277.4067	1.022e3
4278.2368	1.793e3
4278.4609	1.129e3
4278.8306	9.040e2
4279.3354	2.334e3
4279.8608	6.174e2
4280.4438	5.447e2
4280.8267	6.169e2
4281.3555	1.114e3
4282.1040	3.770e3
4282.8916	4.776e3
4283.2603	1.662e3
4283.6606	7.295e2
4284.3442	1.499e3
4284.9688	3.905e2
4285.3301	6.962e2
4285.7041	8.237e2
4286.4565	1.465e3
4286.9272	2.368e2
4287.3472	4.140e2
4287.6992	1.741e2
4288.3569	2.811e3
4288.5610	1.448e3
4289.0576	1.828e3
4289.3120	1.739e3
4289.9927	8.336e2
4290.3730	1.428e3
4291.0249	4.542e2
4291.5938	9.984e2
4291.9604	5.297e2
4292.3081	1.358e3
4292.7681	3.962e2
4293.1626	1.406e3
4293.5991	1.147e3
4294.2583	3.684e3
4294.8003	2.032e3
4295.3335	1.282e3
4295.8569	8.112e2
4296.2251	7.688e2
4296.6309	1.366e3
4297.1187	1.222e3
4297.8745	5.465e2
4298.4922	1.337e3
4299.2710	1.676e3
4299.6440	7.755e2
4300.0015	1.228e3
4300.2715	4.906e2
4300.6572	1.538e3
4301.4253	1.703e3
4301.8608	3.204e2
4302.2236	1.255e3
4302.7314	2.034e3
4303.2676	2.436e3
4303.8994	2.494e3
4304.5171	9.523e2
4305.4043	1.152e3
4306.1958	2.236e3
4306.7031	1.561e3
4307.1631	4.190e2
4307.7241	6.845e2
4308.1934	8.720e2
4308.5156	7.980e2
4309.2114	9.178e2
4309.5767	8.092e2
4309.9360	2.048e3
4310.4580	3.034e3
4310.7607	7.108e2
4311.0278	1.354e3
4311.4448	1.103e3
4311.8599	6.662e2
4312.2476	2.007e3
4312.7417	1.033e3
4313.1196	2.037e3
4313.7881	1.227e3
4314.2759	1.611e3
4314.6162	7.253e2
4315.2017	7.147e2
4315.8574	1.127e3
4316.3706	1.026e3
4316.9263	6.922e2
4317.3003	7.734e2
4317.5645	2.191e2
4318.1436	2.189e3
4318.4614	7.846e2
4318.9219	2.222e3
4319.7026	1.166e3
4320.2993	1.285e3
4320.7310	1.031e3
4321.2651	2.650e3
4321.8110	3.054e3
4322.2373	1.578e3
4322.6875	9.191e2
4323.0356	8.342e2
4323.4521	6.037e2
4324.2358	2.675e3
4325.0815	8.058e2
4325.6602	9.040e2
4326.2212	1.187e3
4326.5635	4.466e2
4326.9683	1.032e3
4327.2188	1.122e3
4327.7695	8.885e2
4328.0322	7.985e2
4328.4976	1.326e3
4328.8237	1.152e3
4329.3809	7.298e2
4329.9468	9.368e2
4330.4937	1.854e3
4330.8604	5.395e2
4331.2529	5.355e2
4331.4639	5.842e2
4331.8853	9.959e2
4332.3774	1.951e3
4332.9351	1.904e3
4333.8652	3.195e3
4334.2388	1.479e3
4334.7959	1.109e3
4335.2993	1.443e2
4335.7334	1.134e3
4336.2222	8.060e2
4336.7529	1.538e3
4337.3335	1.286e3
4338.3032	3.067e3
4338.6577	1.748e3
4339.3062	1.210e3
4339.6123	7.005e2
4340.1948	1.628e3
4340.5601	6.556e2
4341.3345	6.334e2
4341.7866	1.396e3
4342.1606	4.485e2
4342.8340	1.146e3
4343.6621	1.766e3
4344.0444	6.292e2
4344.2607	7.443e2
4344.7158	4.515e2
4345.2637	1.953e3
4345.8613	3.419e3
4346.3813	5.182e2
4346.7900	2.042e3
4347.2109	5.557e2
4347.6489	1.322e3
4347.9941	1.267e3
4348.3989	1.838e3
4348.8242	1.387e3
4349.1978	4.475e2
4349.4800	1.084e3
4349.8726	9.331e2
4350.5620	9.126e2
4350.8115	6.705e2
4351.4395	7.962e2
4351.8579	1.439e3
4352.4619	1.753e2
4352.9849	2.681e2
4353.3110	9.787e2
4353.8179	5.115e2
4354.3403	1.724e3
4354.7163	1.668e3
4355.4600	8.604e2
4356.0000	1.079e3
4356.3228	1.018e3
4357.0923	1.542e3
4357.5483	6.679e2
4357.9272	3.783e3
4358.5645	3.667e3
4358.8623	3.148e3
4360.0581	3.049e3
4360.7192	5.760e2
4361.2681	1.046e3
4362.0742	1.349e3
4362.3628	3.610e2
4362.6616	1.653e2
4363.2549	1.299e3
4363.6836	7.094e2
4364.2881	9.895e2
4365.1816	6.914e2
4365.5796	3.282e2
4366.1489	1.474e3
4366.4756	9.993e2
4366.8105	1.845e3
4367.2173	9.696e2
4367.6782	1.830e3
4368.2261	2.546e3
4368.8838	1.971e3
4369.2935	1.352e3
4369.8369	3.891e3
4370.3618	1.212e3
4371.0859	1.125e3
4371.6553	4.137e2
4372.0249	9.369e2
4372.5576	5.513e2
4372.9883	3.522e2
4373.4316	1.112e3
4373.7100	5.365e2
4374.3999	2.307e3
4374.9761	2.734e2
4375.2900	9.870e2
4375.5625	4.731e2
4376.4263	1.060e3
4377.1172	4.876e2
4377.5840	3.100e2
4377.8569	6.148e2
4378.4087	2.306e3
4378.7329	1.990e3
4379.4902	2.085e3
4379.9810	9.853e2
4380.3838	7.165e2
4380.8628	9.800e2
4381.2383	1.238e3
4381.7803	2.849e3
4382.3569	2.171e3
4382.7612	4.375e2
4383.0640	1.322e2
4383.4468	3.598e2
4383.9229	8.485e2
4384.2866	1.434e3
4385.0210	5.114e2
4385.9351	2.943e2
4386.2495	1.933e2
4386.6655	1.965e2
4386.8896	1.366e2
4387.1909	4.896e2
4387.4653	3.082e2
4387.7896	7.793e2
4388.1626	5.400e2
4388.4629	3.169e2
4388.8350	2.264e2
4389.4463	5.607e2
4390.0825	1.547e3
4390.4976	3.415e3
4390.9204	1.595e3
4391.2969	7.885e2
4391.5156	1.395e3
4392.1812	1.334e3
4392.8228	1.285e3
4393.0615	5.210e2
4393.4316	2.050e3
4394.2759	1.519e3
4394.5610	8.253e2
4395.2114	4.955e2
4395.5547	2.524e2
4395.9165	5.154e2
4396.5903	3.731e2
4396.8804	4.004e2
4397.1230	5.277e2
4397.7861	4.561e2
4398.2544	1.024e3
4398.5352	7.749e2
4399.1211	1.626e3
4399.5342	1.191e3
4399.8110	7.000e2
4400.2202	4.974e2
4400.8452	5.638e2
4401.1426	6.032e2
4401.7002	2.281e3
4402.1724	2.471e3
4402.5215	1.796e3
4403.2227	1.276e3
4403.7354	1.342e3
4404.2876	7.634e2
4404.7588	1.757e2
4405.0239	2.706e2
4405.6460	1.932e2
4406.2383	1.015e3
4406.9111	3.986e2
4407.2725	2.752e2
4407.4614	2.121e2
4408.1982	8.244e2
4408.8101	1.812e3
4409.1177	1.346e3
4409.7529	1.717e3
4410.3135	8.245e2
4410.7271	8.432e2
4411.3164	5.694e2
4411.8413	9.157e2
4412.2109	6.144e2
4412.6943	1.855e2
4413.3906	1.512e3
4414.0376	6.541e2
4414.5581	2.529e3
4415.2627	8.183e2
4415.5630	4.765e2
4415.9214	1.342e2
4416.4966	6.815e1
4416.8320	3.028e2
4417.2070	4.804e2
4417.5269	3.580e2
4418.2539	1.676e3
4418.7261	5.935e2
4419.1948	1.426e2
4419.5029	2.614e3
4419.8198	3.276e2
4420.3042	1.457e3
4420.7280	9.914e2
4421.0942	9.806e2
4421.5454	1.511e3
4422.1094	2.010e3
4422.4980	5.085e2
4422.7173	8.575e2
4423.1182	1.176e3
4423.8467	7.032e2
4424.2822	7.444e2
4424.8081	3.395e2
4425.7856	1.241e3
4426.1431	7.374e2
4426.6929	8.176e2
4427.0181	2.425e2
4427.7988	5.403e2
4428.3257	1.152e3
4428.6997	1.237e3
4429.4424	1.629e3
4429.9233	8.294e2
4430.3125	1.721e3
4430.9434	2.197e3
4431.5273	3.141e3
4432.0811	1.757e3
4432.5059	8.439e2
4432.7617	3.176e2
4433.3022	7.406e2
4433.6616	2.214e2
4434.3257	7.462e2
4434.9639	1.022e3
4435.5229	3.229e2
4436.0103	1.221e3
4436.5151	2.600e2
4437.1431	7.982e2
4437.7563	5.364e2
4438.3477	2.142e3
4438.8799	8.524e2
4439.4185	1.393e3
4439.7207	1.373e3
4440.4790	3.969e2
4441.0933	1.236e3
4441.9146	1.486e3
4442.3677	9.363e2
4442.7617	2.711e3
4443.0190	3.704e3
4443.8276	5.058e2
4444.2876	1.085e3
4444.9678	2.978e2
4445.3198	3.647e2
4445.9141	1.147e3
4446.3394	7.354e2
4446.7700	6.991e2
4447.0146	8.023e2
4447.3608	6.968e2
4447.8960	2.386e2
4448.3901	1.775e3
4449.0229	3.353e2
4449.6343	7.030e2
4450.0518	9.230e2
4450.3828	1.720e3
4451.2769	6.927e2
4451.8916	1.067e2
4452.1138	1.644e2
4452.7837	1.762e3
4453.2407	1.397e3
4453.7998	3.905e3
4454.3081	2.119e3
4455.0117	1.706e3
4455.9058	6.432e2
4456.3813	2.423e2
4457.0757	2.444e3
4457.6040	9.574e2
4458.1729	1.380e3
4458.8242	1.093e3
4459.1626	6.772e2
4459.8188	3.721e2
4460.2222	3.008e2
4460.6108	3.509e2
4460.9668	1.099e2
4461.3359	2.703e2
4461.8364	4.500e2
4462.1982	1.150e3
4462.5391	7.809e2
4462.9170	5.832e2
4463.5278	5.457e2
4464.0640	4.742e2
4464.3418	5.379e2
4464.9580	1.100e3
4465.6445	4.539e2
4466.1191	9.554e2
4466.5645	1.377e3
4467.0449	1.266e3
4467.4966	2.691e2
4467.9985	1.636e3
4468.3770	1.321e3
4468.8081	1.223e3
4469.5166	7.674e2
4469.9683	8.183e2
4470.5981	3.267e2
4471.1333	1.633e3
4471.4414	1.375e3
4471.8467	8.205e2
4472.1250	9.204e2
4472.4629	2.926e2
4473.3359	3.647e2
4473.7300	1.531e2
4474.4707	2.725e3
4475.1611	4.522e2
4475.6943	5.004e2
4476.1948	1.922e2
4476.9194	3.877e2
4478.0093	2.734e3
4478.7378	4.081e3
4479.5952	6.072e2
4479.9116	2.435e2
4480.5728	1.688e3
4481.1826	1.716e3
4481.7837	2.299e3
4482.5352	9.047e2
4483.0298	4.189e2
4483.7012	3.204e2
4484.3994	5.373e2
4484.8584	8.122e2
4485.4214	5.143e2
4485.8511	8.200e2
4486.1904	1.872e3
4487.0420	4.131e2
4488.1616	1.976e3
4488.7432	1.532e3
4489.3232	2.351e3
4489.8130	1.316e3
4490.1201	1.064e3
4490.6704	1.184e3
4491.3101	4.456e2
4492.0298	1.514e3
4492.5752	9.238e2
4493.1646	2.493e2
4493.7583	6.497e2
4494.0273	5.450e2
4494.4360	8.583e2
4494.8169	4.646e2
4495.1636	2.374e2
4495.8467	1.306e1
4496.0601	5.708e0
4496.3994	1.040e2
4496.7563	2.124e0
4497.2114	4.552e2
4498.2197	2.736e3
4498.7271	1.277e3
4499.2959	1.129e3
4499.7666	4.668e2
