3500.5706	1.880e2
3500.8701	1.384e3
3501.3105	4.740e2
3501.7771	9.320e2
3502.0276	1.747e3
3502.5754	1.572e3
3502.8179	1.945e3
3503.4358	1.295e3
3503.9453	8.550e2
3504.2466	7.143e2
3504.7249	8.787e2
3505.2363	1.900e2
3505.6899	4.130e2
3506.0032	2.130e3
3506.4216	2.710e2
3506.9602	1.441e3
3507.7942	1.823e2
3508.3596	1.491e3
3508.7834	3.084e3
3509.3618	2.308e2
3509.9397	1.274e3
3510.4941	2.642e3
3510.8823	2.696e3
3511.3323	7.430e2
3511.9856	1.240e3
3512.3752	2.005e3
3512.8308	8.491e2
3513.2798	6.537e2
3513.6641	1.986e3
3514.3801	9.794e2
3514.6223	1.513e3
3515.1201	1.027e3
3515.6978	3.005e2
3516.1372	1.292e3
3516.8589	2.134e2
3517.4236	4.878e2
3517.8501	5.249e2
3518.2976	1.644e3
3518.7485	1.717e3
3519.1963	1.539e3
3519.8145	1.382e3
3520.1733	9.808e2
3520.4348	1.444e3
3520.8159	8.837e2
3521.3784	2.356e3
3522.1448	2.794e3
3522.6416	1.898e3
3522.9895	6.533e2
3523.3228	1.976e3
3524.0479	1.774e3
3524.7844	1.425e3
3525.9158	1.224e3
3526.4817	2.325e3
3526.9382	2.969e3
3527.3262	1.669e3
3527.7236	6.944e2
3528.3538	1.606e3
3528.7668	2.026e3
3529.1609	3.680e2
3529.7468	2.105e3
3530.2495	8.466e2
3530.6465	1.485e3
3530.9958	2.507e3
3531.2620	1.138e3
3531.8867	7.093e2
3532.8035	1.320e3
3533.4729	7.317e2
3533.7219	7.679e2
3534.3459	1.162e3
3535.3843	4.134e3
3535.8254	1.700e3
3537.0288	9.440e2
3537.7141	1.249e3
3537.9646	7.560e2
3538.5920	4.575e3
3539.1951	4.299e3
3539.6255	1.389e3
3540.1489	1.761e3
3540.5032	3.133e3
3540.9143	2.874e3
3541.8093	2.747e3
3542.1152	1.481e3
3542.8298	8.306e3
3543.7971	5.976e2
3544.1643	1.441e3
3544.4810	1.849e3
3544.9172	2.837e2
3545.3240	3.543e2
3545.8398	2.914e2
3546.1831	4.406e2
3546.5874	3.321e3
3547.0645	5.347e2
3547.4895	3.980e2
3547.9465	2.990e3
3548.2610	7.076e2
3548.8218	3.183e3
3549.2126	2.915e3
3549.7009	2.115e3
3550.2183	1.083e3
3550.5664	8.058e2
3551.1350	2.330e3
3551.9377	6.280e2
3552.3743	1.999e1
3552.7349	1.361e3
3553.3486	1.255e3
3553.6982	1.998e3
3554.1716	1.926e3
3554.5100	9.026e2
3555.1006	9.989e2
3555.4270	6.329e2
3555.7644	1.071e2
3556.1128	3.267e3
3556.7527	2.152e3
3558.1536	1.479e3
3558.5103	3.776e3
3558.9155	2.009e3
3559.9109	2.005e3
3561.0701	2.194e3
3561.7212	1.257e3
3562.1809	2.890e3
3562.7537	2.664e3
3563.3962	1.980e3
3563.9299	2.032e3
3564.5710	1.455e3
3564.9172	7.852e2
3566.0151	6.540e2
3566.9390	1.198e3
3567.2617	2.333e2
3567.6968	1.298e3
3568.4785	2.427e3
3569.0059	1.774e3
3569.4861	1.786e3
3570.2048	2.968e3
3570.7905	1.119e3
3571.1709	1.519e3
3571.4868	9.264e2
3571.7283	2.026e3
3572.0613	1.208e3
3572.4646	2.859e2
3572.8840	9.405e2
3573.3074	2.599e2
3573.7896	8.261e2
3574.2622	5.425e2
3574.6187	1.320e3
3575.2148	2.024e3
3575.6763	1.601e3
3576.2983	1.956e3
3577.0588	3.128e3
3577.8674	6.092e1
3578.2310	2.533e3
3578.9504	1.634e3
3579.6067	2.054e3
3579.9211	1.789e3
3580.3965	2.534e3
3580.8191	3.418e3
3581.0620	1.172e3
3581.4329	1.229e3
3581.9792	7.122e2
3582.2188	1.087e3
3582.6992	1.544e2
3583.4448	2.775e3
3584.0813	7.805e3
3584.6863	1.173e3
3585.2275	4.558e2
3586.1162	3.949e3
3586.5356	5.596e2
3586.9192	8.972e2
3587.1619	5.090e2
3587.6831	1.186e2
3588.3965	1.732e3
3588.7959	2.651e3
3589.2419	1.831e3
3589.7043	2.343e3
3590.1133	3.842e3
3590.3633	1.565e3
3590.8645	1.115e3
3591.1357	1.178e3
3591.5432	1.771e3
3592.1909	6.090e2
3592.7275	3.806e2
3593.2773	6.457e2
3594.1357	1.120e3
3594.4336	1.347e3
3594.8228	8.020e2
3595.3999	1.872e3
3596.0039	2.915e3
3596.4609	3.708e2
3596.8066	1.851e3
3597.7158	4.049e2
3598.2478	2.019e3
3598.6802	6.821e3
3599.1052	3.891e3
3599.5229	1.449e3
3600.2000	3.549e3
3600.7288	2.520e3
3601.1201	7.933e2
3601.6924	5.775e2
3602.1055	4.752e2
3602.6694	1.696e3
3603.1858	5.424e2
3603.4424	7.171e2
3603.8374	1.295e3
3604.1550	8.996e2
3604.4353	1.079e3
3604.9233	3.213e2
3605.7961	3.961e2
3606.1272	4.949e2
3606.8657	1.155e3
3607.1763	1.890e3
3607.6628	2.901e2
3608.1038	3.157e3
3608.6807	2.218e3
3609.1755	2.977e3
3609.7903	1.518e3
3610.2429	1.907e3
3610.6262	2.493e3
3610.8604	1.998e3
3611.4128	5.463e2
3612.1731	4.781e3
3612.6609	4.193e-2
3612.9683	3.777e2
3613.3225	6.043e2
3613.7546	1.699e3
3614.1846	5.202e3
3615.0969	1.813e3
3616.1208	3.566e3
3616.8943	1.006e3
3617.6287	3.344e3
3618.2153	2.156e3
3618.5251	1.699e3
3618.9929	1.531e2
3619.3225	1.457e3
3620.1233	3.064e3
3621.1619	2.305e3
3621.4661	4.945e2
3622.2041	2.360e3
3622.7080	2.297e3
3623.3030	2.009e3
3623.6108	6.652e2
3624.1592	2.402e3
3624.7854	4.087e2
3625.1765	2.641e3
3626.2561	1.901e3
3626.9475	1.278e3
3627.3267	4.022e2
3627.6279	5.964e2
3628.1338	1.276e3
3628.5479	1.465e3
3629.0164	1.961e3
3629.3677	4.775e1
3629.8105	4.710e2
3630.1650	4.676e2
3630.9150	2.683e3
3631.6382	4.073e3
3631.9612	1.718e3
3632.8872	4.398e1
3633.1948	5.207e2
3633.5725	1.825e3
3634.2117	2.607e3
3634.5095	8.903e2
3635.0847	2.974e3
3635.7927	3.357e2
3636.1521	9.379e2
3636.8459	8.235e2
3637.6331	6.558e2
3638.1196	2.346e3
3638.7739	3.126e3
3639.1377	2.044e3
3639.6177	2.991e3
3640.3145	7.441e2
3640.8469	1.467e3
3641.1169	9.817e2
3642.0544	2.582e3
3642.7542	3.632e2
3643.5115	2.159e3
3643.8364	1.476e3
3644.3228	2.335e2
3644.7988	3.695e-2
3645.7329	1.363e3
3646.3657	1.459e3
3646.7727	1.515e3
3647.2234	8.023e2
3647.7322	1.512e3
3648.3984	3.237e3
3648.8770	1.188e3
3649.1990	2.588e3
3649.7151	1.113e3
3650.1968	1.837e3
3650.7922	6.691e2
3651.2354	5.168e2
3651.7175	1.172e3
3652.3894	1.274e3
3652.7957	3.003e3
3653.2241	8.771e2
3653.8000	3.818e2
3654.3342	3.972e3
3655.5354	1.915e3
3656.0002	1.466e3
3656.8271	3.243e2
3657.4746	8.696e2
3657.7651	6.381e2
3658.5806	3.354e3
3658.9575	1.456e3
3659.2615	5.595e2
3659.8733	2.187e3
3660.1609	7.760e2
3660.9294	2.704e2
3661.2698	4.164e2
3661.5916	5.888e2
3661.9055	1.673e3
3662.2920	2.624e3
3662.7273	1.366e3
3663.1152	2.536e3
3663.4431	2.592e3
3663.8308	1.271e3
3664.2188	1.152e3
3664.6047	1.919e3
3664.8618	4.230e2
3665.2371	1.678e3
3665.8430	1.633e3
3666.1990	2.253e3
3666.4609	1.199e3
3667.0989	2.587e3
3667.8494	2.600e2
3668.2563	7.518e2
3668.8552	7.925e2
3669.0615	5.986e2
3669.7002	1.065e1
3670.2439	5.784e3
3670.7505	2.205e3
3671.1226	3.080e3
3671.6479	4.403e3
3672.1121	3.023e2
3672.5151	6.835e2
3672.9238	3.197e3
3673.2651	1.495e3
3673.6956	2.087e3
3674.2561	3.385e3
3674.7495	9.772e2
3674.9619	8.837e2
3675.5977	2.087e3
3675.9758	7.619e2
3677.1033	8.087e2
3677.5386	3.560e2
3678.2151	2.509e3
3678.7573	2.413e3
3679.2542	4.477e3
3679.6284	2.427e3
3680.1921	3.673e3
3680.7034	1.287e3
3681.1575	2.126e3
3681.5183	8.854e2
3682.3464	4.289e3
3682.8982	1.866e3
3683.4524	2.301e3
3684.2051	1.818e3
3684.7629	6.284e2
3685.0613	7.433e2
3685.5049	7.489e2
3685.8901	7.487e2
3686.1245	1.507e3
3686.9590	1.338e3
3687.6250	3.996e2
3688.0535	1.360e3
3688.5159	5.142e3
3688.9072	4.218e3
3689.2615	2.379e3
3689.7112	2.811e3
3690.1223	1.478e3
3690.7024	2.351e3
3691.0608	1.312e3
3691.6660	1.066e2
3692.3354	2.126e3
3692.9063	1.128e3
3693.2129	8.094e2
3693.7263	9.373e2
3694.6038	5.304e3
3694.9602	1.434e3
3695.2637	1.093e3
3695.6895	6.868e2
3695.9299	1.144e3
3696.5696	3.457e2
3697.4458	2.959e3
3698.1970	3.046e3
3698.7510	2.371e3
3699.1250	1.280e3
3699.7505	6.411e2
3700.1409	9.678e2
3700.5767	3.463e2
3700.9946	9.227e2
3701.2168	1.161e3
3701.8196	1.628e3
3702.4585	4.023e3
3702.8613	8.497e2
3703.2471	5.155e2
3703.6321	1.277e3
3703.9180	1.237e3
3704.9998	7.462e2
3705.7170	6.862e2
3706.3591	1.467e3
3706.6121	1.034e3
3707.0195	1.589e3
3707.5791	1.738e3
3708.1921	1.444e3
3709.0867	5.646e3
3709.7925	1.243e3
3710.3027	4.007e3
3710.7734	2.447e3
3711.2388	2.499e3
3711.6216	1.169e3
3712.1836	1.847e3
3712.7449	2.453e3
3713.3535	2.006e3
3713.7627	6.318e2
3714.1885	6.847e2
3714.6306	5.331e2
3715.1194	1.070e3
3716.0737	1.422e3
3717.1050	5.979e2
3718.5854	3.347e3
3718.9751	5.235e2
3719.3784	2.907e3
3719.8186	1.465e3
3720.9929	7.513e2
3721.4148	8.904e2
3722.1946	1.850e3
3722.7048	1.006e3
3723.5916	1.719e3
3723.9263	6.484e2
3724.2856	1.182e3
3724.6748	7.452e2
3725.0078	1.232e3
3725.3645	2.859e2
3726.2473	1.959e3
3726.5642	2.375e2
3726.9141	8.000e2
3727.3933	5.000e2
3727.7390	1.023e3
3728.2021	2.238e3
3728.5327	1.329e3
3729.0261	2.843e3
3729.2615	1.237e3
3729.5569	1.761e3
3730.3445	4.327e3
3730.7607	1.396e3
3731.6238	1.488e3
3732.3354	1.840e3
3732.9331	6.468e2
3733.4663	1.779e3
3733.9426	2.195e3
3734.2131	2.281e3
3734.8191	2.749e3
3735.1611	2.834e2
3735.5757	2.201e2
3735.8711	4.580e2
3736.6819	3.586e3
3737.2883	4.039e3
3737.8835	8.015e2
3738.2354	2.023e3
3738.5310	2.056e3
3738.9177	7.375e2
3739.2212	1.080e3
3739.9854	1.784e3
3740.6616	8.027e1
3741.2146	3.787e2
3741.8027	1.117e3
3742.2100	1.343e3
3742.5400	1.226e3
3742.9460	9.353e2
3743.4290	3.760e3
3743.9189	1.307e3
3744.2251	1.560e3
3744.8330	1.198e3
3745.2295	1.291e3
3746.3223	3.963e3
3746.8149	5.273e2
3747.5823	2.697e3
3748.4597	3.100e3
3748.8628	1.030e3
3749.2083	2.930e3
3749.7075	8.611e2
3750.2515	2.061e3
3750.7493	3.125e3
3751.0293	3.562e3
3751.8037	6.728e3
3752.2380	3.929e3
3753.0720	6.000e2
3753.4475	1.256e3
3753.7271	1.278e3
3754.3135	5.206e3
3754.7644	1.012e3
3755.1929	7.754e2
3755.6355	3.298e3
3755.9736	7.636e2
3756.2610	6.073e2
3757.0264	4.115e3
3757.5713	1.802e3
3758.3738	7.640e3
3758.9346	1.890e3
3759.6372	1.605e3
3759.9983	2.020e3
3760.4106	2.851e3
3760.8462	8.251e3
3761.3508	2.786e3
3761.8113	1.609e3
3762.2969	2.203e3
3763.5679	2.439e3
3764.2595	1.980e3
3764.9294	2.692e3
3766.2336	2.733e3
3766.7185	1.329e3
3767.1050	1.355e3
3767.5547	6.287e2
3767.9541	1.043e3
3768.3367	2.463e3
3768.8435	3.905e3
3769.3909	2.975e3
3769.6602	1.807e3
3770.1467	1.554e3
3770.4602	6.006e2
3770.9783	2.641e3
3771.6401	1.266e3
3772.0164	1.657e3
3772.5977	1.035e3
3772.8389	1.184e3
3773.4622	1.454e3
3773.9519	1.414e3
3774.3418	1.698e3
3774.6301	2.004e3
3775.0142	7.722e2
3775.3953	1.370e3
3775.8533	1.150e3
3776.1733	1.636e3
3776.8840	2.044e3
3777.7239	5.991e2
3778.2446	9.519e3
3778.7031	7.106e3
3779.1130	2.311e3
3779.5227	7.114e3
3780.0535	2.210e3
3780.3618	1.136e3
3780.8982	5.557e3
3781.8286	1.226e3
3782.2258	4.752e3
3782.6753	1.449e3
3783.1548	1.526e3
3783.5928	3.879e3
3784.2852	8.544e2
3784.5608	4.461e2
3785.1543	1.430e3
3785.5779	3.616e2
3786.1904	1.848e3
3786.7769	6.491e2
3787.6431	1.883e3
3787.9246	1.345e3
3788.3130	2.945e3
3788.8616	2.678e3
3789.2173	1.380e3
3789.5613	9.594e2
3790.2478	2.382e3
3790.7969	1.449e3
3791.0603	6.895e2
3791.6357	1.822e3
3792.3027	3.781e3
3792.6604	1.032e3
3792.9871	7.059e2
3793.5303	4.009e3
3794.2234	1.403e3
3794.8101	3.600e3
3795.9866	1.766e3
3796.3003	2.404e3
3796.8630	1.684e3
3797.3987	1.672e3
3797.8223	1.329e3
3798.2395	2.682e3
3798.6401	1.879e3
3799.1304	4.272e3
3799.4626	2.944e3
3800.0256	1.241e3
3800.3896	2.048e3
3800.9158	2.328e3
3801.5942	2.423e3
3802.2283	1.404e3
3802.7349	8.960e2
3803.0225	7.239e2
3803.4189	2.169e3
3804.2825	9.726e2
3804.8689	5.846e2
3805.1707	8.099e2
3805.9939	1.679e3
3806.3098	3.362e3
3806.6299	1.682e3
3806.8999	1.071e3
3807.2200	3.687e3
3807.5637	1.426e3
3807.9285	1.172e3
3808.3091	4.404e3
3808.7871	4.629e3
3809.2876	3.394e3
3809.8977	8.021e2
3810.2964	3.291e3
3810.7334	1.393e3
3811.1807	1.272e3
3811.7058	9.484e2
3812.2705	9.035e2
3812.8997	7.329e2
3813.2449	1.216e3
3813.6169	1.245e3
3813.9229	9.530e2
3814.3699	2.751e3
3814.6140	6.005e3
3815.8994	5.291e3
3816.8928	1.539e3
3817.2092	2.690e3
3817.8237	8.810e2
3818.5518	7.330e3
3819.1819	3.629e3
3819.9524	1.511e3
3820.4138	2.042e3
3820.9280	2.493e3
3821.3147	1.266e3
3821.6602	2.286e2
3822.3655	1.965e3
3822.7563	6.998e2
3823.3555	4.570e3
3823.7354	2.557e3
3824.2051	2.288e3
3824.8918	8.841e2
3825.1619	4.051e2
3825.4614	1.748e2
3825.9070	7.761e2
3826.3767	1.414e3
3827.1470	1.552e3
3827.5471	1.915e3
3827.9246	9.581e2
3828.4041	2.912e3
3829.0190	3.334e3
3830.1914	2.280e3
3830.5830	1.265e3
3830.9863	1.351e3
3831.3647	1.455e3
3831.7705	1.357e3
3832.4111	4.222e3
3832.6602	1.652e3
3833.3127	2.686e3
3833.8008	2.653e3
3834.3003	4.416e3
3834.9226	7.962e2
3835.3413	4.825e3
3835.8149	1.880e3
3836.3093	4.666e3
3836.9231	2.002e3
3837.3127	4.746e3
3837.8186	6.403e2
3838.3027	4.974e3
3838.6604	1.261e3
3839.2705	3.712e3
3840.2988	9.163e2
3841.0374	2.618e3
3841.3279	1.987e3
3841.9429	1.571e3
3842.3945	3.973e3
3842.9382	2.205e3
3843.5234	1.934e3
3843.9441	1.032e3
3844.2605	8.180e2
3844.5835	1.131e3
3844.9629	1.009e3
3845.2654	7.004e2
3845.8918	1.387e3
3846.3323	2.198e3
3846.5610	1.126e3
3846.9248	1.033e3
3847.3086	2.231e3
3848.3433	5.523e3
3848.6843	6.072e3
3849.3303	1.603e3
3849.7366	3.191e3
3850.3276	4.154e3
3850.8145	2.915e3
3851.3037	2.764e3
3851.6628	8.479e2
3852.3022	3.978e3
3852.8970	1.251e3
3853.3293	1.665e3
3853.8057	2.269e3
3854.3308	3.980e3
3854.7815	1.797e3
3855.3503	8.740e3
3856.4983	6.233e3
3857.3152	2.571e3
3858.0024	2.092e3
3858.4231	2.509e3
3858.8816	3.182e3
3859.3918	4.840e3
3859.6614	2.644e3
3860.1257	2.279e3
3860.8889	2.753e3
3861.3716	7.869e2
3861.6531	7.997e2
3862.4375	9.335e3
3863.3359	7.133e3
3863.7930	1.718e3
3864.3125	8.925e3
3864.8237	8.412e2
3865.3142	8.938e3
3865.9150	1.204e3
3866.3210	7.812e3
3866.8140	5.321e2
3867.3367	4.412e3
3867.5608	1.668e3
3867.9702	8.596e2
3868.3735	4.318e3
3868.7734	3.966e3
3869.2998	3.114e3
3870.0142	3.638e3
3870.5410	4.438e3
3870.8630	2.115e3
3871.1609	1.688e3
3871.5098	1.361e3
3871.9299	1.387e3
3872.3772	3.338e3
3872.8489	1.937e3
3873.3342	1.857e3
3873.7104	2.115e3
3874.2788	1.918e3
3874.6758	1.751e3
3875.3528	2.053e3
3876.2532	3.084e3
3876.7441	2.575e3
3877.4082	2.747e3
3877.9880	1.905e3
3878.4482	6.228e3
3878.9380	2.097e3
3879.2310	2.440e3
3879.9724	7.361e2
3880.3140	3.503e3
3880.7810	8.189e2
3881.2605	2.301e3
3881.6367	3.165e3
3882.1755	4.338e3
3882.6626	6.138e2
3883.4805	4.934e3
3883.9612	1.118e3
3884.2634	1.033e3
3884.5613	6.555e2
3885.0593	1.009e3
3885.4976	3.656e2
3885.8938	1.226e3
3886.2170	1.989e3
3886.6321	2.693e3
3886.9355	1.800e3
3887.2715	3.326e3
3888.1597	3.076e3
3888.3616	1.507e3
3888.7952	1.393e3
3889.2419	1.478e3
3889.7456	1.197e3
3890.3154	4.022e3
3890.7573	1.588e3
3891.3235	2.630e3
3891.7290	8.532e2
3892.3845	5.866e3
3892.9712	1.245e3
3893.3186	2.895e3
3893.8254	1.528e3
3894.3245	3.368e3
3894.7441	1.318e3
3895.4072	3.601e3
3895.7107	2.009e3
3896.2810	2.280e3
3896.5896	5.827e2
3897.0012	2.003e3
3897.3315	1.782e3
3897.8171	1.888e3
3898.4026	7.143e3
3899.1201	2.051e3
3899.7100	1.802e3
3900.0623	1.824e3
3900.8657	1.311e3
3901.1975	2.148e3
3901.8530	1.318e3
3902.3330	1.606e3
3902.8008	1.373e3
3903.6238	4.766e3
3904.3611	4.458e3
3904.7949	3.593e3
3905.3645	4.681e3
3905.8979	1.806e3
3906.3748	5.285e3
3906.9431	1.665e3
3907.3809	5.465e3
3908.1157	6.927e3
3908.3606	3.820e3
3908.8225	2.502e3
3909.4009	2.459e3
3909.9988	8.558e2
3910.3433	2.347e3
3910.6604	1.382e3
3911.2607	3.417e3
3911.8042	1.446e3
3912.1606	8.311e2
3912.7117	7.300e2
3913.3545	2.284e3
3913.6230	1.722e3
3914.1372	2.050e3
3914.4631	9.724e2
3914.7612	4.011e2
3915.0981	2.704e2
3915.4138	1.381e3
3916.2375	1.983e3
3916.4685	7.128e2
3916.8030	1.940e3
3917.3760	3.554e3
3918.2190	6.029e3
3918.5959	5.166e3
3918.9614	7.778e2
3919.5364	4.463e3
3919.9609	1.842e3
3920.3276	3.487e3
3920.7688	2.154e3
3921.3572	2.579e3
3921.6973	6.996e2
3921.9714	1.466e3
3922.3823	7.002e3
3923.3286	3.669e3
3923.6631	1.979e3
3924.0266	1.150e3
3924.3198	1.269e3
3924.8826	2.554e3
3925.3569	1.988e3
3925.5725	1.040e3
3925.8567	1.508e3
3926.3259	3.806e3
3926.6619	1.323e3
3927.0491	1.531e3
3927.4348	9.560e2
3927.8169	9.246e2
3928.2881	1.407e3
3928.5940	3.591e3
3929.3076	1.861e3
3929.7241	6.661e2
3930.2168	1.874e3
3930.8792	1.800e3
3931.3215	1.844e3
3931.9595	1.476e3
3932.3533	3.895e3
3932.6956	7.249e2
3932.9197	1.450e3
3933.3765	4.198e3
3933.8657	2.301e3
3934.3738	5.827e3
3934.6667	1.055e3
3934.9194	1.637e3
3935.3733	7.556e3
3935.6650	8.071e2
3935.9182	1.468e3
3936.3767	6.369e3
3936.7935	4.800e3
3937.3782	6.223e3
3937.8364	2.476e3
3938.4211	6.886e3
3939.3740	4.663e3
3939.7607	7.565e2
3940.1335	2.333e3
3940.4900	3.832e3
3940.9517	1.465e3
3941.2964	2.690e3
3941.8152	1.876e3
3942.4561	4.184e3
3942.8616	1.284e3
3943.3159	3.606e3
3943.6626	1.523e3
3944.2632	9.404e2
3944.7532	3.632e3
3945.3127	1.528e3
3945.6917	7.246e2
3946.2634	5.626e3
3946.5605	1.625e3
3946.8608	1.190e3
3947.4570	4.176e3
3947.8286	1.533e3
3948.3816	4.079e3
3948.6665	7.189e2
3948.9170	1.317e3
3949.3958	6.767e3
3949.9246	2.737e3
3950.3835	9.180e3
3950.7441	2.406e3
3951.3918	8.142e3
3952.3901	5.569e3
3952.6609	1.111e3
3953.3862	7.089e3
3953.9280	1.379e3
3954.3762	6.026e3
3955.3345	2.247e3
3956.1077	5.303e3
3957.3577	3.345e3
3958.3818	5.402e3
3958.6206	6.318e3
3959.3828	6.165e3
3960.3284	7.160e3
3960.9568	1.344e3
3961.3479	4.901e3
3961.7219	2.094e3
3962.3853	5.355e3
3962.9067	1.467e3
3963.3870	5.268e3
3963.6614	9.947e2
3963.9832	1.405e3
3964.3525	6.255e3
3964.8296	1.496e3
3965.4644	4.731e3
3965.8164	2.878e3
3966.3403	3.575e3
3967.1960	1.143e4
3968.0640	1.259e3
3968.5232	7.400e3
3969.1162	3.495e3
3969.4297	2.418e3
3969.9915	5.427e3
3970.3621	2.126e3
3970.7820	1.448e3
3971.3247	3.906e3
3971.7593	6.042e2
3972.0969	8.794e2
3972.3149	1.305e3
3972.7429	1.854e3
3973.4028	4.793e3
3973.8611	2.253e3
3974.3767	9.523e3
3974.8611	1.213e3
3975.3816	9.217e3
3975.6609	9.107e2
3975.9453	1.419e3
3976.3860	9.970e3
3976.8003	2.794e3
3977.3872	1.224e4
3977.9722	1.499e3
3978.3884	1.751e4
3978.9275	1.206e3
3979.3916	1.637e4
3979.8181	2.041e3
3980.3931	1.356e4
3980.8892	6.677e3
3981.3818	1.268e4
3982.3137	1.245e4
3982.9951	6.084e2
3983.3933	5.029e3
3983.8635	2.551e3
3984.3040	3.174e3
3984.9565	1.556e3
3985.2830	3.544e3
3985.5613	2.536e3
3985.9187	2.209e3
3986.3230	2.513e3
3986.8010	1.652e3
3987.3083	2.542e3
3988.3369	8.653e3
3989.3784	9.635e3
3989.8879	4.316e3
3990.3887	1.034e4
3990.8193	4.453e3
3991.4028	2.390e5
3991.8613	3.441e3
3992.4043	4.935e5
3992.8657	4.781e3
3993.4065	5.470e5
3993.8652	6.636e3
3994.4077	4.266e5
3994.9392	6.032e3
3995.4084	2.597e5
3995.9387	5.203e3
3996.4121	1.330e5
3996.9028	4.554e3
3997.4106	6.171e4
3997.9229	4.274e3
3998.4116	2.514e4
3999.3940	1.604e4
3999.8835	1.776e3
4000.3909	5.664e3
4000.7283	3.671e3
4001.3564	3.815e3
4001.7410	1.191e3
4002.3386	7.156e3
4003.4121	8.169e3
4003.9214	2.277e3
4004.3125	5.050e3
4004.8738	1.361e3
4005.4097	2.486e4
4005.8335	3.157e3
4006.4136	5.140e4
4007.4153	5.307e4
4007.8203	1.871e3
4008.4119	4.952e4
4008.9182	2.852e3
4009.4126	3.153e4
4009.9058	2.122e3
4010.4053	2.072e4
4010.9863	1.609e3
4011.4114	9.174e3
4011.9211	1.649e3
4012.4089	7.780e3
4012.9514	1.602e3
4013.3938	7.869e3
4013.9019	4.827e3
4014.3760	7.980e3
4014.8772	3.645e3
4015.3796	9.270e3
4016.3704	1.010e4
4016.8989	2.440e3
4017.3879	7.320e3
4017.8625	1.189e3
4018.3784	6.119e3
4018.8955	3.786e3
4019.3916	9.558e3
4019.9348	2.050e3
4020.3967	1.298e4
4020.9265	1.339e3
4021.4001	1.316e4
4021.7534	3.033e3
4022.4067	1.486e4
4023.0627	2.053e3
4023.3955	1.051e4
4023.9768	6.001e3
4024.3967	1.067e4
4024.8787	1.545e3
4025.4033	1.346e4
4025.9128	1.705e3
4026.3992	8.671e3
4026.8547	2.219e3
4027.3926	7.589e3
4027.9236	1.197e3
4028.4382	8.722e3
4029.3633	8.286e3
4029.8899	2.957e3
4030.3792	1.782e4
4030.8606	2.119e3
4031.3628	1.328e4
4031.7881	2.382e3
4032.3540	1.065e4
4033.3823	1.483e4
4033.7327	1.204e3
4034.4048	1.870e4
4034.9351	9.841e2
4035.4075	1.703e4
4035.8174	1.866e3
4036.4165	2.062e4
4037.3970	1.438e4
4037.9875	7.330e2
4038.3987	1.142e4
4038.8931	2.266e3
4039.3860	8.074e3
4039.8379	2.721e3
4040.3875	4.095e3
4040.8369	1.526e3
4041.3555	6.520e3
4041.9917	7.465e2
4042.4260	6.850e3
4043.3867	6.109e3
4043.8604	1.238e3
4044.3459	7.299e3
4044.9622	1.742e3
4045.3218	1.132e4
4046.3704	2.077e4
4047.3435	1.476e4
4048.3523	2.478e4
4049.4099	2.091e4
4049.9407	1.019e3
4050.4014	1.477e4
4050.7949	9.690e2
4051.3611	1.821e4
4051.9065	2.045e3
4052.4082	1.078e4
4052.7612	8.898e2
4053.4048	7.021e3
4053.9749	1.485e3
4054.3857	7.039e3
4054.9189	1.064e3
4055.3857	7.678e3
4055.8765	1.113e3
4056.3889	7.176e3
4056.7190	1.147e3
4057.3921	9.607e3
4057.9973	1.565e3
4058.3970	1.105e4
4058.9336	2.215e3
4059.3728	6.135e3
4059.8650	2.433e3
4060.3904	6.294e3
4061.3696	6.848e3
4061.6619	1.341e3
4062.4033	1.026e4
4062.9451	1.569e3
4063.4807	1.841e4
4064.4063	1.947e4
4064.7617	7.340e2
4065.4089	1.569e4
4065.8940	4.507e3
4066.4424	1.628e4
4067.4548	1.222e4
4067.8896	1.480e3
4068.3862	1.515e4
4069.0500	4.776e3
4069.3911	5.990e3
4069.7620	8.083e2
4070.4485	9.761e3
4070.8958	2.444e3
4071.3767	5.543e3
4071.9248	2.708e3
4072.3511	9.221e3
4072.8369	1.890e3
4073.3794	8.523e3
4073.7905	1.934e3
4074.3914	8.563e3
4074.9180	2.337e3
4075.3801	6.155e3
4075.9004	1.853e3
4076.3835	1.053e4
4077.3906	6.553e3
4077.7175	3.370e3
4078.3994	9.249e3
4078.7725	1.201e3
4079.3428	1.134e4
4080.0994	5.666e3
4080.3276	1.002e4
4081.3884	7.627e3
4081.7642	1.285e3
4082.3669	9.506e3
4083.3530	1.014e4
4083.9272	1.546e3
4084.3423	7.231e3
4084.7205	1.949e3
4085.4131	7.951e3
4086.3306	6.301e3
4086.9182	2.429e3
4087.3689	5.978e3
4087.7324	1.277e3
4088.3633	1.001e4
4088.9207	1.873e3
4089.3762	1.380e4
4089.9670	2.646e3
4090.3889	2.575e4
4090.8223	2.445e3
4091.3862	2.686e4
4092.3835	2.428e4
4093.3596	2.664e4
4093.9375	2.381e3
4094.3706	1.909e4
4094.8623	1.242e3
4095.3665	1.133e4
4095.8015	2.251e3
4096.3740	8.055e3
4096.8350	1.655e3
4097.3540	6.189e3
4097.8862	1.006e3
4098.3809	6.069e3
4099.3647	4.493e3
4099.7617	1.019e3
4100.3501	4.972e3
4101.4775	6.795e3
4101.9331	2.028e3
4102.4780	8.793e3
4102.8667	2.839e3
4103.4800	1.256e4
4103.9497	1.369e3
4104.4180	8.335e3
4104.9780	4.704e2
4105.4067	7.628e3
4105.9380	8.202e2
4106.4224	9.125e3
4106.9360	1.297e3
4107.3994	7.538e3
4107.9028	2.456e3
4108.4072	8.873e3
4108.8291	1.717e3
4109.3916	5.506e3
4110.3740	7.184e3
4110.8882	1.474e3
4111.3452	7.380e3
4111.6606	1.907e3
4111.9614	1.034e3
4112.3950	7.939e3
4112.8887	2.245e3
4113.3545	8.336e3
4113.8755	2.063e3
4114.3550	8.902e3
4115.3848	7.467e3
4115.9541	1.555e3
4116.3340	5.292e3
4116.9219	8.687e2
4117.3843	4.580e3
4117.9390	1.034e3
4118.3882	7.569e3
4119.3647	5.895e3
4119.8311	1.284e3
4120.4224	8.071e3
4121.4219	6.891e3
4121.8179	1.132e3
4122.4448	5.585e3
4122.9390	9.611e2
4123.3838	5.178e3
4123.7930	2.485e3
4124.3809	4.141e3
4124.9995	9.278e2
4125.3828	3.477e3
4126.3188	3.728e3
4126.5605	1.497e3
4126.8618	9.033e2
4127.3198	6.838e3
4127.8623	7.240e2
4128.3608	1.472e4
4129.3345	2.605e4
4129.8623	1.085e3
4130.4224	1.712e4
4131.3862	1.216e4
4132.2998	1.365e4
4133.4302	1.366e4
4134.3730	1.294e4
4135.3540	1.138e4
4135.8608	1.119e3
4136.3896	8.948e3
4137.3657	6.406e3
4138.3955	1.047e4
4138.7573	4.578e3
4139.3296	5.296e3
4139.8027	1.922e3
4140.3364	3.861e3
4140.8223	1.319e3
4141.3374	4.572e3
4141.8496	1.355e3
4142.3433	9.319e3
4143.3257	1.001e4
4144.3091	1.054e4
4145.3032	1.102e4
4145.7612	1.102e3
4146.3325	8.647e3
4147.3828	9.777e3
4148.3989	1.190e4
4148.9780	1.779e3
4149.4136	6.482e3
4150.4004	9.178e3
4151.4292	8.576e3
4151.9229	1.029e3
4152.3857	5.244e3
4152.7603	7.545e2
4153.0942	2.513e3
4153.3198	4.734e3
4153.7603	1.022e3
4154.3843	4.815e3
4155.3574	3.651e3
4155.8960	1.290e3
4156.3462	6.358e3
4156.9312	1.962e3
4157.4053	8.569e3
4158.3828	8.772e3
4158.8276	5.069e3
4159.3804	7.604e3
4159.9644	2.080e3
4160.3965	8.220e3
4160.8452	9.913e2
4161.3950	6.072e3
4161.9443	2.063e3
4162.4292	7.101e3
4162.7607	1.296e3
4163.3906	6.660e3
4164.2783	4.514e3
4164.7622	4.408e2
4165.3555	3.832e3
4165.7983	2.139e3
4166.3247	5.104e3
4166.7266	1.298e3
4167.3906	6.342e3
4168.3838	8.270e3
4169.3350	5.559e3
4169.8198	1.620e3
4170.3325	5.820e3
4171.0942	1.539e3
4171.3174	2.848e3
4171.9341	1.168e3
4172.4004	4.864e3
4172.7617	5.952e2
4173.3687	4.066e3
4173.7222	1.629e3
4174.3418	6.921e3
4175.3330	5.356e3
4175.8613	7.691e2
4176.3438	3.317e3
4176.8848	8.206e2
4177.3315	5.041e3
4178.3921	1.014e4
4179.2813	6.957e3
4179.6802	9.786e2
4180.3350	6.701e3
4180.9834	1.432e3
4181.3677	5.060e3
4182.3184	5.856e3
4182.8945	1.433e3
4183.3477	7.286e3
4183.8301	2.977e3
4184.3184	5.459e3
4184.8335	1.134e3
4185.3350	4.055e3
4185.8472	1.784e3
4186.3496	5.534e3
4187.3379	4.986e3
4187.7876	5.551e2
4188.3047	5.503e3
4188.7637	1.755e3
4189.3345	7.488e3
4189.8428	1.147e3
4190.3193	7.959e3
4191.3359	5.717e3
4191.8584	1.790e3
4192.3301	9.041e3
4193.3330	8.821e3
4194.2739	4.489e3
4194.6621	9.548e2
4195.3423	3.441e3
4196.3496	2.835e3
4196.8696	8.727e2
4197.2983	3.742e3
4198.3115	5.426e3
4198.7134	1.800e3
4199.3115	3.787e3
4199.7793	2.778e3
4200.3101	3.187e3
4200.8350	1.198e3
4201.4063	4.315e3
4201.8262	1.318e3
4202.3408	5.221e3
4202.7612	7.466e2
4203.3052	3.678e3
4203.6763	5.145e2
4204.3247	4.847e3
4204.8740	1.356e3
4205.3550	3.499e3
4206.3237	6.522e3
4207.3418	2.890e3
4207.7778	1.992e3
4208.3779	3.442e3
4208.7617	4.923e2
4209.2920	4.137e3
4210.4082	6.984e3
4210.9458	2.271e3
4211.2866	3.418e3
4211.6201	3.247e3
4212.3213	6.097e3
4213.3315	5.902e3
4214.2510	1.026e4
4215.2949	4.262e3
4215.7939	5.440e2
4216.3838	6.368e3
4217.3394	4.369e3
4218.3037	3.829e3
4218.8296	3.419e3
4219.2827	5.458e3
4219.8472	7.894e2
4220.2852	2.648e3
4220.7603	3.194e2
4221.2720	2.757e3
4222.1519	5.184e3
4222.4292	4.071e3
4222.8154	3.313e3
4223.5015	7.441e3
4223.9614	1.211e3
4224.3159	3.415e3
4224.9883	1.727e3
4225.3062	3.451e3
4225.8379	1.100e3
4226.3608	7.199e3
4227.3164	4.568e3
4227.9707	2.953e3
4228.3018	6.662e3
4228.6616	4.091e3
4229.3486	5.857e3
4230.2964	6.566e3
4230.8647	4.798e2
4231.2935	3.818e3
4231.8955	2.990e2
4232.3374	4.279e3
4233.3555	8.296e3
4233.9766	1.123e3
4234.3022	6.916e3
4235.3262	3.975e3
4236.2510	2.645e3
4236.5615	6.461e2
4236.9624	6.604e2
4237.3687	2.042e3
4237.8223	1.736e3
4238.4448	8.999e3
4239.3086	4.434e3
4239.9673	1.952e3
4240.3384	6.046e3
4241.4111	5.814e3
4242.3101	5.418e3
4243.3472	5.273e3
4244.3076	4.490e3
4245.3027	2.557e3
4246.4194	8.265e3
4246.8618	1.711e3
4247.3208	3.555e3
4247.5605	3.074e3
4248.3330	5.638e3
4249.0479	1.029e4
4249.8604	5.495e2
4250.1885	2.306e3
4250.5005	5.837e3
4251.2661	6.008e3
4252.1772	6.075e3
4253.1284	2.160e3
4253.4800	3.256e3
4254.3164	4.379e3
4255.2568	8.238e3
4256.3774	4.064e3
4257.1934	1.482e3
4257.4131	2.117e3
4258.1860	8.829e3
4258.9150	2.023e3
4259.4595	5.180e3
4260.2383	2.009e3
4260.7241	2.000e3
4261.2148	2.677e3
4261.7925	4.830e2
4262.2354	1.975e3
4262.6001	2.597e3
4263.2949	3.241e3
4263.8643	8.231e2
4264.2642	4.274e3
4265.2437	5.080e3
4265.9790	1.502e3
4266.3408	4.101e3
4266.8262	1.294e3
4267.3145	3.648e3
4268.1890	2.451e3
4268.4570	4.594e3
4269.3115	3.119e3
4269.9692	1.753e3
4270.3862	5.165e3
4270.7207	2.638e3
4271.2969	4.170e3
4271.5610	1.990e3
4272.2759	3.530e3
4272.6279	2.316e3
4273.2744	5.297e3
4273.8740	1.458e3
4274.2666	4.124e3
4275.1821	1.236e3
4275.4263	1.908e3
4276.1992	3.440e3
4276.7617	3.420e2
4277.2510	2.957e3
4278.3086	6.992e3
4279.2466	5.606e3
4279.8745	4.941e2
4280.3345	3.683e3
4281.2568	3.631e3
4282.2930	4.985e3
4282.5249	4.572e3
4282.9985	1.941e3
4283.2915	4.957e3
4284.2456	3.160e3
4284.5605	1.477e3
4285.3335	3.592e3
4285.8140	6.410e2
4286.3047	3.516e3
4287.2808	2.338e3
4288.1470	4.151e3
4288.4902	4.745e3
4288.8613	1.301e3
4289.3115	5.435e3
4290.2578	2.857e3
4290.6143	1.825e3
4290.9819	6.800e2
4291.2847	1.486e3
4291.6406	6.662e2
4292.3057	5.767e3
4293.2334	3.239e3
4293.8086	3.020e3
4294.2837	4.446e3
4294.7095	1.819e3
4295.4287	2.946e3
4295.8560	1.141e3
4296.3140	3.605e3
4296.7949	3.500e2
4297.2295	3.431e3
4298.4028	4.420e3
4299.2910	4.074e3
4300.0664	2.225e3
4300.3301	2.423e3
4300.7192	9.754e2
4301.2856	2.155e3
4301.5615	1.120e3
4302.3579	4.268e3
4303.1914	3.875e3
4303.5107	1.961e3
4303.9639	1.062e3
4304.3848	2.802e3
4305.2769	2.613e3
4305.7920	1.036e3
4306.2383	2.747e3
4306.5225	2.533e3
4306.8628	4.954e2
4307.2925	2.873e3
4308.2593	2.338e3
4308.5259	2.068e3
4309.2363	2.674e3
4309.6689	2.016e3
4310.4219	7.604e3
4311.0439	3.352e3
4311.2612	2.173e3
4312.2935	4.175e3
4312.5601	1.904e3
4313.2217	2.570e3
4313.4609	1.488e3
4314.3604	5.086e3
4315.2817	1.242e3
4315.5703	2.351e2
4315.8975	8.305e2
4316.2378	3.135e3
4316.9980	9.815e2
4317.2773	2.277e3
4317.6191	1.218e3
4318.3335	3.877e3
4318.7212	2.002e3
4319.2026	2.838e3
4319.8198	1.077e3
4320.2920	2.877e3
4320.7197	1.457e3
4321.3047	2.975e3
4321.7690	3.116e3
4322.1646	2.128e3
4322.5576	1.140e3
4322.9233	1.625e3
4323.2148	1.667e3
4323.5640	1.013e3
4324.2280	3.678e3
4324.8594	5.337e2
4325.2568	2.064e3
4325.7007	1.636e3
4326.2686	3.191e3
4326.5615	9.138e2
4326.8691	1.557e3
4327.2422	3.858e3
4327.8628	1.710e3
4328.3027	2.637e3
4328.7739	5.357e3
4329.3330	1.813e3
4329.8809	8.166e2
4330.3848	4.812e3
4331.2734	2.934e3
4332.0630	2.094e3
4332.3169	2.473e3
4332.9023	2.718e3
4333.3066	2.342e3
4333.6162	1.689e3
4334.1997	3.948e3
4334.8721	1.472e3
4335.2842	2.000e3
4335.8931	9.892e2
4336.2246	2.427e3
4336.7158	4.756e2
4337.1948	3.724e3
4338.2666	5.226e3
4338.5894	1.002e3
4338.8223	2.200e3
4339.2163	1.803e3
4339.6963	8.812e2
4340.2920	3.007e3
4340.5635	1.269e3
4341.2280	2.232e3
4342.1943	3.099e3
4342.6982	8.467e2
4342.9375	1.341e3
4343.5874	5.695e3
4344.3174	2.593e3
4345.1050	3.431e3
4345.8267	2.580e3
4346.2241	3.116e3
4346.8311	1.143e3
4347.3081	1.795e3
4347.6670	1.735e3
4348.3647	5.395e3
4348.7642	1.451e3
4349.2075	2.341e3
4349.6909	1.053e3
4350.2183	2.799e3
4350.7476	1.051e3
4351.3179	2.336e3
4351.8164	5.690e2
4352.2344	1.214e3
4353.2368	3.001e3
4353.9863	1.226e3
4354.3203	3.783e3
4354.8013	4.334e3
4355.2690	2.254e3
4355.6616	4.811e2
4356.2139	2.284e3
4356.7793	5.802e2
4357.1963	9.596e2
4357.5171	7.775e2
4358.3779	4.946e3
4358.8848	4.011e3
4359.1626	1.754e3
4360.1772	3.267e3
4361.3193	2.812e3
4362.2036	1.827e3
4362.6392	1.103e3
4363.1626	2.397e3
4363.4634	1.517e3
4364.3086	3.437e3
4364.7197	9.220e2
4365.2222	1.525e3
4365.5386	1.086e3
4366.3096	7.676e3
4367.2681	1.819e3
4367.6128	2.930e3
4368.1997	4.522e3
4368.8481	2.276e3
4369.1763	2.409e3
4369.8389	2.020e3
4370.4717	4.542e3
4371.0962	2.093e3
4371.5620	7.079e2
4372.2856	4.412e3
4373.4023	3.567e3
4374.2456	4.550e3
4375.2358	2.238e3
4376.3813	1.195e3
4377.0815	1.520e3
4377.6865	1.122e3
4378.0903	1.557e3
4378.3242	3.280e3
4378.8853	3.768e2
4379.1338	6.574e2
4379.4971	2.205e3
4379.9790	9.181e2
4380.2969	1.582e3
4381.1851	4.588e3
4381.8188	1.679e3
4382.2451	3.081e3
4382.5610	9.774e2
4383.1475	1.013e3
4383.3623	6.475e2
4384.2754	2.955e3
4384.6636	2.852e2
4385.3398	8.132e2
4386.2295	1.045e3
4386.5098	3.327e2
4387.2549	1.457e3
4387.6909	6.166e2
4388.2754	1.710e3
4388.7617	1.098e2
4389.2607	1.646e3
4389.8770	1.506e3
4390.5444	6.104e3
4391.2319	4.219e3
4392.2539	1.349e3
4393.2563	2.796e3
4394.2271	2.207e3
4394.5620	9.689e2
4395.2046	1.380e3
4395.7500	3.929e2
4396.3623	3.127e3
4397.2144	4.588e2
4397.5303	6.364e2
4398.1802	2.678e3
4398.7339	1.438e3
4399.1846	2.938e3
4399.8013	2.018e3
4400.4229	8.737e2
4401.2583	2.768e3
4401.7690	1.385e3
4402.2158	2.828e3
4402.5430	2.362e3
4403.1206	2.595e3
4403.4619	1.179e3
4403.8154	9.744e2
4404.3159	3.434e3
4404.7261	2.706e2
4405.2588	1.360e3
4405.8262	1.829e3
4406.4204	1.665e3
4407.4971	4.062e3
4408.2891	4.126e3
4408.7266	1.822e3
4409.1182	5.246e3
4409.5605	4.002e2
4410.2813	2.157e3
4410.6313	1.635e3
4411.3198	8.561e2
4411.5752	4.309e2
4411.8276	6.993e2
4412.2207	1.142e3
4412.7295	3.772e2
4413.2832	2.038e3
4413.6626	1.617e2
4414.1709	1.233e3
4414.5811	4.479e2
4414.8843	5.773e2
4415.2866	2.358e3
4416.2612	7.879e2
4416.6196	9.668e2
4417.2002	8.614e2
4417.7222	8.332e2
4418.3545	4.389e3
4419.1484	1.113e3
4419.4385	1.570e3
4420.0264	1.544e3
4420.4048	3.087e3
4420.9019	1.676e3
4421.5854	1.474e3
4421.9688	9.763e2
4422.2959	1.866e3
4422.5630	1.127e3
4423.1074	4.738e3
4424.0786	5.627e2
4424.3657	4.026e2
4424.7148	1.793e2
4425.2104	3.670e2
4425.4624	1.866e2
4426.1450	1.120e3
4426.6089	1.164e3
4426.9185	8.681e2
4427.8198	7.775e2
4428.3638	3.368e3
4429.3013	2.258e3
4430.2729	4.219e3
4430.6934	8.850e2
4430.9985	4.804e3
4431.5640	3.567e3
4432.0430	1.341e3
4432.3862	1.859e3
4433.1816	2.069e3
4433.7827	1.585e3
4434.2021	9.016e2
4434.8989	2.287e3
4436.0371	1.741e3
4436.2612	9.850e2
4437.1875	4.596e3
4438.2412	2.378e3
4438.7876	8.373e2
4439.3877	1.956e3
4440.0898	1.671e3
4440.4604	1.235e3
4441.1689	8.018e2
4441.5845	8.292e2
4442.0776	1.453e3
4442.5649	1.867e3
4442.8989	2.678e3
4443.1616	1.382e3
4443.8389	1.278e3
4444.2676	2.485e3
4444.8994	1.174e3
4445.2217	9.597e2
4445.5620	2.913e2
4446.3228	2.862e3
4446.7788	4.272e2
4447.1392	1.750e3
4447.5205	4.801e2
4448.2363	1.139e3
4449.1304	3.110e2
4449.6274	1.508e3
4450.3247	3.279e3
4450.9155	5.147e2
4451.4004	1.353e3
4452.3267	9.441e2
4452.9688	5.481e3
4453.8550	3.911e3
4454.5151	1.424e3
4454.9443	1.569e3
4455.3940	2.641e2
4456.0278	2.586e3
4456.5991	7.877e2
4457.1934	2.681e3
4457.6392	1.048e3
4458.1309	2.116e3
4458.6514	1.726e3
4459.2529	1.574e3
4460.1494	1.103e3
4460.7168	7.520e2
4461.1274	1.405e3
4462.2852	3.127e3
4462.5605	6.341e2
4463.1846	9.939e2
4463.6265	1.259e3
4464.1387	2.432e3
4464.4614	6.501e2
4465.0786	1.833e3
4466.1543	6.937e2
4466.5830	1.844e3
4467.1045	2.019e3
4467.6650	6.197e2
4468.2412	3.518e3
4468.6963	2.318e3
4469.4810	1.996e3
4470.3071	1.382e3
4470.6499	7.545e2
4471.2212	3.995e3
4471.6606	1.162e3
4472.2456	1.393e3
4472.9849	1.049e3
4473.2148	1.708e3
4474.1274	1.076e3
4474.5059	2.023e3
4475.0444	1.774e3
4475.5327	7.965e2
4476.1831	8.958e2
4477.1064	6.764e2
4477.5205	4.690e2
4477.9790	2.935e3
4478.8154	4.091e3
4479.1650	1.298e3
4479.5620	1.286e2
4480.1968	2.605e3
4480.7349	1.818e3
4481.3325	1.525e3
4481.7710	2.736e3
4482.1182	7.409e2
4482.6255	2.628e3
4483.2134	1.444e3
4483.6665	4.984e1
4484.2378	2.569e2
4484.5566	3.917e2
4484.9185	1.380e3
4485.2310	1.112e3
4486.1880	4.942e3
4486.5190	1.365e3
4487.2690	1.028e3
4488.5063	3.246e3
4489.1641	1.949e3
4489.4624	7.238e2
4489.9326	1.327e3
4490.3179	1.421e3
4490.7695	1.002e3
4491.2891	1.226e3
4492.0420	1.642e3
4492.2612	7.127e2
4492.5498	1.168e3
4493.2231	1.579e3
4493.8013	6.989e2
4494.2954	8.953e2
4494.8750	5.390e2
4495.1226	1.029e3
4496.2153	1.877e2
4496.6182	4.019e2
4497.1245	8.300e2
4497.6929	1.274e3
4498.1982	2.676e3
4498.6250	2.051e3
4498.8613	1.687e3
4499.7827	1.188e3
