3500.1511	8.606e2
3500.7798	5.897e2
3501.0642	9.129e2
3501.5156	5.124e2
3502.0896	2.947e3
3502.7598	3.309e3
3503.2405	1.282e3
3503.4604	7.133e2
3503.9558	5.789e2
3504.2813	1.044e3
3504.7339	4.719e2
3505.2405	5.096e1
3505.6475	4.714e2
3506.0647	1.607e3
3506.4780	5.796e2
3506.9075	1.619e3
3507.8401	7.686e2
3508.1741	1.153e3
3508.7395	3.772e3
3509.6404	4.077e2
3510.3987	4.065e3
3510.8577	5.548e3
3511.3218	1.973e3
3511.9968	2.135e3
3512.4063	1.792e3
3512.8203	9.213e2
3513.2615	2.248e3
3513.6973	1.874e3
3514.4856	1.939e3
3514.8313	1.082e3
3515.1902	1.716e3
3515.9978	1.391e3
3516.8474	7.755e1
3517.1384	5.736e1
3517.5244	5.546e2
3517.7905	2.847e2
3518.1687	1.226e3
3518.5173	1.677e3
3518.8926	2.007e3
3519.2263	1.447e3
3519.8174	2.209e3
3520.4797	2.848e3
3520.7620	1.112e3
3521.1387	9.382e2
3521.5056	1.588e3
3522.1941	2.913e3
3522.5823	1.862e3
3523.3821	1.691e3
3523.9568	1.687e3
3524.3638	3.353e2
3524.7993	9.648e2
3525.3313	4.612e2
3525.7078	5.041e2
3526.5520	4.086e3
3527.0034	2.900e3
3527.3604	9.235e2
3527.7405	6.764e2
3528.5286	3.200e3
3529.1362	7.241e2
3529.4209	9.221e2
3529.8335	2.434e3
3530.1624	1.113e3
3530.5566	1.650e3
3531.0188	2.752e3
3531.8386	1.229e3
3532.0637	9.172e2
3532.9441	1.317e3
3533.7014	9.216e2
3534.3621	1.793e3
3535.3330	3.255e3
3535.6909	7.724e2
3536.0139	2.378e3
3537.0933	1.509e3
3537.8591	2.790e3
3538.5593	5.882e3
3538.8872	1.787e3
3539.1235	3.682e3
3540.0305	2.020e3
3540.4341	2.225e3
3540.8567	2.960e3
3541.5000	3.706e2
3541.8501	3.050e3
3542.8174	5.697e3
3543.3145	1.515e3
3544.3467	2.689e3
3544.9717	4.669e1
3545.3196	4.812e2
3546.1694	6.026e2
3546.5613	4.426e3
3547.3716	1.179e3
3547.9109	2.842e3
3548.8250	3.446e3
3549.1665	1.679e3
3549.7112	1.387e3
3550.1604	7.457e2
3551.0986	3.310e3
3551.9751	2.918e2
3552.2380	5.760e2
3552.7183	1.778e3
3553.3308	1.094e3
3553.7168	1.513e3
3554.1372	1.774e3
3554.5332	1.857e3
3555.0632	1.013e3
3556.1340	5.467e3
3556.4651	2.313e2
3556.8596	1.956e3
3558.1396	1.707e3
3558.5103	6.526e3
3558.8618	1.276e3
3559.4226	4.184e2
3559.8135	3.675e3
3560.3608	2.804e2
3560.9387	1.829e3
3561.2354	2.302e3
3561.8364	6.475e2
3562.1982	3.699e3
3562.7568	2.785e3
3563.1174	4.441e3
3563.3621	1.361e3
3563.9792	3.243e3
3564.5830	1.023e3
3564.8589	1.446e3
3565.2163	2.391e3
3566.0447	1.137e3
3566.5269	6.170e2
3566.9207	1.983e3
3567.7791	1.285e3
3568.4756	2.821e3
3568.9360	3.512e3
3569.5198	1.335e3
3570.1912	3.365e3
3570.6946	1.815e3
3571.1895	1.915e3
3571.5999	9.829e2
3571.9976	3.256e3
3573.0046	1.350e3
3573.8489	1.374e3
3574.2334	6.470e2
3574.6333	1.353e3
3575.1094	2.922e3
3575.8577	2.298e3
3576.3174	2.042e3
3576.8538	1.852e3
3577.1492	2.528e3
3577.5242	1.705e2
3577.8777	3.930e2
3578.2124	3.253e3
3578.7966	5.661e2
3579.0779	1.531e3
3579.6577	1.495e3
3579.8623	1.088e3
3580.3972	3.298e3
3580.8198	3.866e3
3581.1460	2.067e3
3581.5862	1.341e3
3581.9226	5.324e2
3582.2341	7.032e2
3582.6821	2.768e2
3583.3384	2.613e3
3584.0781	1.029e4
3584.6833	1.354e3
3585.1733	6.930e2
3586.1111	4.527e3
3586.9302	1.919e3
3587.7009	7.279e1
3588.1506	1.439e3
3588.8152	3.849e3
3589.2163	1.915e3
3589.7190	2.900e3
3590.1301	6.370e3
3591.1548	2.054e3
3591.5244	1.581e3
3592.1899	1.005e3
3592.8125	1.117e3
3593.4377	1.358e3
3594.2373	3.335e3
3594.5618	1.409e3
3595.2971	9.517e2
3595.5906	2.256e3
3596.0132	3.076e3
3596.4612	5.409e2
3596.8064	2.528e3
3597.7559	9.785e2
3598.2708	2.439e3
3598.6816	7.768e3
3599.0251	6.640e3
3600.2002	4.373e3
3600.7678	2.910e3
3601.2231	1.013e3
3601.7676	9.782e2
3602.1287	9.024e2
3602.7185	1.541e3
3603.2754	7.653e2
3603.6313	1.665e3
3603.9744	9.879e2
3604.4680	3.177e3
3604.8604	6.197e2
3605.2617	4.783e2
3605.7920	4.486e2
3606.3345	4.972e2
3606.7358	8.452e2
3607.3354	2.860e3
3608.1021	2.888e3
3608.3621	7.328e2
3608.9187	2.325e3
3609.3740	1.095e3
3609.7202	1.882e3
3610.1858	1.457e3
3610.5688	3.744e3
3611.0229	2.172e3
3611.7998	9.585e2
3612.1753	5.503e3
3612.8813	1.693e3
3613.7197	3.345e3
3614.1870	5.407e3
3615.0471	2.636e3
3615.3606	2.822e2
3615.7107	2.587e3
3616.1482	2.534e3
3616.4614	1.993e3
3617.1606	8.076e2
3617.6772	2.546e3
3618.1768	3.070e3
3618.6323	2.950e3
3618.9626	2.212e2
3619.3564	1.293e3
3620.1248	4.503e3
3621.0740	1.228e3
3621.5100	2.677e3
3622.2239	1.891e3
3622.7644	2.174e3
3623.3555	2.616e3
3624.2498	3.824e3
3624.7610	5.538e2
3625.2656	2.444e3
3626.2327	2.386e3
3627.0911	8.473e2
3627.6282	9.490e2
3628.0801	1.798e3
3628.5703	1.748e3
3629.0935	2.320e3
3629.9832	1.247e3
3630.8367	3.445e3
3631.6860	6.467e3
3631.9607	1.559e3
3632.9819	1.709e3
3633.3508	8.906e2
3633.6753	1.695e3
3634.2649	3.326e3
3634.6973	1.771e3
3635.1597	2.859e3
3635.6943	1.382e3
3636.2222	1.375e3
3636.8694	8.781e2
3637.0623	6.164e2
3637.5940	1.007e3
3638.1936	1.877e3
3638.7920	2.258e3
3639.0220	2.935e3
3639.5903	4.570e3
3640.2854	1.103e3
3640.7898	2.510e3
3641.7278	3.875e2
3642.1072	8.007e2
3642.6858	2.927e2
3643.1660	2.601e2
3643.5583	1.629e3
3644.0195	1.808e3
3644.4739	1.411e2
3644.8086	3.858e2
3645.3669	3.846e2
3645.7397	9.650e2
3646.3879	1.652e3
3646.9324	1.147e3
3647.2209	1.158e3
3647.7747	1.587e3
3648.3552	2.991e3
3648.8582	3.707e3
3649.3367	1.821e3
3650.1248	2.658e3
3650.8474	1.572e3
3651.5127	7.642e2
3652.2085	8.702e2
3652.8411	3.760e3
3653.2180	1.642e3
3653.8811	5.369e2
3654.4358	4.668e3
3655.0300	1.274e3
3655.5322	1.064e3
3656.0332	1.459e3
3657.0408	1.027e3
3657.7205	1.395e3
3658.5212	3.629e3
3658.9143	4.301e3
3659.5657	1.127e3
3659.9180	3.354e3
3660.6116	4.609e2
3660.9185	3.933e2
3661.2849	4.942e2
3661.7727	2.875e3
3662.1475	1.301e3
3662.5046	2.494e3
3663.0508	3.110e3
3663.3630	1.892e3
3663.8809	2.053e3
3664.5303	2.792e3
3664.7612	1.181e3
3665.2312	1.493e3
3665.8767	1.291e3
3666.2212	2.631e3
3666.5269	2.035e3
3667.0171	2.650e3
3667.8325	5.573e2
3668.3069	6.096e2
3668.8420	5.737e2
3669.1289	9.559e2
3669.7966	4.305e2
3670.2581	6.694e3
3670.9561	6.837e3
3671.5906	5.704e3
3672.3374	2.981e3
3672.9727	4.268e3
3673.3459	2.551e3
3673.8354	2.187e3
3674.2263	3.451e3
3674.6985	1.045e3
3675.0249	1.339e3
3675.5510	1.723e3
3676.0491	1.005e3
3677.0156	1.088e3
3677.6316	3.579e2
3678.1204	2.060e3
3678.7271	2.862e3
3679.2798	4.870e3
3679.6221	3.273e3
3680.2322	4.321e3
3680.8083	2.736e3
3681.3428	2.944e3
3682.2986	2.618e3
3682.5129	2.207e3
3682.8909	4.152e3
3683.4045	2.078e3
3683.8779	7.984e2
3684.2124	1.764e3
3684.7131	6.299e2
3685.1726	1.121e3
3685.4612	1.011e3
3686.1233	2.508e3
3686.7927	3.632e2
3687.0132	5.058e2
3687.5815	2.462e2
3688.0735	1.375e3
3688.5107	5.683e3
3688.8945	7.529e3
3689.4094	2.513e3
3689.7319	2.173e3
3690.2478	4.294e3
3690.5642	1.657e3
3690.8889	1.084e3
3691.1599	2.081e3
3691.5916	2.013e3
3692.2585	2.880e3
3692.9373	2.778e3
3693.2576	1.733e3
3693.5632	7.148e2
3693.8635	9.344e2
3694.2773	4.350e3
3694.6843	3.440e3
3695.2307	3.866e3
3695.7610	3.543e2
3696.1096	9.641e2
3696.5803	3.992e2
3697.4160	3.538e3
3698.1660	2.405e3
3698.7124	3.304e3
3699.1301	1.165e3
3699.8308	8.533e2
3700.2715	1.192e3
3701.2085	2.524e3
3701.7859	7.311e2
3702.2532	2.325e3
3702.5979	2.571e3
3703.2144	1.731e3
3703.6025	2.171e3
3704.1294	1.357e3
3704.7717	6.344e2
3705.1294	1.257e3
3705.5837	3.430e2
3705.8655	5.285e2
3706.5012	2.285e3
3707.0862	1.350e3
3707.4790	2.648e3
3708.2837	2.025e3
3708.9832	6.058e3
3709.7129	1.528e3
3710.3120	5.787e3
3710.8181	1.664e3
3711.2029	2.061e3
3711.7346	8.928e2
3712.1924	1.071e3
3712.7061	3.760e3
3713.1602	1.090e3
3713.5505	9.956e2
3713.8210	1.264e3
3714.2134	8.187e2
3714.6582	8.812e2
3714.9451	1.156e3
3715.3184	8.835e2
3715.5610	2.404e2
3715.8960	5.086e2
3716.1921	1.109e3
3717.1035	7.605e2
3718.1980	1.242e3
3718.5195	3.246e3
3719.3479	4.748e3
3719.8237	2.380e3
3720.8904	6.608e2
3721.2234	1.009e3
3721.5156	8.491e2
3722.2510	2.305e3
3722.7217	2.698e3
3723.1616	3.824e2
3723.5957	1.378e3
3723.9905	9.949e2
3724.3088	2.122e3
3724.7190	9.851e2
3725.2698	1.242e3
3725.8879	1.118e2
3726.2974	1.883e3
3726.8269	7.030e2
3727.2351	9.533e2
3727.7500	1.169e3
3728.1475	1.512e3
3728.4133	1.773e3
3728.9956	3.919e3
3729.5161	2.681e3
3729.8633	7.303e2
3730.2209	2.853e3
3730.4612	1.445e3
3730.8220	1.259e3
3731.5039	1.843e3
3732.3184	2.324e3
3732.9399	1.026e3
3733.5176	2.163e3
3733.9299	2.928e3
3734.2615	1.514e3
3734.7854	3.480e3
3735.5415	3.349e2
3735.8657	4.917e2
3736.4871	1.912e3
3736.7847	2.031e3
3737.3083	3.701e3
3737.8914	2.837e2
3738.2537	1.472e3
3738.6147	2.497e3
3739.2549	6.602e2
3739.5696	6.936e2
3740.0205	2.396e3
3740.6960	3.265e1
3741.0771	9.511e2
3741.8440	1.392e3
3742.3440	1.827e3
3742.6230	1.787e3
3743.1904	1.328e3
3743.5212	2.826e3
3743.7607	1.486e3
3744.0933	5.672e2
3744.4336	2.172e3
3744.9336	1.128e3
3745.3145	5.708e2
3745.7175	6.362e2
3746.3711	4.320e3
3746.8125	1.146e3
3747.2285	1.179e3
3747.5261	1.672e3
3748.0525	1.145e3
3748.5049	2.549e3
3748.8591	1.884e3
3749.2754	2.363e3
3749.7908	3.191e2
3750.2739	2.801e3
3750.7559	2.654e3
3751.1987	4.577e3
3751.7507	5.381e3
3752.0603	5.235e3
3753.4514	1.731e3
3753.7629	9.175e2
3754.3193	4.343e3
3754.8081	1.853e3
3755.5054	3.578e3
3756.1174	1.814e3
3756.8694	2.514e3
3757.1597	2.424e3
3757.6392	1.799e3
3758.3875	6.972e3
3759.0947	1.818e3
3759.6370	1.708e3
3760.0933	2.438e3
3760.4429	2.659e3
3760.8755	1.034e4
3761.3850	3.379e3
3761.7964	1.834e3
3762.2236	2.474e3
3762.7134	4.449e2
3763.5952	3.959e3
3764.2205	2.082e3
3764.5952	3.292e2
3764.9316	2.071e3
3765.2593	1.290e3
3765.8801	1.223e3
3766.2803	3.496e3
3766.8704	1.942e3
3767.2903	1.841e3
3767.8525	2.517e3
3768.8374	7.314e3
3769.3940	3.105e3
3769.6626	1.972e3
3770.2058	1.970e3
3770.8813	2.954e3
3771.1611	6.236e2
3771.4954	1.055e3
3771.7888	2.033e3
3772.0630	1.175e3
3772.4648	1.749e3
3773.0112	1.521e3
3773.5208	1.174e3
3773.9392	2.078e3
3774.2603	2.270e3
3774.6792	2.176e3
3774.9612	7.429e2
3775.3853	3.705e3
3776.0535	2.542e3
3776.8169	3.972e3
3777.7068	1.338e3
3778.2595	1.153e4
3778.7100	8.355e3
3779.0610	2.829e3
3779.5686	7.960e3
3780.1038	2.607e3
3780.3618	1.172e3
3780.9153	6.600e3
3781.8445	1.921e3
3782.2312	3.603e3
3782.7070	3.517e3
3783.1504	1.377e3
3783.5791	3.642e3
3784.2839	7.327e2
3784.6277	1.511e3
3785.2222	1.833e3
3785.5618	8.235e2
3786.0754	1.834e3
3786.5613	1.445e3
3787.1423	5.357e2
3787.8569	4.181e3
3788.3362	3.688e3
3788.8047	3.146e3
3789.2888	2.100e3
3790.2827	3.032e3
3790.9849	2.955e3
3791.5557	2.568e3
3791.8611	1.650e3
3792.2278	2.492e3
3792.5640	1.130e3
3792.9678	7.692e2
3793.5120	4.800e3
3794.2852	2.289e3
3794.9436	2.538e3
3795.6038	1.649e3
3796.2622	2.879e3
3796.9023	3.519e3
3797.3660	3.188e3
3798.1694	2.235e3
3798.5742	4.766e3
3799.0688	3.361e3
3799.5962	4.809e3
3799.8611	2.891e3
3800.4155	1.607e3
3800.9387	3.051e3
3801.6228	2.524e3
3802.1257	1.060e3
3802.4624	4.279e2
3802.7930	8.765e2
3803.3552	2.363e3
3804.2119	1.409e3
3804.9182	1.922e3
3805.5828	5.987e2
3806.2991	5.649e3
3806.8037	2.406e3
3807.2383	3.374e3
3807.6135	1.394e3
3807.9873	1.343e3
3808.4299	5.606e3
3808.8987	3.921e3
3809.2771	2.361e3
3809.5608	1.375e3
3810.2847	3.169e3
3810.6309	8.896e2
3811.0222	1.774e3
3811.5347	1.093e3
3811.7617	6.450e2
3812.2561	1.195e3
3812.6667	5.077e2
3813.0764	1.950e3
3813.6091	2.364e3
3814.4812	7.097e3
3814.9878	3.956e3
3815.5752	1.102e3
3815.9836	4.130e3
3816.4485	7.597e2
3816.8162	1.877e3
3817.2656	3.254e3
3817.7849	1.046e3
3818.4958	5.621e3
3818.7620	2.368e3
3819.1152	2.917e3
3819.5732	1.382e3
3819.8459	1.570e3
3820.3083	4.046e3
3820.9221	2.239e3
3821.2969	3.672e3
3821.7693	2.471e2
3822.3376	3.959e3
3823.2534	4.599e3
3823.5232	4.037e3
3823.8608	2.486e3
3824.2607	1.566e3
3824.8657	1.395e3
3825.2175	9.550e2
3826.0107	1.310e3
3826.3540	1.174e3
3826.7910	6.768e2
3827.2185	2.091e3
3827.6191	2.793e3
3828.5054	5.294e3
3829.1836	2.269e3
3830.2222	2.560e3
3830.6140	9.915e2
3830.8604	6.468e2
3831.2676	6.035e2
3831.5798	7.037e2
3831.8762	1.418e3
3832.4207	3.638e3
3832.7246	3.296e3
3833.4248	3.836e3
3833.8223	2.119e3
3834.3071	4.049e3
3834.7605	8.644e2
3835.3889	4.434e3
3835.8872	1.229e3
3836.2769	4.112e3
3836.9026	3.089e3
3837.3069	5.037e3
3837.8931	4.428e2
3838.3149	5.909e3
3838.7222	2.005e3
3839.2998	3.627e3
3839.6609	4.980e2
3840.2993	1.396e3
3840.6672	7.501e2
3841.0149	3.450e3
3841.3489	2.737e3
3841.9199	2.027e3
3842.4568	6.264e3
3843.0637	5.289e2
3843.5327	2.542e3
3844.0227	1.441e3
3844.3733	1.419e3
3844.7883	1.887e3
3845.3235	1.546e3
3845.6641	3.584e2
3846.2378	2.362e3
3846.5520	2.077e3
3847.2192	2.842e3
3847.8003	1.076e3
3848.3428	5.861e3
3848.6938	5.500e3
3849.2588	3.621e3
3849.7410	4.037e3
3850.3264	5.473e3
3850.6802	1.536e3
3850.9595	3.199e3
3851.3418	2.995e3
3851.6606	6.616e2
3851.9312	1.424e3
3852.3762	4.895e3
3852.9180	1.458e3
3853.3467	1.401e3
3853.8589	3.355e3
3854.3269	3.745e3
3854.7571	1.664e3
3855.3462	7.558e3
3855.7607	1.558e3
3856.4026	3.343e3
3856.7163	2.537e3
3857.3374	2.729e3
3857.9856	1.146e3
3858.3931	3.468e3
3858.9473	4.550e3
3859.3967	5.488e3
3859.7227	3.082e3
3860.2598	2.953e3
3860.8652	3.309e3
3861.3147	1.638e3
3862.3652	8.462e3
3862.8142	2.384e3
3863.3613	6.539e3
3863.7373	2.033e3
3864.3171	5.964e3
3864.6604	5.426e2
3865.3071	6.925e3
3865.8530	1.571e3
3866.3252	6.817e3
3866.9133	6.291e2
3867.3450	2.791e3
3867.5608	1.522e3
3868.3499	4.381e3
3868.7158	4.444e3
3869.1958	3.636e3
3869.5623	1.453e3
3870.0625	2.905e3
3870.5872	4.686e3
3870.9922	3.272e3
3871.5425	2.865e3
3871.9634	6.911e2
3872.4009	3.841e3
3872.9102	1.644e3
3873.3372	2.879e3
3873.7766	1.201e3
3874.2549	1.745e3
3874.4724	8.033e2
3874.7974	3.589e3
3875.0608	7.278e2
3875.3188	2.022e3
3876.2893	5.291e3
3876.8132	2.464e3
3877.3989	7.603e3
3877.9404	1.995e3
3878.3599	9.880e3
3878.8501	4.090e3
3879.3098	6.571e3
3880.3577	9.384e3
3880.9016	2.124e3
3881.3413	4.060e3
3881.6152	3.271e3
3882.2095	6.534e3
3883.3818	4.355e3
3883.7322	3.277e3
3884.3821	3.447e3
3885.0859	1.018e3
3885.6204	2.542e3
3886.0850	1.582e3
3886.4705	4.222e3
3886.8164	2.849e3
3887.4011	3.630e3
3888.0178	2.998e3
3888.3145	2.363e3
3888.7300	1.634e3
3889.2158	2.041e3
3889.8147	1.394e3
3890.3142	3.998e3
3890.8394	1.951e3
3891.4031	3.038e3
3891.7715	5.449e2
3892.4026	6.179e3
3892.9299	1.757e3
3893.3323	3.278e3
3894.3354	4.697e3
3894.7576	1.819e3
3895.4031	6.770e3
3896.3501	2.142e3
3896.8047	2.616e3
3897.2893	2.398e3
3897.8552	2.195e3
3898.3286	5.572e3
3898.6606	1.951e3
3899.2368	2.746e3
3899.6155	3.211e3
3900.1992	2.763e3
3900.9475	1.503e3
3901.2195	1.231e3
3901.7224	1.274e3
3902.2871	2.424e3
3902.7373	1.663e3
3903.4355	3.127e3
3903.6614	1.886e3
3904.3315	3.651e3
3904.8320	3.907e3
3905.3669	4.343e3
3905.8755	1.916e3
3906.3628	5.409e3
3906.8408	1.225e3
3907.3743	5.184e3
3908.1140	9.348e3
3908.3623	4.228e3
3908.8176	2.898e3
3909.3484	2.299e3
3909.8201	8.259e2
3910.4189	2.612e3
3910.6604	1.605e3
3911.3203	3.612e3
3911.7644	9.499e2
3912.2988	1.236e3
3912.7754	1.060e3
3913.3894	3.751e3
3914.0359	5.565e3
3914.5605	1.195e3
3915.3464	1.965e3
3915.6611	6.766e2
3916.0537	1.516e3
3916.3547	1.447e3
3916.7813	2.510e3
3917.3132	3.397e3
3918.2583	8.077e3
3918.5605	3.653e3
3919.4050	5.063e3
3919.8730	2.177e3
3920.3501	5.640e3
3920.9272	1.904e3
3921.3984	3.040e3
3921.8706	1.542e3
3922.4038	7.957e3
3922.9409	1.345e3
3923.3823	4.158e3
3923.9189	1.562e3
3924.3872	1.770e3
3924.9675	3.228e3
3925.4189	3.703e3
3925.9844	1.581e3
3926.3333	3.013e3
3926.6204	2.442e3
3926.9624	1.485e3
3927.3674	1.993e3
3928.0862	1.586e3
3928.5894	4.285e3
3928.8604	1.168e3
3929.2705	1.875e3
3929.6311	9.497e2
3929.9937	1.110e3
3930.2346	1.794e3
3930.8914	2.487e3
3931.3369	2.904e3
3931.9985	2.538e3
3932.3235	5.453e3
3933.0601	3.910e3
3933.3601	3.615e3
3933.7742	4.039e3
3934.3823	8.610e3
3934.9636	1.201e3
3935.3730	6.572e3
3935.9395	2.703e3
3936.3586	4.926e3
3936.8152	3.720e3
3937.3879	5.233e3
3937.8796	1.779e3
3938.4302	7.495e3
3939.3792	3.612e3
3939.7246	1.711e3
3940.0869	1.672e3
3940.4832	5.710e3
3940.9270	2.066e3
3941.2268	2.960e3
3941.5845	8.301e2
3941.9490	2.252e3
3942.3406	3.573e3
3942.7100	3.023e3
3943.3323	3.930e3
3943.7124	2.074e3
3944.3530	1.768e3
3944.7715	3.398e3
3945.3503	2.748e3
3946.3362	1.025e4
3947.4719	4.996e3
3947.8428	2.520e3
3948.3938	6.372e3
3948.6814	9.240e2
3948.9214	2.402e3
3949.3965	8.166e3
3949.9526	3.793e3
3950.3918	1.137e4
3950.7180	2.913e3
3951.3892	7.657e3
3951.7139	2.176e3
3952.4116	7.804e3
3953.3850	7.605e3
3953.8806	2.542e3
3954.3733	5.976e3
3954.9619	6.493e2
3955.3667	2.601e3
3955.9802	3.103e3
3956.3247	1.727e3
3956.7903	1.458e3
3957.3835	3.692e3
3958.2903	3.898e3
3958.5581	7.442e3
3959.4270	5.856e3
3960.3816	6.503e3
3960.8130	1.969e3
3961.3442	4.106e3
3961.7175	1.826e3
3962.3850	5.486e3
3962.9050	2.014e3
3963.4097	7.174e3
3964.3979	1.108e4
3964.8201	1.892e3
3965.4885	1.091e4
3966.4006	6.361e3
3966.9976	2.862e3
3967.3098	8.978e3
3968.0127	1.613e3
3968.5027	9.620e3
3969.0422	2.339e3
3969.4731	4.795e3
3970.0627	7.372e3
3970.3608	3.181e3
3970.9050	1.708e3
3971.3491	4.237e3
3971.7659	8.429e2
3972.3333	3.827e3
3972.7266	1.613e3
3973.3838	4.411e3
3973.8062	2.394e3
3974.3708	7.055e3
3974.7192	2.579e3
3975.3896	6.586e3
3975.6616	1.328e3
3975.9792	9.430e2
3976.3726	8.010e3
3976.6624	1.243e3
3976.9595	1.761e3
3977.3914	9.486e3
3977.9983	1.406e3
3978.3906	1.356e4
3978.9939	1.793e3
3979.3989	1.223e4
3979.8215	1.793e3
3980.3906	9.671e3
3980.8706	6.713e3
3981.3848	1.102e4
3982.2988	1.129e4
3982.8884	1.422e3
3983.3892	4.178e3
3983.6636	1.725e3
3983.9629	1.483e3
3984.3835	2.330e3
3984.9236	1.723e3
3985.4832	9.878e3
3986.3521	2.128e3
3986.6882	4.641e3
3987.3711	2.782e3
3988.3533	1.111e4
3988.7610	1.337e3
3989.0818	2.499e3
3989.4082	9.828e3
3989.8806	4.053e3
3990.3997	1.269e4
3990.8865	3.796e3
3991.4080	1.141e5
3991.8350	3.336e3
3992.4092	2.291e5
3992.8635	2.717e3
3993.4094	2.510e5
3993.9092	4.054e3
3994.4106	1.975e5
3994.9417	4.771e3
3995.4124	1.193e5
3995.9236	3.227e3
3996.4155	6.194e4
3996.9304	3.878e3
3997.4158	2.854e4
3997.9377	3.042e3
3998.4155	1.318e4
3998.8806	2.589e3
3999.3745	1.038e4
3999.9233	1.301e3
4000.3264	4.387e3
4000.6631	2.273e3
4000.9604	9.545e2
4001.3625	4.637e3
4002.3320	6.399e3
4002.8074	2.772e3
4003.4622	9.645e3
4003.7615	4.453e3
4004.3953	8.581e3
4004.8970	3.033e3
4005.4187	1.927e5
4005.8853	4.772e3
4006.4236	4.012e5
4006.8650	4.090e3
4007.4277	4.492e5
4007.9353	5.396e3
4008.4250	3.573e5
4008.9202	4.772e3
4009.4265	2.198e5
4009.9890	4.796e3
4010.4314	1.127e5
4010.9229	3.632e3
4011.4297	4.932e4
4012.0044	4.151e3
4012.4363	2.199e4
4013.0142	3.363e3
4013.4202	1.232e4
4013.9329	5.891e3
4014.3875	9.771e3
4014.7625	3.097e3
4015.3713	7.538e3
4015.7852	7.812e2
4016.3596	9.188e3
4016.7620	2.228e3
4017.4045	7.609e3
4018.4065	7.573e3
4018.9407	3.897e3
4019.3972	1.135e4
4019.9365	2.863e3
4020.4036	1.526e4
4020.9463	1.716e3
4021.4329	1.826e4
4021.7627	2.946e3
4022.4146	1.821e4
4022.7722	8.996e2
4023.3972	1.861e4
4023.9749	3.732e3
4024.4124	1.212e4
4024.8501	2.259e3
4025.3987	1.300e4
4026.0376	1.954e3
4026.4026	8.301e3
4026.7136	3.157e3
4027.4167	9.914e3
4027.9795	1.126e3
4028.4209	1.131e4
4028.9629	6.565e2
4029.3999	9.880e3
4029.8450	2.118e3
4030.4097	1.960e4
4031.3867	1.214e4
4031.7634	1.121e3
4032.3752	1.074e4
4032.9851	1.651e3
4033.3958	1.213e4
4033.8235	1.834e3
4034.4146	2.029e4
4035.4111	1.684e4
4035.8789	2.674e3
4036.4290	1.880e4
4037.0569	1.670e3
4037.4077	1.296e4
4038.4084	1.736e4
4038.9619	2.112e3
4039.4185	1.140e4
4039.7617	2.783e3
4040.4009	7.304e3
4041.3770	1.001e4
4041.9641	1.805e3
4042.3926	6.074e3
4042.6619	1.717e3
4042.9622	6.926e2
4043.4155	1.112e4
4044.3767	1.305e4
4044.9741	2.769e3
4045.3806	1.583e4
4045.8162	1.688e3
4046.3276	1.655e4
4046.6602	7.092e3
4047.3818	1.660e4
4048.4058	2.599e4
4048.9609	1.373e3
4049.4304	2.500e4
4049.9275	1.110e3
4050.4119	1.959e4
4051.3767	2.237e4
4051.8914	2.698e3
4052.4138	1.235e4
4052.9912	1.601e3
4053.3997	8.366e3
4053.9666	1.419e3
4054.3972	7.310e3
4055.3696	6.900e3
4055.8372	1.098e3
4056.3950	5.946e3
4056.9092	1.813e3
4057.3904	5.969e3
4057.9775	3.510e3
4058.3667	1.326e4
4058.9604	1.360e3
4059.3713	1.108e4
4059.6655	1.141e3
4059.9216	1.653e3
4060.3525	1.344e4
4060.8604	1.281e3
4061.3662	1.350e4
4061.7300	1.784e3
4062.3896	1.784e4
4062.9438	1.958e3
4063.4570	2.348e4
4064.4114	2.230e4
4065.4131	1.625e4
4065.9021	4.590e3
4066.4453	1.755e4
4067.4480	1.458e4
4068.3574	2.042e4
4069.0156	5.176e3
4069.4080	9.255e3
4069.8220	9.540e2
4070.4338	1.467e4
4070.9844	2.799e3
4071.3965	8.360e3
4071.8347	1.591e3
4072.3979	1.329e4
4072.9805	1.645e3
4073.3877	8.843e3
4073.7622	2.087e3
4074.4028	7.378e3
4074.8447	2.839e3
4075.3936	7.038e3
4075.9355	2.154e3
4076.4346	1.191e4
4077.4265	1.275e4
4077.9612	8.439e2
4078.4446	1.569e4
4078.7908	1.450e3
4079.4155	1.746e4
4080.3589	1.987e4
4081.4075	9.529e3
4081.9141	1.909e3
4082.3879	7.474e3
4082.7603	7.276e2
4083.4021	7.784e3
4083.6604	3.239e3
4084.3762	7.350e3
4084.9714	1.847e3
4085.4094	7.269e3
4086.3564	9.171e3
4086.9126	3.194e3
4087.4058	7.968e3
4087.7644	1.115e3
4088.4077	1.206e4
4088.9731	1.170e3
4089.3833	1.155e4
4089.9824	2.188e3
4090.3999	1.915e4
4090.8628	1.777e3
4091.3967	1.543e4
4091.8240	2.031e3
4092.3923	1.549e4
4093.3708	1.888e4
4093.9194	3.460e3
4094.4053	1.562e4
4094.9211	1.622e3
4095.3838	9.299e3
4095.8818	2.555e3
4096.3833	8.954e3
4096.8584	1.673e3
4097.3877	9.154e3
4098.3711	9.537e3
4099.3794	5.487e3
4099.8174	1.132e3
4100.3677	5.500e3
4101.0918	2.191e3
4101.4458	7.607e3
4101.9214	2.053e3
4102.4165	1.088e4
4102.8179	3.032e3
4103.4482	2.392e4
4103.9414	2.048e3
4104.3984	2.505e4
4104.9468	9.375e2
4105.4019	2.687e4
4105.9155	1.062e3
4106.4082	2.868e4
4107.3975	2.134e4
4107.9321	2.310e3
4108.3945	2.077e4
4109.3950	1.108e4
4109.9966	9.065e2
4110.3892	8.440e3
4110.9399	2.261e3
4111.3667	7.906e3
4111.8203	2.250e3
4112.4214	7.654e3
4112.9360	2.596e3
4113.3760	6.696e3
4113.8745	2.996e3
4114.3838	6.422e3
4114.8120	1.239e3
4115.4053	6.789e3
4116.4204	7.357e3
4116.9429	1.493e3
4117.4712	6.937e3
4118.4468	1.141e4
4119.0791	2.307e3
4119.4106	5.697e3
4119.9800	1.338e3
4120.4453	8.431e3
4121.4263	8.907e3
4122.4233	7.917e3
4122.9580	8.701e2
4123.3970	7.603e3
4123.8223	2.618e3
4124.3857	4.511e3
4124.6626	1.906e3
4125.3550	5.502e3
4125.9575	1.361e3
4126.3901	6.486e3
4126.6611	2.410e3
4127.3574	8.362e3
4127.8599	1.769e3
4128.3872	1.387e4
4128.9136	5.890e3
4129.3994	1.897e4
4130.4429	1.401e4
4130.9980	1.307e3
4131.4175	1.051e4
4132.0723	3.231e3
4132.3882	7.484e3
4133.4536	1.170e4
4134.3706	8.969e3
4134.6621	2.586e3
4134.9604	9.447e2
4135.4097	1.133e4
4136.4487	8.149e3
4136.9131	1.129e3
4137.3940	5.855e3
4137.9932	2.320e3
4138.4238	1.003e4
4138.7632	4.151e3
4139.3774	6.259e3
4139.8164	1.498e3
4140.3687	5.844e3
4141.3516	6.871e3
4141.9648	1.615e3
4142.3662	1.358e4
4143.3628	1.332e4
4143.7622	1.577e3
4144.3530	1.297e4
4145.3442	1.369e4
4145.7607	9.474e2
4146.3726	1.000e4
4146.8882	5.792e2
4147.4019	1.204e4
4148.4053	1.365e4
4148.8135	2.508e3
4149.3906	8.800e3
4150.0771	4.160e3
4150.3804	1.131e4
4151.4644	1.027e4
4151.9512	8.322e2
4152.3989	4.710e3
4153.1968	1.111e4
4154.3516	3.787e3
4154.6235	2.875e3
4155.3257	4.183e3
4155.6943	6.094e2
4156.3066	9.829e3
4156.8921	2.225e3
4157.3994	9.811e3
4158.3604	1.408e4
4158.8340	6.156e3
4159.3354	1.041e4
4159.9678	2.992e3
4160.3853	1.093e4
4160.9248	1.229e3
4161.4023	8.555e3
4161.9873	1.932e3
4162.4453	1.060e4
4163.4556	9.041e3
4164.4258	6.812e3
4165.4741	7.875e3
4166.3721	6.905e3
4166.8506	1.880e3
4167.4106	7.278e3
4168.3472	7.234e3
4168.6621	2.347e3
4169.3550	7.670e3
4169.8940	1.359e3
4170.3726	8.514e3
4171.3638	6.899e3
4171.7617	1.316e3
4172.4146	8.160e3
4173.4043	8.577e3
4173.9966	2.464e3
4174.4023	8.598e3
4175.3848	8.865e3
4175.7607	1.038e3
4176.3599	4.600e3
4176.8560	1.511e3
4177.3877	6.294e3
4178.4575	1.218e4
4179.2393	7.289e3
4180.3130	8.164e3
4180.9517	1.246e3
4181.3672	5.019e3
4182.3052	4.959e3
4182.5601	2.911e3
4183.3647	7.756e3
4183.8340	2.758e3
4184.3535	5.960e3
4184.8662	1.291e3
4185.3340	5.191e3
4185.9438	2.019e3
4186.3584	6.737e3
4186.8760	5.510e2
4187.3545	5.463e3
4188.3247	5.444e3
4188.6621	1.812e3
4189.2944	7.688e3
4189.7612	5.086e2
4190.2798	7.471e3
4190.8257	1.490e3
4191.3579	5.882e3
4192.2998	1.261e4
4192.9673	2.239e3
4193.3784	8.413e3
4194.3076	5.730e3
4195.3232	4.618e3
4195.6616	8.277e2
4196.3638	3.576e3
4196.9053	1.412e3
4197.2949	3.249e3
4197.8652	9.604e2
4198.3564	6.372e3
4198.7622	1.408e3
4199.3350	4.261e3
4199.7856	4.237e3
4200.4365	3.818e3
4200.8174	1.999e3
4201.4331	5.773e3
4201.8599	1.636e3
4202.3677	7.762e3
4202.9893	1.063e3
4203.3457	5.331e3
4203.8774	1.650e3
4204.3867	5.230e3
4204.9316	1.761e3
4205.3760	6.062e3
4205.8623	1.229e3
4206.3638	6.748e3
4207.3545	5.405e3
4207.9272	2.086e3
4208.3867	5.268e3
4209.3140	5.317e3
4210.3237	7.018e3
4210.8950	3.900e3
4211.2861	4.167e3
4211.7119	4.476e3
4212.3198	4.915e3
4212.8096	1.279e3
4213.3501	6.053e3
4214.2705	1.145e4
4215.2969	3.659e3
4216.4146	6.364e3
4216.8613	8.337e2
4217.2998	1.323e3
4217.6621	6.569e2
4218.2827	3.782e3
4218.6870	2.746e3
4219.3486	5.208e3
4219.6611	2.158e3
4220.2827	3.220e3
4220.8828	2.303e2
4221.2974	2.616e3
4222.2314	8.871e3
4222.6602	4.487e3
4223.2627	3.005e3
4223.6201	5.326e3
4224.3545	6.016e3
4224.9741	1.508e3
4225.3271	4.418e3
4226.3779	9.188e3
4227.3384	6.087e3
4227.9995	3.189e3
4228.3599	9.207e3
4228.9287	2.071e3
4229.3960	6.356e3
4230.3237	7.075e3
4231.2964	3.978e3
4231.7886	2.077e2
4232.3574	3.797e3
4233.3159	6.126e3
4233.7153	2.446e3
4234.2983	6.904e3
4235.3672	4.114e3
4236.3237	3.515e3
4237.3447	3.322e3
4237.6724	3.321e3
4238.4609	9.813e3
4239.2915	6.179e3
4240.2432	8.736e3
4240.7300	2.015e3
4241.4038	6.366e3
4242.3335	7.357e3
4243.3477	5.648e3
4244.3232	6.342e3
4245.3218	3.477e3
4245.9819	2.344e3
4246.3584	7.383e3
4246.8608	1.348e3
4247.4058	7.912e3
4248.3213	8.365e3
4249.0713	7.606e3
4249.3623	3.881e3
4250.4541	8.382e3
4250.7910	3.757e2
4251.2100	5.089e3
4251.9658	2.172e3
4252.2959	4.202e3
4252.8618	5.641e2
4253.1997	1.473e3
4253.4858	4.523e3
4254.3545	6.389e3
4254.9395	2.660e3
4255.3691	6.922e3
4256.3901	5.602e3
4257.3633	5.420e3
4258.2476	8.920e3
4258.6611	1.831e3
4259.4858	8.873e3
4260.3320	2.459e3
4260.5625	2.358e3
4261.1978	4.547e3
4261.9570	8.925e2
4262.2715	2.943e3
4262.5635	2.426e3
4263.3076	3.702e3
4264.3228	6.448e3
4265.2905	4.493e3
4266.4116	7.509e3
4267.3682	3.532e3
4268.1855	3.781e3
4268.5176	5.113e3
4269.3291	4.679e3
4270.0376	4.416e3
4270.3730	6.084e3
4270.8213	2.782e3
4271.4282	8.418e3
4271.8882	5.851e2
4272.4155	5.543e3
4273.2241	7.699e3
4274.0454	2.192e3
4274.3887	3.116e3
4274.7603	5.432e2
4275.3584	2.650e3
4276.2729	4.441e3
4277.2329	3.766e3
4277.7188	1.879e3
4278.3442	6.322e3
4279.2505	7.047e3
4280.3018	3.433e3
4280.7314	1.534e3
4281.2412	3.630e3
4282.3545	7.326e3
4282.8511	5.586e3
4283.3169	5.698e3
4283.8848	5.317e2
4284.3169	2.572e3
4284.7900	9.575e2
4285.2930	2.914e3
4285.6304	1.048e3
4286.3218	4.064e3
4287.3208	1.892e3
4288.1362	6.136e3
4288.5381	4.579e3
4288.9521	2.225e3
4289.2969	5.162e3
4290.2749	3.133e3
4290.6753	2.144e3
4291.3955	2.787e3
4292.3022	5.457e3
4293.2881	5.026e3
4293.8379	1.766e3
4294.2856	5.403e3
4294.6582	2.404e3
4295.3164	5.447e3
4295.8687	1.094e3
4296.2700	4.571e3
4297.2095	3.441e3
4297.8550	6.540e2
4298.3994	4.830e3
4299.2285	3.211e3
4299.5610	1.285e3
4300.2520	6.229e3
4300.8608	2.972e2
4301.3022	4.032e3
4302.2500	3.603e3
4302.5596	3.205e3
4303.1460	3.059e3
4303.4180	3.282e3
4304.2266	2.515e3
4304.5244	1.832e3
4305.2324	3.063e3
4305.9482	1.663e3
4306.2964	1.835e3
4306.5156	2.948e3
4307.3330	3.989e3
4307.8989	5.156e2
4308.3286	3.934e3
4308.7612	8.375e2
4309.2725	3.540e3
4309.7354	3.594e3
4310.4678	8.644e3
4311.0571	6.803e3
4312.3936	6.192e3
4313.1621	4.811e3
4313.7607	3.787e2
4314.2041	2.995e3
4314.6274	3.710e3
4315.2725	1.726e3
4316.2773	4.928e3
4317.3052	4.057e3
4317.7217	1.826e3
4318.2998	3.688e3
4318.6250	2.866e3
4319.1592	3.655e3
4319.5615	1.022e3
4320.2593	2.864e3
4320.7007	1.549e3
4321.3149	5.092e3
4321.8413	2.643e3
4322.3511	4.127e3
4322.8442	1.384e3
4323.1724	1.743e3
4323.4619	2.280e3
4324.2188	3.990e3
4324.5620	1.050e3
4325.3340	1.955e3
4325.6567	1.656e3
4326.3247	3.953e3
4326.9307	1.704e3
4327.3101	2.300e3
4327.6401	1.783e3
4328.2832	3.806e3
4328.7891	3.400e3
4329.3018	3.117e3
4330.3281	5.393e3
4331.2080	3.467e3
4331.9922	1.982e3
4332.4087	4.633e3
4332.9268	2.303e3
4333.3530	2.741e3
4333.5605	1.705e3
4334.1299	2.628e3
4334.4375	2.056e3
4334.9956	2.330e3
4335.4619	1.179e3
4335.8901	9.192e2
4336.2158	2.203e3
4336.6372	1.018e3
4337.2744	4.480e3
4338.3188	8.176e3
4339.0815	3.335e3
4339.6187	1.001e3
4340.2837	4.224e3
4341.2485	2.471e3
4342.2144	2.867e3
4342.4624	9.595e2
4342.9653	2.722e3
4343.5630	6.143e3
4344.3384	3.084e3
4345.2461	4.108e3
4345.5713	7.679e2
4345.9292	3.099e3
4346.2261	3.712e3
4346.8242	1.599e3
4347.2129	2.187e3
4347.7231	3.093e3
4348.3652	5.897e3
4348.7612	1.507e3
4349.2920	4.159e3
4350.2183	2.856e3
4350.8198	1.623e3
4351.3506	2.329e3
4351.8193	7.294e2
4352.2813	1.956e3
4353.2163	3.363e3
4354.2852	5.836e3
4354.8052	5.770e3
4355.2969	2.193e3
4355.7163	1.123e3
4356.2910	3.473e3
4357.2271	1.090e3
4357.4604	4.300e2
4358.0532	2.464e3
4358.4438	4.730e3
4358.8188	5.127e3
4359.2207	1.597e3
4359.4604	1.129e3
4360.1206	4.453e3
4360.5625	7.938e2
4361.2393	3.442e3
4362.1963	2.529e3
4362.8467	1.206e3
4363.2930	3.582e3
4364.2847	3.667e3
4364.6372	1.273e3
4365.1230	1.865e3
4365.5239	2.237e3
4366.2607	6.913e3
4366.8267	8.963e2
4367.2710	1.707e3
4367.6299	3.543e3
4368.1914	4.104e3
4368.6382	2.282e3
4368.8608	1.436e3
4369.1611	1.027e3
4369.5186	1.623e3
4369.9980	2.612e3
4370.2993	1.244e3
4370.5933	3.300e3
4371.1147	1.626e3
4371.4614	6.083e2
4372.2900	4.033e3
4372.8135	6.246e2
4373.3159	2.326e3
4373.6563	1.456e3
4374.2227	3.511e3
4374.5610	1.198e3
4375.2217	1.854e3
4376.2222	1.596e3
4376.5610	5.746e2
4377.1069	1.754e3
4377.6597	7.452e2
4378.2495	4.672e3
4378.6328	1.663e3
4379.4727	4.103e3
4379.7632	6.209e2
4380.3047	2.296e3
4380.8662	1.889e3
4381.2871	2.528e3
4381.7168	2.304e3
4382.2349	4.061e3
4382.5610	1.846e3
4383.2290	2.096e3
4384.2378	4.467e3
4385.3086	1.356e3
4386.2573	1.626e3
4387.2983	2.877e3
4387.7646	6.584e2
4388.2393	1.533e3
4388.4629	1.098e3
4389.1963	1.082e3
4389.5479	6.067e2
4390.1592	2.764e3
4390.5718	4.890e3
4391.1309	2.546e3
4391.5356	1.539e3
4392.2520	1.920e3
4393.2998	3.290e3
4394.3423	3.302e3
4395.2002	1.882e3
4395.8818	5.178e2
4396.2690	2.210e3
4396.5605	6.890e2
4396.8940	1.507e3
4397.2383	1.224e3
4397.6431	7.560e2
4398.1802	3.090e3
4398.6216	3.233e3
4399.1851	3.514e3
4399.6919	2.690e3
4400.2612	2.432e3
4401.1875	2.931e3
4401.7397	1.630e3
4402.1899	4.165e3
4402.5942	2.658e3
4403.4507	5.256e3
4404.3140	2.377e3
4404.8857	1.105e2
4405.3384	8.506e2
4405.9224	1.798e3
4406.4814	8.117e2
4406.8916	5.404e2
4407.5249	3.153e3
4408.2515	3.682e3
4408.5615	1.015e3
4409.1582	5.959e3
4409.6187	8.734e2
4410.2271	2.115e3
4410.6167	1.553e3
4411.2734	1.192e3
4412.1699	1.783e3
4412.7295	1.643e2
4413.2949	2.475e3
4414.1299	3.246e3
4414.8560	4.175e2
4415.2739	1.273e3
4415.7207	3.477e2
4416.1074	2.844e2
4416.6909	1.072e3
4417.2915	1.129e3
4417.6191	9.145e2
4418.4146	4.752e3
4419.1694	7.943e2
4419.5337	2.275e3
4420.0444	1.316e3
4420.4229	4.292e3
4420.9165	1.093e3
4421.1689	9.592e2
4421.5405	1.063e3
4421.9595	1.781e3
4422.3125	2.038e3
4422.6274	1.455e3
4423.1406	5.276e3
4424.3613	1.759e3
4425.2554	1.448e3
4426.0254	9.782e2
4426.2622	5.167e2
4426.8047	4.023e3
4427.8472	1.584e3
4428.3906	6.045e3
4429.3130	2.594e3
4429.8550	2.263e3
4430.3096	5.017e3
4430.9888	5.945e3
4431.5967	4.238e3
4432.0381	1.717e3
4432.4858	1.851e3
4433.1826	2.330e3
4433.7773	2.562e3
4434.1611	5.900e2
4434.9043	3.302e3
4435.9604	1.561e3
4436.2681	1.694e3
4437.1514	4.896e3
4438.2026	2.648e3
4438.7188	9.682e2
4439.3696	2.824e3
4440.1499	1.579e3
4440.4634	6.340e2
4440.8540	5.257e2
4441.1304	4.782e2
4441.4854	6.800e2
4442.1777	2.759e3
4442.5679	1.973e3
4442.9131	4.702e3
4443.7974	7.418e2
4444.3315	3.334e3
4444.9033	1.119e3
4445.2788	1.311e3
4445.7510	9.248e2
4446.3555	3.994e3
4447.1157	1.429e3
4447.4219	1.129e3
4448.2222	1.072e3
4449.2852	1.066e3
4449.6997	1.031e3
4450.1074	1.336e3
4450.5063	2.343e3
4451.4746	2.139e3
4452.2788	9.263e2
4452.9863	8.309e3
4453.8081	6.979e3
4454.3784	2.164e3
4454.6924	8.868e2
4454.9272	2.568e3
4455.3179	1.988e2
4456.0835	3.224e3
4456.6221	6.166e2
4457.1948	3.470e3
4457.5977	1.631e3
4458.2114	1.955e3
4458.8130	2.878e3
4459.3115	2.024e3
4460.1455	1.549e3
4461.0366	2.206e3
4461.8286	1.133e3
4462.2305	2.337e3
4462.5244	1.676e3
4463.2114	1.397e3
4463.5435	1.253e3
4464.1934	3.352e3
4464.7173	8.845e2
4465.2275	1.484e3
4465.7363	1.678e2
4466.1885	6.501e2
4466.4189	8.210e2
4467.0430	2.155e3
4467.7979	5.870e2
4468.2466	6.036e3
4468.8188	1.144e3
4469.4565	9.803e2
4469.6616	5.328e2
4470.1865	5.748e2
4470.6890	1.504e3
4471.1890	2.816e3
4471.5405	3.102e3
4472.1274	1.574e3
4473.1699	3.030e3
4474.1973	1.037e3
4474.5142	2.798e3
4474.9165	1.435e3
4475.2104	9.604e2
4475.7139	5.520e2
4476.0854	7.546e2
4477.2480	9.560e2
4477.5405	6.552e2
4478.0234	4.684e3
4478.8203	5.476e3
4479.1631	1.346e3
4479.7124	3.376e2
4480.1299	1.829e3
4480.4946	1.209e3
4480.7607	1.040e3
4481.1572	1.302e3
4481.7334	5.120e3
4482.6538	3.985e3
4483.1953	1.333e3
4484.2720	8.390e2
4484.8101	1.188e3
4485.2319	1.456e3
4486.1997	7.261e3
4486.6606	6.199e2
4487.0303	7.128e2
4487.6997	7.061e2
4488.1377	9.718e2
4488.4736	8.946e2
4488.8218	2.002e3
4489.1143	1.675e3
4489.5342	1.082e3
4489.9897	2.071e3
4490.4160	1.522e3
4490.7881	1.761e3
4491.3955	1.388e3
4492.1440	2.852e3
4492.6978	1.648e3
4493.2275	2.130e3
4493.6895	2.302e2
4494.4829	2.411e3
4494.8721	3.423e2
4495.2432	8.834e2
4496.1714	4.074e2
4496.6914	5.019e2
4497.1313	1.216e3
4497.7959	2.898e3
4498.2217	3.203e3
4498.4609	1.049e3
4498.8301	2.517e3
4499.2622	9.226e2
