3500.1702	3.575e2
3500.5654	1.062e2
3500.9421	4.530e2
3501.5564	1.065e3
3501.9080	1.883e3
3502.2854	1.301e3
3502.7566	2.393e3
3503.2302	1.489e3
3503.4624	9.054e2
3504.2869	9.845e2
3504.7363	2.171e2
3505.1438	6.707e2
3505.6345	9.888e2
3506.0305	2.341e3
3506.4951	6.032e2
3506.8982	9.338e2
3507.1628	1.200e2
3507.8154	4.228e2
3508.2156	1.582e3
3508.7380	2.886e3
3509.0630	1.243e3
3509.6792	2.179e3
3510.2666	2.524e3
3510.8977	5.797e3
3511.4900	1.240e3
3512.0591	1.166e3
3512.4375	2.176e3
3513.2739	2.352e3
3513.8157	1.140e3
3514.4285	1.642e3
3514.6633	7.962e2
3514.9641	4.547e2
3515.2646	4.449e2
3515.8760	6.867e2
3516.3765	6.353e1
3516.7400	1.960e2
3517.0732	2.861e2
3517.4104	8.514e2
3517.6606	2.641e2
3518.1516	1.238e3
3518.4290	1.284e3
3518.9006	2.510e3
3519.2212	1.085e3
3519.7380	2.498e3
3520.3291	2.835e3
3520.6602	8.944e2
3521.1606	5.000e2
3521.5540	2.160e3
3522.1948	2.344e3
3522.6331	1.390e3
3523.0928	1.069e3
3523.3613	9.845e2
3523.8533	3.950e2
3524.3137	9.736e2
3524.7393	2.910e2
3525.2085	1.106e3
3525.6880	7.717e2
3526.1506	9.329e2
3526.5608	1.590e3
3527.0100	1.882e3
3527.7251	4.450e2
3528.3997	1.702e3
3528.7637	1.094e3
3529.1982	9.219e2
3529.6917	2.014e3
3530.1621	4.307e3
3530.6223	1.481e3
3530.9988	1.984e3
3531.8848	7.962e2
3532.2786	5.015e2
3533.0867	9.083e2
3533.7029	1.241e3
3534.0720	2.873e2
3534.4192	1.177e3
3534.7634	4.072e2
3535.3528	2.460e3
3535.8308	1.699e3
3537.1646	1.584e3
3537.5425	2.176e2
3538.0205	1.051e3
3538.4387	1.406e3
3538.7324	1.406e3
3539.1841	3.717e3
3539.6829	1.172e3
3539.9919	4.557e2
3540.3982	2.590e3
3540.8584	1.916e3
3541.7754	7.347e2
3542.0378	1.370e3
3542.8381	3.838e3
3543.3345	1.648e3
3543.7166	2.373e2
3544.1536	4.966e2
3544.5120	8.110e2
3544.8926	3.089e1
3545.3037	1.153e3
3545.7832	4.480e2
3546.1252	8.841e2
3546.6582	8.230e2
3546.9382	8.904e2
3547.5967	1.128e3
3547.9751	6.464e2
3548.2131	9.047e2
3548.8206	3.065e3
3549.1611	1.053e3
3549.7041	8.842e2
3550.1829	6.247e2
3551.1392	1.819e3
3552.0701	8.048e2
3552.7585	1.061e3
3553.3508	1.050e3
3553.7085	2.094e3
3554.2000	1.359e3
3554.5183	8.444e2
3555.2566	9.005e2
3556.2217	1.396e3
3556.8083	9.472e2
3557.2627	2.398e2
3557.7720	6.944e1
3558.4990	8.230e3
3558.9524	1.221e3
3559.3765	1.688e3
3559.7993	3.609e3
3560.2314	9.205e2
3560.7905	1.503e3
3561.0505	3.719e3
3561.6199	8.999e2
3562.2207	4.013e3
3562.8093	2.118e3
3563.0659	6.800e2
3563.4358	2.310e3
3563.9802	4.016e3
3564.2671	1.099e3
3564.5630	3.993e2
3564.8621	1.362e3
3565.2129	2.332e3
3566.0771	9.079e2
3566.5811	7.958e2
3566.9583	2.370e3
3567.7429	1.383e3
3568.1780	9.204e2
3568.5002	1.758e3
3568.9800	4.435e3
3569.6619	1.752e2
3570.3672	1.641e3
3570.6614	7.454e2
3571.2622	1.064e3
3571.7783	1.887e3
3572.8674	8.794e2
3573.3354	2.794e2
3573.7778	1.142e3
3574.1189	6.738e2
3574.6824	1.740e3
3575.1360	1.405e3
3575.4893	2.107e3
3575.8650	1.210e3
3576.4048	1.822e3
3576.8921	1.547e3
3577.2292	4.658e2
3577.6729	1.661e2
3578.2112	2.439e3
3579.0708	1.341e3
3579.7327	9.890e2
3580.3621	3.519e3
3580.9172	2.631e3
3581.4219	1.441e3
3581.9487	1.378e3
3582.6616	1.624e3
3583.3613	2.735e3
3583.7900	1.599e3
3584.0996	4.549e3
3584.6545	8.850e2
3585.2256	5.183e2
3586.1167	3.118e3
3586.8289	1.798e3
3587.1606	7.863e2
3587.9304	8.334e2
3588.2141	5.331e2
3588.6401	1.356e3
3588.9216	1.545e3
3589.3928	6.715e2
3589.6921	1.759e3
3590.1519	2.677e3
3590.5771	2.485e3
3590.8655	6.849e2
3591.4226	1.438e3
3591.7173	9.826e2
3592.1929	1.071e3
3592.7502	6.849e2
3593.1494	9.762e2
3593.6465	1.549e3
3594.2246	3.637e3
3594.5615	9.455e2
3595.6160	2.477e3
3596.0015	2.185e3
3596.8669	1.910e3
3597.8064	6.435e2
3598.2224	2.299e3
3598.6797	2.732e3
3599.1135	2.460e3
3599.4641	7.132e2
3599.9692	1.208e3
3600.4119	2.196e3
3600.8250	1.145e3
3601.2834	1.294e3
3601.7485	1.007e3
3602.1892	1.211e3
3602.4609	3.381e2
3602.8704	2.757e2
3603.3618	1.616e3
3603.7593	5.115e2
3604.0786	5.546e2
3604.3342	7.209e2
3604.7212	3.003e2
3605.0647	7.218e1
3605.7922	2.470e2
3606.0671	4.338e1
3606.7327	6.645e2
3607.3225	2.047e3
3608.1240	1.278e3
3608.8455	7.779e2
3609.3499	8.855e2
3609.7231	1.427e3
3610.2476	1.460e3
3610.6167	2.553e3
3611.0313	1.210e3
3611.3652	4.292e2
3611.7849	5.909e2
3612.1873	5.306e3
3612.8533	8.429e2
3613.2427	6.750e2
3613.8030	2.485e3
3614.2004	5.444e3
3615.0203	2.096e3
3615.2610	9.660e2
3616.1201	3.792e3
3616.5603	1.846e3
3617.3032	1.386e3
3617.7654	1.561e3
3618.2764	7.679e2
3618.6411	2.276e3
3618.9612	8.688e2
3619.4543	1.093e3
3620.1287	3.284e3
3620.9663	6.200e2
3621.5200	1.848e3
3622.2639	1.904e3
3622.6697	1.361e3
3623.0942	7.267e2
3623.4014	1.565e3
3623.6621	5.443e2
3623.9839	7.178e2
3624.2625	1.121e3
3624.5159	2.425e3
3625.2866	1.896e3
3625.5603	4.398e2
3625.8931	2.249e2
3626.2319	1.024e3
3626.8699	2.648e3
3627.2632	3.028e2
3627.6890	6.071e2
3627.9692	1.799e3
3628.6079	1.165e3
3629.2043	1.382e3
3629.9060	5.359e2
3630.5303	1.557e3
3630.9194	1.568e3
3631.6809	4.884e3
3632.9839	3.290e3
3633.6880	1.471e3
3634.2883	4.065e3
3634.7319	1.009e3
3635.1479	2.204e3
3635.5334	9.938e2
3636.2241	2.033e3
3636.8638	1.128e3
3637.3098	3.630e2
3638.1294	2.389e3
3638.7896	1.704e3
3639.5095	3.238e3
3639.9607	2.001e2
3640.2556	3.870e2
3640.7817	1.812e3
3641.0613	9.614e2
3641.7415	2.940e2
3642.2002	2.423e2
3642.7068	1.898e2
3643.5259	1.095e3
3643.7607	7.668e2
3644.2202	7.028e2
3644.6785	4.508e2
3645.3838	4.001e2
3645.6658	5.874e2
3646.0122	1.065e3
3646.4170	1.302e3
3646.7629	2.837e2
3647.2095	7.628e2
3647.8091	1.147e3
3648.3765	1.821e3
3648.8608	1.815e3
3649.3545	1.652e3
3649.9524	7.673e2
3650.3125	1.386e3
3650.7896	1.850e2
3651.2251	8.663e2
3651.6221	4.229e2
3652.3096	6.291e2
3652.7896	1.598e3
3653.1611	3.580e2
3653.4194	7.726e2
3654.4072	2.934e3
3654.7607	4.644e2
3655.1152	9.083e2
3655.5906	4.028e2
3655.9575	2.218e3
3657.1145	1.220e3
3657.6650	4.588e2
3658.4333	2.603e3
3658.8037	2.949e3
3659.4739	2.299e3
3659.9993	3.486e3
3660.2625	1.777e2
3660.8989	1.175e3
3661.2991	1.542e3
3661.7886	3.409e3
3662.1604	1.285e3
3662.6204	2.709e3
3663.0999	1.528e3
3663.4290	1.542e3
3663.9136	1.542e3
3664.2205	9.143e2
3664.7161	1.303e3
3665.1738	1.038e3
3665.7693	5.600e2
3666.2380	2.554e3
3666.5613	1.201e3
3667.1060	1.334e3
3667.6360	5.124e2
3668.3420	5.520e2
3669.0310	1.982e3
3669.4624	2.292e2
3670.2444	5.040e3
3670.5613	7.483e2
3670.9788	2.561e3
3671.6069	3.907e3
3672.1792	3.135e3
3672.5620	3.920e2
3672.9470	2.537e3
3673.3228	1.071e3
3673.6489	1.337e3
3674.2065	2.972e3
3674.9844	1.864e3
3675.5889	1.302e3
3676.2344	1.492e3
3677.0269	1.132e3
3677.5515	1.675e2
3678.2324	1.559e3
3678.6885	2.843e3
3679.2173	2.752e3
3679.6316	1.119e3
3680.2117	4.456e3
3680.8594	1.949e3
3681.4321	3.016e3
3681.7605	8.674e2
3682.1904	1.752e3
3682.5967	1.246e3
3682.8950	2.627e3
3683.1609	2.419e3
3684.0513	2.061e3
3684.9270	1.099e3
3685.4346	1.007e3
3685.8333	1.162e3
3686.1770	1.321e3
3686.7012	7.918e2
3687.0181	4.504e2
3687.6428	3.115e2
3688.0457	7.758e2
3688.4707	3.538e3
3688.9443	6.568e3
3689.7009	2.567e3
3690.2866	3.598e3
3690.6282	1.120e3
3691.0713	2.328e3
3691.5862	3.031e3
3692.2441	3.736e3
3692.8755	2.450e3
3693.2141	4.879e3
3694.2908	4.681e3
3694.6255	1.264e3
3695.2041	2.413e3
3696.1941	5.060e2
3696.6975	2.553e2
3697.4810	3.724e3
3698.1104	1.946e3
3698.5789	1.160e3
3699.0134	1.657e3
3699.5654	7.146e1
3699.9746	3.684e2
3700.2236	5.753e2
3700.7620	6.391e2
3701.3816	1.061e3
3701.8340	1.085e3
3702.1938	7.540e2
3702.5317	3.251e3
3703.2952	6.764e2
3703.5881	1.198e3
3704.0095	1.419e3
3705.0642	1.491e3
3705.8811	7.936e2
3706.3071	1.872e3
3706.6624	5.380e2
3707.1951	1.513e3
3707.6082	1.249e3
3708.1685	1.865e3
3708.8433	2.140e3
3709.1809	2.471e3
3709.7756	1.905e3
3710.3093	3.542e3
3710.5645	1.505e3
3711.0798	1.698e3
3711.6104	1.080e3
3712.0803	7.344e2
3712.4424	1.876e3
3712.9458	7.968e2
3713.3281	1.093e3
3713.6794	1.177e3
3714.1794	9.849e2
3714.5293	4.412e2
3714.9468	9.819e2
3715.3711	1.029e3
3715.8855	7.182e2
3716.1204	1.312e3
3716.9880	8.608e2
3717.3210	3.670e2
3718.3474	3.023e3
3719.3484	5.132e3
3719.9194	9.565e2
3720.6870	2.489e2
3721.0605	1.304e3
3721.7185	1.446e3
3722.2161	2.059e3
3722.5659	6.685e2
3722.8655	3.008e2
3723.3240	2.043e3
3724.2002	1.804e3
3725.0283	1.268e3
3725.8845	2.074e2
3726.2805	1.785e3
3726.5608	3.751e2
3726.8896	2.479e2
3727.1980	4.289e2
3727.6318	1.418e3
3728.2131	2.934e3
3728.9314	2.564e3
3729.5178	1.496e3
3730.3408	4.324e3
3731.1619	1.466e2
3731.5881	1.399e3
3732.3000	3.245e3
3733.2434	3.282e3
3734.2893	2.113e3
3734.7896	2.482e3
3735.5881	3.817e1
3735.9316	2.228e2
3736.4084	1.063e3
3736.7913	1.201e3
3737.2817	2.146e3
3737.8186	4.376e1
3738.3147	1.689e3
3738.5637	1.304e3
3739.2527	5.039e2
3739.8352	2.598e3
3740.6128	1.872e2
3741.1685	4.546e2
3741.4934	2.781e2
3741.8162	1.469e3
3742.3242	1.821e3
3742.6267	1.640e3
3743.2588	1.759e3
3743.5332	1.999e3
3743.8621	7.558e2
3744.2451	9.716e2
3744.7236	1.160e3
3745.0625	1.147e3
3746.3169	6.222e3
3747.2385	1.350e3
3747.7668	2.007e3
3748.4587	2.785e3
3748.9189	1.084e3
3749.3240	2.783e3
3750.2390	2.436e3
3750.9814	2.544e3
3751.5544	2.690e3
3751.8213	2.636e3
3752.2207	1.647e3
3752.4631	1.333e3
3752.9194	9.142e2
3753.3984	6.112e2
3753.7488	1.719e3
3754.3020	2.967e3
3754.8254	1.616e3
3755.1804	4.978e2
3755.5637	2.115e3
3756.2534	1.750e3
3756.9055	2.238e3
3757.5542	8.240e2
3757.7625	6.114e2
3758.3230	3.822e3
3758.8567	2.249e3
3759.1638	7.708e2
3759.7271	1.695e3
3760.2585	3.235e3
3760.9282	2.851e3
3761.3076	2.402e3
3761.7832	1.284e3
3762.1733	1.896e3
3762.7031	7.484e2
3763.4963	2.133e3
3764.2815	3.617e3
3764.8923	1.855e3
3765.2998	1.067e3
3766.1985	3.591e3
3766.7048	1.527e3
3767.2969	2.133e3
3767.7871	1.620e3
3768.2490	1.501e3
3768.8330	5.710e3
3769.3152	2.190e3
3769.6626	9.234e2
3770.2251	2.241e3
3770.6980	9.811e2
3771.6716	3.580e3
3772.0603	5.075e2
3772.4666	1.343e3
3773.0242	8.822e2
3773.4783	1.545e3
3774.0273	2.265e3
3774.3457	2.187e3
3774.6636	1.232e3
3774.9983	5.496e2
3775.4031	4.308e3
3775.8608	4.928e2
3776.2122	1.330e3
3776.8135	4.324e3
3777.6909	1.145e3
3778.2563	8.824e3
3778.7039	3.497e3
3779.0269	2.002e3
3779.5586	5.903e3
3780.1521	1.493e3
3780.9138	3.580e3
3781.1614	1.147e3
3781.8230	1.472e3
3782.2830	3.394e3
3782.8027	2.353e3
3783.5234	2.908e3
3784.3196	9.842e2
3784.6631	3.937e2
3785.3479	1.737e3
3785.5603	1.044e3
3786.1260	1.486e3
3786.6768	1.177e3
3787.1924	7.083e2
3787.5896	7.543e2
3787.9331	1.644e3
3788.3018	2.773e3
3788.8159	2.114e3
3789.4382	1.207e3
3789.6606	6.941e2
3790.4312	2.783e3
3790.9749	2.479e3
3791.6062	2.408e3
3791.9998	7.438e2
3792.3203	2.841e3
3793.0278	1.200e3
3793.4810	2.261e3
3793.9136	5.264e2
3794.2854	1.678e3
3794.6548	6.714e2
3794.9209	1.387e3
3795.2603	1.752e2
3795.6682	2.715e3
3795.9634	8.271e2
3796.3831	1.554e3
3796.9236	2.794e3
3797.4231	1.723e3
3797.6606	1.014e3
3798.2461	2.045e3
3798.5217	2.328e3
3799.0562	2.872e3
3799.5874	4.953e3
3799.9617	1.132e3
3800.3870	1.742e3
3800.9309	3.035e3
3801.5813	1.966e3
3802.2034	1.601e3
3802.6443	6.623e2
3803.4106	2.489e3
3804.2275	9.196e2
3805.0999	2.269e3
3806.1858	4.375e3
3806.6609	5.816e2
3807.2810	1.910e3
3807.6277	9.795e2
3808.2915	2.601e3
3808.5398	2.269e3
3808.9407	1.482e3
3809.3872	1.260e3
3810.3086	3.306e3
3810.9446	2.050e3
3811.7280	1.297e3
3812.3457	2.174e3
3813.0999	1.769e3
3813.5762	1.615e3
3813.8611	6.216e2
3814.5500	7.553e3
3815.1265	1.860e3
3815.5459	1.014e3
3815.9946	3.971e3
3816.3779	6.492e2
3816.8635	1.445e3
3817.2749	2.783e3
3817.7534	8.186e2
3818.4927	5.806e3
3819.2290	1.210e3
3819.6350	1.660e3
3819.8630	1.243e3
3820.2937	2.063e3
3820.9224	2.177e3
3821.2944	4.271e3
3822.3101	4.568e3
3823.3066	4.484e3
3823.7319	3.014e3
3824.2886	2.076e3
3824.8237	9.976e2
3825.2952	5.176e2
3825.5896	1.755e2
3825.9424	8.473e2
3826.3103	1.630e3
3826.7361	6.498e2
3827.1802	1.739e3
3827.5242	1.721e3
3828.0105	1.291e3
3828.5034	2.443e3
3829.0825	2.714e3
3830.1338	2.743e3
3831.0715	1.631e3
3831.5703	5.078e2
3831.8845	1.056e3
3832.4036	3.166e3
3832.8633	6.864e2
3833.2544	1.581e3
3833.5796	2.387e3
3834.2917	3.347e3
3834.8318	1.211e3
3835.4631	2.672e3
3835.9358	1.673e3
3836.2739	2.977e3
3836.9221	1.808e3
3837.3267	4.241e3
3838.3228	5.746e3
3838.7207	1.053e3
3839.2900	2.523e3
3839.5647	1.072e3
3840.1868	1.166e3
3840.9841	2.755e3
3841.4216	2.553e3
3841.9180	9.445e2
3842.4075	3.873e3
3842.8486	1.127e3
3843.2712	3.423e3
3843.9260	1.035e3
3844.3806	1.455e3
3844.8926	1.299e3
3845.4595	3.261e2
3845.9436	7.247e2
3846.4705	2.548e3
3847.3628	2.314e3
3847.9546	1.451e3
3848.3235	3.574e3
3848.7554	5.006e3
3849.3245	2.873e3
3849.7168	2.846e3
3850.3152	4.362e3
3850.9827	3.820e3
3851.3396	2.802e3
3851.8926	1.654e3
3852.3613	4.292e3
3853.1040	4.485e3
3853.8052	1.527e3
3854.3176	4.129e3
3854.6616	8.254e2
3855.3977	7.371e3
3856.3530	2.359e3
3856.5610	1.445e3
3856.9153	1.010e3
3857.3337	2.904e3
3857.9207	1.015e3
3858.3645	2.691e3
3858.8789	2.433e3
3859.3254	4.109e3
3859.7629	2.300e3
3860.3162	2.527e3
3860.8396	2.374e3
3861.3728	2.932e3
3862.3694	8.316e3
3863.3501	4.216e3
3863.6631	1.035e3
3863.9683	6.732e2
3864.3293	3.202e3
3864.7688	4.923e2
3865.3081	3.608e3
3865.8679	1.397e3
3866.3271	3.053e3
3866.7493	6.993e2
3867.3630	2.022e3
3867.6604	5.884e2
3867.9614	8.644e2
3868.6731	5.487e3
3868.9612	1.256e3
3869.4150	1.712e3
3870.0112	2.320e3
3870.5610	4.225e3
3871.0139	1.690e3
3871.5024	2.959e3
3872.3823	2.909e3
3872.9314	1.366e3
3873.3608	2.235e3
3873.8538	7.564e2
3874.7527	6.254e3
3875.2869	1.556e3
3875.7549	5.528e2
3876.3000	5.028e3
3876.8340	1.155e3
3877.4155	1.033e4
3878.3691	1.254e4
3878.9211	2.426e3
3879.3350	1.003e4
3879.9114	1.344e3
3880.3452	8.922e3
3880.8206	1.997e3
3881.3447	5.446e3
3881.8188	1.543e3
3882.3201	5.267e3
3883.2192	3.449e3
3883.7295	2.381e3
3884.3879	2.898e3
3884.9734	1.168e3
3885.7007	3.340e3
3886.3926	3.253e3
3886.7764	2.526e3
3887.3616	3.024e3
3888.0322	2.333e3
3888.3850	1.863e3
3888.8560	1.422e3
3889.2434	1.491e3
3889.5640	5.110e2
3890.2898	4.496e3
3890.7620	8.566e2
3891.5232	3.786e3
3892.3867	4.596e3
3893.2554	3.433e3
3894.3069	3.680e3
3894.8064	1.933e3
3895.3660	2.875e3
3895.8149	6.876e2
3896.0933	3.737e2
3896.4023	1.743e3
3896.8152	2.488e3
3897.2336	2.220e3
3897.9165	1.711e3
3898.3596	3.178e3
3898.6619	1.727e3
3899.2913	1.411e3
3899.5906	2.458e3
3900.0325	7.640e2
3900.4268	9.428e2
3900.9192	2.187e3
3901.3098	1.183e3
3901.8181	1.026e3
3902.2808	1.994e3
3902.7947	1.168e3
3903.3672	2.795e3
3904.0505	2.295e3
3904.3167	2.254e3
3904.8293	3.005e3
3905.3179	3.128e3
3905.9019	1.296e3
3906.3662	3.803e3
3906.7620	1.165e3
3906.9626	7.392e2
3907.3894	3.691e3
3908.1074	7.431e3
3908.3618	2.247e3
3908.8789	2.834e3
3909.2854	1.138e3
3909.5139	1.878e3
3910.3667	2.521e3
3910.6631	6.749e2
3911.2329	3.156e3
3911.6182	1.632e3
3912.3677	8.074e2
3913.3748	4.038e3
3914.0957	3.923e3
3914.5645	6.164e2
3914.9255	5.564e2
3915.4233	2.261e3
3915.7612	8.845e2
3916.2334	1.424e3
3916.4685	6.879e2
3916.7820	1.891e3
3917.3887	2.727e3
3918.2927	7.885e3
3919.4084	5.111e3
3919.8289	1.613e3
3920.3970	4.781e3
3920.8687	1.284e3
3921.3882	3.993e3
3922.3647	8.351e3
3923.3718	3.231e3
3923.6602	1.175e3
3923.9617	5.980e2
3924.3491	2.026e3
3924.9302	2.168e3
3925.5291	2.020e3
3925.9109	2.424e3
3926.2964	3.225e3
3927.0498	1.727e3
3927.3621	1.020e3
3927.9370	1.210e3
3928.2485	1.049e3
3928.6008	3.714e3
3929.2786	3.550e3
3930.3123	2.548e3
3930.8816	2.638e3
3931.3215	2.351e3
3931.7488	2.479e3
3932.2981	6.363e3
3932.9714	2.454e3
3933.3096	4.690e3
3933.7224	2.867e3
3934.3845	7.685e3
3935.3762	5.064e3
3935.9065	2.312e3
3936.3291	3.717e3
3936.8638	2.734e3
3937.3550	3.127e3
3937.8562	1.872e3
3938.4001	3.637e3
3938.6619	1.142e3
3939.3508	3.029e3
3939.7981	1.787e3
3940.4368	4.728e3
3940.7603	1.189e3
3941.2415	2.844e3
3941.9487	1.452e3
3942.3767	2.873e3
3942.7891	1.935e3
3943.3203	3.323e3
3943.7244	1.315e3
3944.2900	1.705e3
3944.7371	2.633e3
3945.3542	1.833e3
3946.2922	6.691e3
3946.8884	1.495e3
3947.4072	4.997e3
3947.9536	2.911e3
3948.3945	5.801e3
3948.9170	1.854e3
3949.3953	8.921e3
3949.9719	2.539e3
3950.3911	9.710e3
3950.6606	1.610e3
3951.3931	7.087e3
3951.7449	2.097e3
3952.4165	6.902e3
3953.3396	6.328e3
3953.9111	1.750e3
3954.4341	5.265e3
3954.9888	4.957e2
3955.3838	2.234e3
3956.0054	3.013e3
3956.3271	1.610e3
3956.7141	7.694e2
3957.3782	2.665e3
3957.6621	6.565e2
3958.3301	4.014e3
3958.6707	3.573e3
3959.4363	4.071e3
3960.3879	5.003e3
3960.9329	1.007e3
3961.4348	5.290e3
3962.3911	4.651e3
3962.8792	1.702e3
3963.4001	5.774e3
3963.7219	1.834e3
3964.3940	1.088e4
3964.8833	1.803e3
3965.4070	7.764e3
3965.8279	2.579e3
3966.4189	6.636e3
3967.2622	9.895e3
3967.8850	1.837e3
3968.5056	7.853e3
3969.0457	2.529e3
3969.3992	3.345e3
3969.9775	4.712e3
3970.3276	3.559e3
3970.9131	1.229e3
3971.3572	4.201e3
3971.8933	3.727e2
3972.3901	3.154e3
3972.6609	1.818e3
3973.4006	5.028e3
3974.3418	8.050e3
3974.9607	6.833e2
3975.4182	5.524e3
3976.3586	7.398e3
3977.0112	2.454e3
3977.3962	5.635e3
3977.9668	1.394e3
3978.3940	9.659e3
3979.3992	8.237e3
3979.7615	1.788e3
3980.3938	5.602e3
3981.3623	9.352e3
3982.2483	9.426e3
3982.9502	1.098e3
3983.4011	4.653e3
3983.9158	1.921e3
3984.3774	1.736e3
3985.3962	9.135e3
3986.3389	3.107e3
3986.6177	4.666e3
3987.3911	2.381e3
3988.3308	1.226e4
3989.4153	1.488e4
3989.9734	1.012e3
3990.3953	1.276e4
3990.9292	3.276e3
3991.4033	3.691e4
3991.8293	2.158e3
3992.4063	6.546e4
3992.9143	1.638e3
3993.4053	6.421e4
3993.8406	3.319e3
3994.4094	5.304e4
3994.9604	9.292e2
3995.4143	3.298e4
3995.9084	2.859e3
3996.4119	1.742e4
3996.9412	2.693e3
3997.4097	8.921e3
3997.9180	1.819e3
3998.4023	7.208e3
3999.3755	7.184e3
4000.3809	3.519e3
4000.7302	2.710e3
4001.3909	4.501e3
4002.3704	7.920e3
4002.8987	2.985e3
4003.4302	7.674e3
4003.8247	4.157e3
4004.4031	8.760e3
4004.8220	3.572e3
4005.4221	2.935e5
4005.8357	5.433e3
4006.4263	5.938e5
4006.8647	4.997e3
4007.4285	6.596e5
4007.9133	6.359e3
4008.4272	5.317e5
4008.9253	7.933e3
4009.4316	3.136e5
4009.9216	5.455e3
4010.4338	1.663e5
4010.9189	4.095e3
4011.4380	7.261e4
4011.9722	3.383e3
4012.4395	2.666e4
4013.0259	3.605e3
4013.4189	1.376e4
4013.9214	3.967e3
4014.4282	7.582e3
4014.8162	2.577e3
4015.3860	4.306e3
4015.7524	1.131e3
4016.3008	5.849e3
4016.8579	2.774e3
4017.4060	5.944e3
4017.9626	1.349e3
4018.3984	7.463e3
4018.9155	3.704e3
4019.4128	1.243e4
4019.9915	3.437e3
4020.4111	1.745e4
4020.9060	2.086e3
4021.4436	2.214e4
4021.7632	1.464e3
4022.4250	2.075e4
4023.0457	2.439e3
4023.4116	1.735e4
4023.9824	3.470e3
4024.4221	1.261e4
4024.8948	1.564e3
4025.4197	1.155e4
4025.8889	1.551e3
4026.3989	8.329e3
4026.7610	1.360e3
4027.4126	8.986e3
4027.9631	7.907e2
4028.4094	8.634e3
4028.7627	1.444e3
4029.3975	9.140e3
4029.9668	1.706e3
4030.3962	1.257e4
4031.3979	8.208e3
4032.0740	2.616e3
4032.3860	5.209e3
4032.7959	6.691e2
4033.0647	2.010e3
4033.4026	8.921e3
4033.9299	1.567e3
4034.4143	1.656e4
4034.9270	1.005e3
4035.4175	1.469e4
4035.8176	2.793e3
4036.4453	1.443e4
4037.4141	1.269e4
4038.0066	1.972e3
4038.4070	1.553e4
4039.4067	1.092e4
4039.8916	2.458e3
4040.4004	9.151e3
4040.8560	1.527e3
4041.3945	7.522e3
4041.9146	1.862e3
4042.4031	8.561e3
4042.8611	1.065e3
4043.4136	1.333e4
4043.9634	1.318e3
4044.3804	1.625e4
4044.9788	2.294e3
4045.3816	1.777e4
4045.8623	1.220e3
4046.4465	2.252e4
4047.4038	1.608e4
4048.0774	3.711e3
4048.4194	2.125e4
4048.9175	1.547e3
4049.4375	2.331e4
4049.9124	1.461e3
4050.4272	1.827e4
4051.0649	4.679e3
4051.4238	1.324e4
4051.8472	2.325e3
4052.4263	9.373e3
4053.0396	1.792e3
4053.4158	5.590e3
4054.0359	2.340e3
4054.4136	4.414e3
4054.8181	1.530e3
4055.3809	3.974e3
4055.9009	1.137e3
4056.3779	3.174e3
4056.7625	1.410e3
4057.3782	4.750e3
4057.9504	2.126e3
4058.3499	8.920e3
4058.8323	2.722e3
4059.3655	1.246e4
4059.9116	1.846e3
4060.3589	1.653e4
4060.8628	1.088e3
4061.3696	1.640e4
4061.7620	1.971e3
4062.3945	1.797e4
4062.8887	1.720e3
4063.4397	2.460e4
4064.4297	1.843e4
4065.4209	1.631e4
4065.9126	4.022e3
4066.4399	1.575e4
4067.0906	1.259e3
4067.4324	9.090e3
4067.8967	1.201e3
4068.2151	1.068e4
4068.4634	5.223e3
4069.0007	3.293e3
4069.4316	8.142e3
4070.4629	1.074e4
4070.9307	2.854e3
4071.4045	4.886e3
4071.8430	1.461e3
4072.4009	8.550e3
4072.8638	1.263e3
4073.4053	6.553e3
4073.8376	1.793e3
4074.4004	5.485e3
4074.8171	1.366e3
4075.4119	6.600e3
4075.9702	1.670e3
4076.4287	9.850e3
4076.8215	1.127e3
4077.4500	1.359e4
4077.9541	1.665e3
4078.4451	1.908e4
4079.4370	2.026e4
4079.9341	1.071e3
4080.4270	1.592e4
4081.0981	1.782e3
4081.4094	9.349e3
4081.9038	1.917e3
4082.4019	8.600e3
4082.9922	9.826e2
4083.4011	5.859e3
4083.7297	3.631e3
4084.3997	4.946e3
4084.9216	1.576e3
4085.4026	6.855e3
4086.3831	8.368e3
4086.9150	2.042e3
4087.3958	9.306e3
4087.8625	9.061e2
4088.4236	1.079e4
4088.9216	2.026e3
4089.4028	9.365e3
4089.9800	3.076e3
4090.4094	1.046e4
4090.8289	1.881e3
4091.4192	1.115e4
4092.4177	7.497e3
4093.3445	1.105e4
4093.9207	2.782e3
4094.4197	8.183e3
4094.9597	1.099e3
4095.3767	5.903e3
4095.9004	2.275e3
4096.3916	6.438e3
4096.8306	1.596e3
4097.3779	9.031e3
4097.9409	9.307e2
4098.3716	5.508e3
4098.7246	1.556e3
4099.3281	4.473e3
4099.6631	1.357e3
4100.3354	4.708e3
4100.9863	1.099e3
4101.4155	7.571e3
4101.9282	1.669e3
4102.4126	1.096e4
4102.8403	2.293e3
4103.4014	2.658e4
4103.8228	2.027e3
4104.3999	4.464e4
4104.9453	8.519e2
4105.3994	4.944e4
4105.8594	1.810e3
4106.4019	4.002e4
4106.9380	1.277e3
4107.4019	2.716e4
4107.9219	1.885e3
4108.4009	1.755e4
4108.8643	1.297e3
4109.4038	9.234e3
4109.9346	9.413e2
4110.4014	5.728e3
4110.9473	2.188e3
4111.3809	6.232e3
4111.9204	1.363e3
4112.4106	4.655e3
4112.9067	1.463e3
4113.3638	3.708e3
4113.8984	2.169e3
4114.3818	4.967e3
4114.8618	5.055e2
4115.4336	5.849e3
4116.4834	6.888e3
4117.0000	7.709e2
4117.4727	6.400e3
4117.8984	8.441e2
4118.4673	9.868e3
4118.9624	5.736e2
4119.4380	6.388e3
4119.7612	1.236e3
4120.4551	8.734e3
4121.4258	8.064e3
4122.0522	9.211e2
4122.4302	5.822e3
4122.9570	1.345e3
4123.4063	6.245e3
4123.8755	1.943e3
4124.4077	5.058e3
4125.3945	5.275e3
4125.9487	1.401e3
4126.3804	7.615e3
4127.3867	7.601e3
4127.8403	1.738e3
4128.3994	1.007e4
4128.8892	3.459e3
4129.4092	1.261e4
4129.9761	7.357e2
4130.4312	9.202e3
4130.9404	8.520e2
4131.4146	7.177e3
4132.0566	2.512e3
4132.3999	6.483e3
4133.4551	9.149e3
4134.4126	7.588e3
4135.4385	8.667e3
4135.8613	1.000e3
4136.4614	7.070e3
4137.4214	4.784e3
4138.0859	2.498e3
4138.4341	5.235e3
4138.6616	3.452e3
4139.4170	5.557e3
4139.9268	8.660e2
4140.4180	3.680e3
4141.3442	8.569e3
4141.8608	9.604e2
4142.3735	1.620e4
4143.3843	1.779e4
4144.3872	1.422e4
4145.3877	1.234e4
4145.8359	7.809e2
4146.4033	8.922e3
4146.8604	4.150e2
4147.4204	9.107e3
4147.9204	1.327e3
4148.4194	1.003e4
4148.9023	1.653e3
4149.4087	7.977e3
4150.0801	3.832e3
4150.4009	6.635e3
4150.8760	2.536e3
4151.4878	9.317e3
4151.9639	2.508e2
4152.3970	4.158e3
4153.2061	8.565e3
4153.8926	9.103e2
4154.5405	4.963e3
4154.9624	3.051e2
4155.3667	3.421e3
4155.7476	1.128e3
4156.3184	7.647e3
4156.7598	2.600e3
4157.3667	1.167e4
4158.3311	1.250e4
4158.7217	3.004e3
4159.3335	1.328e4
4159.9482	1.396e3
4160.3765	1.120e4
4160.9961	4.947e2
4161.4131	8.199e3
4161.9331	2.132e3
4162.4600	1.029e4
4163.4575	9.818e3
4164.4404	6.863e3
4165.3936	5.142e3
4165.7617	1.425e3
4166.4312	5.557e3
4166.8633	6.281e2
4167.4419	3.947e3
4167.8428	1.358e3
4168.4775	7.026e3
4169.3862	3.895e3
4169.7607	1.045e3
4170.3711	4.842e3
4170.9253	9.642e2
4171.4224	7.548e3
4171.8994	1.139e3
4172.4438	1.355e4
4172.9463	1.550e3
4173.4268	1.541e4
4173.9619	7.977e2
4174.4277	1.465e4
4175.0352	2.019e3
4175.4316	1.060e4
4175.8799	1.419e3
4176.4160	6.031e3
4176.9922	1.573e3
4177.4121	6.894e3
4178.4375	9.965e3
4179.3530	5.816e3
4179.9595	1.630e3
4180.3433	5.005e3
4180.8354	9.279e2
4181.3696	5.802e3
4181.9795	7.492e2
4182.3809	4.604e3
4183.3623	5.763e3
4183.8218	2.397e3
4184.3472	5.147e3
4184.8511	4.963e2
4185.3809	4.306e3
4185.8604	6.012e2
4186.3931	5.343e3
4186.9844	7.602e2
4187.3999	4.885e3
4187.9761	9.004e2
4188.4326	5.078e3
4189.3101	7.370e3
4190.3218	4.529e3
4190.7642	1.566e3
4191.3242	4.131e3
4191.9482	2.609e3
4192.3848	5.466e3
4193.3330	6.616e3
4194.2832	5.085e3
4194.8281	7.945e2
4195.3193	4.278e3
4195.8330	1.009e3
4196.3188	3.517e3
4196.8589	1.032e3
4197.2744	3.901e3
4197.6611	5.431e2
4198.3774	7.676e3
4199.3677	4.004e3
4199.7241	2.695e3
4200.4224	4.088e3
4200.8643	7.393e2
4201.4155	6.949e3
4202.3804	9.318e3
4202.9780	6.906e2
4203.3726	8.387e3
4203.9297	1.261e3
4204.3848	6.994e3
4204.8184	1.395e3
4205.3926	6.799e3
4205.8608	6.121e2
4206.3677	5.652e3
4207.3789	4.390e3
4207.9932	9.983e2
4208.4326	3.645e3
4208.8857	7.365e2
4209.3140	2.923e3
4210.1855	2.392e3
4210.4531	2.963e3
4210.9370	1.951e3
4211.3179	3.104e3
4211.7378	1.864e3
4212.3560	4.864e3
4213.3838	5.307e3
4214.2900	7.989e3
4215.2969	4.442e3
4216.4126	4.826e3
4216.8784	6.718e2
4217.3550	2.424e3
4218.3081	3.947e3
4218.7188	1.079e3
4219.3545	3.676e3
4219.6626	1.602e3
4220.3047	1.546e3
4220.6606	2.377e2
4221.2944	2.249e3
4222.4102	6.593e3
4222.9834	8.707e2
4223.3706	3.098e3
4223.6797	3.933e3
4224.3301	4.413e3
4224.9731	1.394e3
4225.3335	4.086e3
4225.8159	1.143e3
4226.3862	7.469e3
4227.3755	6.161e3
4228.3018	8.932e3
4228.9375	1.030e3
4229.3872	5.186e3
4230.3818	6.448e3
4230.8618	4.422e2
4231.3472	3.040e3
4231.8955	5.489e2
4232.3677	3.781e3
4232.8218	5.801e2
4233.3657	5.463e3
4234.3291	5.857e3
4235.4009	3.531e3
4236.3608	2.281e3
4236.5601	1.240e3
4237.4053	3.387e3
4237.6616	1.303e3
4238.4932	9.233e3
4238.8608	5.833e2
4239.2944	6.719e3
4239.9526	1.802e3
4240.3223	6.503e3
4240.8486	2.173e3
4241.3691	7.603e3
4242.3423	7.374e3
4243.3691	5.001e3
4243.6616	1.544e3
4244.3701	5.279e3
4245.3560	3.436e3
4246.0205	2.982e3
4246.4116	4.957e3
4246.8735	6.289e2
4247.3384	3.662e3
4247.5620	2.320e3
4247.9585	1.592e3
4248.3877	4.442e3
4249.1714	8.198e3
4249.9653	9.677e2
4250.4370	5.367e3
4251.1797	1.714e3
4251.4199	2.031e3
4251.9727	1.273e3
4252.3491	3.041e3
4252.8921	1.691e3
4253.4795	4.868e3
4253.8701	3.241e2
4254.4004	7.165e3
4254.9404	1.670e3
4255.4004	7.180e3
4256.3848	8.307e3
4257.3281	6.408e3
4258.3013	8.478e3
4259.4844	7.440e3
4260.3813	2.602e3
4260.7295	1.226e3
4261.2358	5.189e3
4262.4668	5.475e3
4263.3047	3.486e3
4264.3208	5.175e3
4265.3091	2.719e3
4266.0854	1.466e3
4266.4590	2.779e3
4267.2495	4.218e3
4268.4023	5.774e3
4268.8633	7.275e2
4269.3770	2.956e3
4269.9507	3.156e3
4270.4023	5.886e3
4271.4663	9.806e3
4271.9800	6.780e2
4272.4814	4.678e3
4273.0493	4.577e3
4273.4424	2.684e3
4273.9819	8.446e2
4274.4551	4.870e3
4275.3545	2.838e3
4275.9697	1.069e3
4276.3081	2.642e3
4276.9727	1.052e3
4277.2705	2.333e3
4277.5645	2.225e3
4278.2832	3.410e3
4278.5610	1.297e3
4279.2729	6.772e3
4280.3169	4.321e3
4281.2236	2.510e3
4281.5645	1.081e3
4282.3452	5.687e3
4282.9023	4.402e3
4283.2861	4.472e3
4284.2803	2.107e3
4284.7188	7.011e2
4285.2949	2.924e3
4285.7344	7.221e2
4286.2671	2.040e3
4286.4624	1.623e3
4287.3687	1.964e3
4288.0386	2.212e3
4288.4736	4.243e3
4289.3809	4.097e3
4290.3228	3.460e3
4290.8242	1.256e3
4291.3457	2.195e3
4292.3252	5.015e3
4293.2451	3.926e3
4293.5762	1.106e3
4293.8726	1.831e3
4294.2578	4.830e3
4294.5601	1.175e3
4294.9824	1.601e3
4295.3384	3.856e3
4296.3618	4.560e3
4297.1929	2.880e3
4297.8052	9.702e2
4298.4409	4.936e3
4299.3252	3.484e3
4300.3374	5.792e3
4301.2393	2.373e3
4301.4629	1.861e3
4302.3359	3.859e3
4303.3071	5.833e3
4304.3784	3.783e3
4305.2441	2.076e3
4306.0835	2.382e3
4306.5049	3.487e3
4307.2373	1.504e3
4307.5566	1.260e3
4308.3232	3.486e3
4309.2080	3.138e3
4309.5615	1.469e3
4309.9243	1.387e3
4310.4688	5.327e3
4310.9297	1.933e3
4311.2910	2.351e3
4311.7271	8.389e2
4312.2202	3.147e3
4312.5610	1.089e3
4313.1494	3.947e3
4313.6167	6.732e2
4314.2354	3.382e3
4314.6890	3.558e3
4315.2808	1.709e3
4315.9678	2.151e3
4316.2178	2.627e3
4316.7266	9.083e2
4317.2817	2.397e3
4317.8511	2.116e3
4318.1147	1.351e3
4318.5542	2.797e3
4318.9390	1.360e3
4319.4287	2.275e3
4320.0947	1.063e3
4320.3120	1.307e3
4320.6611	7.933e2
4321.2700	3.292e3
4321.8145	1.707e3
4322.2847	2.860e3
4322.8042	2.193e3
4323.3047	3.062e3
4323.7158	6.357e2
4324.2671	4.374e3
4324.6606	8.464e2
4325.3906	3.607e3
4325.9790	1.121e3
4326.3193	2.000e3
4326.7427	1.457e3
4327.2002	2.794e3
4327.6255	1.614e3
4328.4771	4.129e3
4328.7612	2.029e3
4329.2935	2.182e3
4330.2134	2.558e3
4330.5220	1.568e3
4330.9995	8.586e2
4331.2915	2.396e3
4331.9590	1.272e3
4332.3887	2.584e3
4333.0347	4.571e3
4333.8711	1.476e3
4334.3955	2.339e3
4334.8638	7.474e2
4335.2754	1.888e3
4335.9375	1.244e3
4336.2163	1.196e3
4336.6162	7.614e2
4337.3555	3.047e3
4338.3730	7.119e3
4338.9595	7.976e2
4339.2202	1.117e3
4339.7842	7.457e2
4340.3125	3.788e3
4340.8662	2.816e2
4341.3096	2.226e3
4341.7334	7.278e2
4342.1968	2.414e3
4343.0508	1.359e3
4343.2607	7.743e2
4343.5957	2.565e3
4344.3799	1.845e3
4344.8584	1.131e3
4345.2876	2.394e3
4345.9014	2.357e3
4346.2461	2.624e3
4346.8862	8.508e2
4347.2036	2.122e3
4347.7065	3.554e3
4348.2163	2.943e3
4348.6162	1.126e3
4349.3413	3.570e3
4350.2456	2.556e3
4350.9282	2.261e3
4351.3208	1.692e3
4352.2939	2.170e3
4353.2290	3.180e3
4354.2236	5.532e3
4354.7251	2.449e3
4355.2998	2.513e3
4355.8506	6.956e2
4356.2612	2.239e3
4356.5630	7.373e2
4357.0664	1.855e3
4358.0054	3.986e3
4358.4751	2.756e3
4358.8389	3.119e3
4359.1743	4.584e2
4359.5039	1.569e3
4360.0923	4.704e3
4360.7954	3.400e2
4361.1714	3.000e3
4361.4609	1.180e3
4361.7832	4.186e2
4362.2178	2.146e3
4362.7378	1.300e3
4363.2349	2.193e3
4363.4619	1.189e3
4364.3081	2.160e3
4364.6162	1.491e3
4365.2261	1.274e3
4366.1821	4.687e3
4366.6631	8.807e2
4367.2725	1.360e3
4367.6245	2.431e3
4368.2021	3.201e3
4368.6450	1.498e3
4369.1040	1.832e3
4369.4609	9.165e2
4369.9858	7.823e2
4370.2305	1.116e3
4370.6606	2.206e3
4371.0151	9.756e2
4371.6470	1.120e3
4372.2593	3.931e3
4373.2983	1.717e3
4373.6250	9.904e2
4374.2813	2.688e3
4375.3188	1.828e3
4375.7866	1.056e2
4376.2998	1.246e3
4376.8770	6.581e2
4377.1851	1.096e3
4377.6841	7.680e2
4378.1318	2.343e3
4378.4204	2.256e3
4378.7622	1.157e3
4379.4639	3.350e3
4379.9321	1.380e3
4380.2256	1.896e3
4380.7153	6.258e2
4381.2271	3.054e3
4382.2920	3.753e3
4382.6187	1.913e3
4383.2744	2.616e3
4383.7466	7.561e2
4384.2993	3.527e3
4384.9316	5.881e2
4385.2295	8.275e2
4386.1655	7.124e2
4386.4692	1.203e2
4386.9771	5.602e2
4387.2651	7.215e2
4387.5132	8.405e2
4388.1768	8.479e2
4388.4780	1.207e3
4389.2139	1.264e3
4389.6958	6.181e2
4390.1299	2.829e3
4390.5068	2.274e3
4391.1221	1.966e3
4391.4980	1.619e3
4392.1812	1.673e3
4392.6865	1.262e3
4393.2617	1.977e3
4393.8472	7.404e2
4394.2314	1.980e3
4394.5635	1.112e3
4395.2266	1.036e3
4395.7231	7.106e2
4396.2944	1.974e3
4397.0894	2.502e3
4397.6182	7.304e2
4398.3809	4.418e3
4399.2090	3.679e3
4399.5620	8.727e2
4399.9141	5.732e2
4400.3091	1.044e3
4400.6177	9.406e2
4401.1426	1.726e3
4401.3618	1.571e3
4402.1831	4.464e3
4403.2520	1.235e3
4403.7310	1.742e3
4404.2402	1.742e3
4405.2036	1.141e3
4405.8398	9.173e2
4406.1621	1.206e2
4406.7358	3.340e2
4407.0176	4.814e2
4407.5024	7.673e2
4408.2876	2.913e3
4408.6372	1.405e3
4409.2554	3.423e3
4409.7559	3.921e2
4410.2324	1.515e3
4410.6167	8.934e2
4411.1724	8.415e2
4411.8159	4.849e2
4412.1948	6.646e2
4412.6636	6.216e1
4413.2554	1.162e3
4413.7734	1.047e3
4414.3193	1.446e3
4415.2939	2.282e3
4416.0811	2.181e2
4416.6436	2.269e2
4417.0571	5.014e2
4417.4546	8.082e2
4418.3218	3.004e3
4418.5605	1.699e3
4419.5176	3.160e3
4420.2666	3.539e3
4420.9038	1.196e3
4421.3135	2.433e3
4422.2915	1.807e3
4422.6240	1.191e3
4423.1914	1.165e3
4423.5498	2.146e2
4424.2310	1.354e3
4425.0996	1.036e3
4425.6108	8.024e2
4426.0327	1.391e3
4426.6719	3.962e3
4426.9668	1.274e3
4427.3096	5.768e2
4427.8379	1.695e3
4428.3848	5.761e3
4428.8608	4.931e2
4429.3789	1.851e3
4430.2539	6.182e3
4430.5625	1.367e3
4431.0015	3.818e3
4431.5420	3.623e3
4432.0913	1.446e3
4432.3638	8.410e2
4433.1460	1.880e3
4433.7681	2.085e3
4434.0615	7.548e2
4434.9658	2.298e3
4435.8984	8.931e2
4436.2324	2.254e3
4437.1738	6.249e3
4438.2349	3.563e3
4438.7749	1.345e3
4439.3296	1.640e3
4439.5610	9.565e2
4440.0513	3.882e2
4440.4941	6.335e2
4440.7803	2.919e2
4441.2969	1.772e3
4442.0400	1.028e3
4442.5034	1.329e3
4443.0518	5.388e3
4443.7520	7.101e2
4444.1294	1.384e3
4444.5039	1.086e3
4445.0791	2.338e3
4445.9658	1.244e3
4446.3994	1.403e3
4447.0278	1.621e3
4447.3633	7.050e2
4448.2529	8.291e2
4448.9897	4.370e2
4449.2188	6.767e2
4449.7290	1.553e3
4450.0620	6.581e2
4450.5146	1.275e3
4450.8643	2.659e2
4451.2319	5.824e2
4451.5981	1.823e3
4452.2979	1.828e3
4452.9780	6.806e3
4453.8062	4.231e3
4454.4297	3.595e3
4454.9688	2.405e3
4455.4253	4.558e2
4456.0625	3.374e3
4456.7275	3.681e2
4457.1729	2.536e3
4457.6104	1.708e3
4458.1875	1.845e3
4458.8892	1.271e3
4459.3599	1.717e3
4460.1758	1.400e3
4460.5171	6.930e2
4460.9336	4.953e2
4461.2471	6.506e2
4461.5913	1.370e2
4461.9805	9.808e2
4462.3784	3.064e3
4463.1362	6.081e2
4463.4990	1.029e3
4464.1743	2.896e3
4465.1191	1.979e3
4466.3477	3.960e2
4467.0781	1.934e3
4468.1440	3.121e3
4468.8101	1.496e3
4469.4595	1.246e3
4470.5308	7.505e2
4471.1445	1.907e3
4471.4995	2.273e3
4471.7637	1.210e3
4472.1201	1.119e3
4473.2231	2.521e3
4473.6611	2.802e2
4474.5122	3.458e3
4474.9331	2.399e3
4475.6948	5.595e2
4476.1440	8.570e2
4476.6343	2.038e2
4477.2041	1.155e3
4477.5117	4.652e2
4478.1099	3.396e3
4478.8032	4.518e3
4479.1611	8.996e2
4480.2197	2.040e3
4480.7217	1.027e3
4481.1846	1.402e3
4481.7402	4.123e3
4482.2998	1.532e3
4482.7261	2.774e3
4483.1216	1.307e3
4484.4258	1.115e3
4484.7319	9.644e2
4485.0317	1.332e3
4485.4238	7.169e2
4486.0708	4.230e3
4487.0791	1.195e3
4487.5044	9.292e2
4488.1030	1.986e3
4488.7705	9.617e2
4489.2100	3.288e3
4489.9238	7.180e2
4490.4082	1.636e3
4490.8306	1.526e3
4491.3979	9.973e2
4492.0195	1.820e3
4492.2632	9.128e2
4492.6685	1.167e3
4493.1826	1.411e3
4493.7495	4.218e2
4494.0957	3.059e2
4494.4331	2.064e3
4495.2178	1.158e3
4496.3218	8.328e2
4496.6143	7.488e2
4497.1616	1.558e3
4497.8447	1.554e3
4498.2188	2.622e3
4498.6753	1.384e3
4498.9648	9.061e2
4499.6235	4.504e2
