3500.0696	1.586e2
3500.5583	1.786e2
3501.2083	7.424e2
3501.7104	7.825e2
3502.2839	1.247e3
3502.7419	1.986e3
3503.5063	9.552e2
3503.7625	5.787e2
3504.3594	2.112e2
3504.7185	3.660e2
3505.2297	3.191e1
3505.6775	6.729e2
3505.9888	1.593e3
3506.7283	1.332e3
3507.8157	2.791e2
3508.3235	1.937e3
3508.7842	2.314e3
3509.4612	1.076e2
3510.4321	2.544e3
3510.8911	2.452e3
3511.2107	1.027e3
3511.6812	6.344e2
3511.9297	8.764e2
3512.3987	1.316e3
3512.8386	3.458e2
3513.2175	6.380e2
3513.7505	1.944e2
3514.4333	1.016e3
3514.7849	1.071e3
3515.1184	1.231e3
3515.9436	3.246e2
3516.2256	5.670e2
3516.8274	1.031e2
3517.7979	1.046e3
3518.4055	1.992e3
3518.8716	1.983e3
3519.7534	1.399e3
3520.5376	2.209e3
3520.9492	1.057e3
3521.4565	2.009e3
3522.1829	1.768e3
3522.6206	1.906e3
3522.9639	3.968e2
3523.2830	2.320e2
3523.6462	8.930e2
3524.0042	1.132e3
3524.4866	4.436e2
3524.7566	7.061e2
3525.3455	4.209e2
3525.6821	3.223e2
3525.9751	4.178e2
3526.6575	6.061e3
3527.3652	3.789e2
3527.7332	5.941e1
3528.4275	6.876e2
3528.7920	1.285e3
3529.1670	8.802e2
3529.4885	5.160e2
3529.8179	2.020e3
3530.0615	1.026e3
3530.6052	1.667e3
3531.0120	2.472e3
3531.4604	6.444e2
3532.0522	2.915e2
3532.7642	5.516e2
3533.1443	1.636e2
3533.7168	1.329e3
3534.2817	3.345e2
3535.3047	2.970e3
3536.0381	7.234e2
3536.4570	1.936e2
3537.2598	2.057e2
3537.8962	7.187e2
3538.5049	3.334e3
3538.7603	2.064e3
3539.1121	2.458e3
3540.0708	1.326e3
3540.4292	1.062e3
3540.8130	1.181e3
3541.7056	1.724e3
3542.0720	1.163e3
3542.8752	2.586e3
3543.4470	4.794e2
3543.9155	1.131e3
3544.3950	1.160e3
3544.8755	6.399e2
3545.4905	1.360e2
3545.8162	4.925e2
3546.6052	2.409e3
3547.2505	4.166e2
3547.8301	2.788e3
3548.4451	3.291e2
3548.8547	2.231e3
3549.1221	1.864e3
3549.7234	8.641e2
3550.2678	6.738e2
3550.7522	1.342e3
3551.0693	1.483e3
3551.6125	4.362e2
3551.9160	2.790e2
3552.3257	2.167e2
3552.7246	1.174e3
3553.6396	2.961e3
3554.0627	4.875e2
3554.6956	2.491e3
3555.4241	9.650e1
3555.7664	7.973e1
3556.1748	4.931e3
3556.8108	1.326e3
3557.7676	6.573e1
3558.1699	1.454e3
3558.5017	2.730e3
3559.0933	8.006e2
3559.5244	2.623e2
3559.9507	1.304e3
3560.2986	2.822e0
3561.1382	1.665e3
3561.7051	1.250e3
3562.2000	2.033e3
3562.7729	2.682e3
3563.1816	1.763e3
3563.9087	1.462e3
3564.4187	8.038e2
3564.7629	7.729e2
3565.1187	7.204e2
3565.8137	1.556e2
3566.5601	5.506e2
3566.9788	9.497e2
3567.7322	6.675e2
3568.6982	6.466e3
3570.2566	2.644e3
3570.7720	1.064e3
3571.1663	7.777e2
3571.4963	8.818e2
3571.8003	2.743e3
3572.3374	6.628e2
3572.7544	3.169e2
3573.3186	1.536e2
3573.6863	2.003e2
3574.1694	8.448e1
3575.1982	8.279e2
3575.8467	9.832e2
3576.2148	1.283e3
3577.0647	1.599e3
3578.1399	6.953e2
3578.3794	3.435e2
3578.7939	1.242e3
3579.0601	6.802e2
3579.3630	5.469e2
3579.9094	1.403e3
3580.3784	2.273e3
3580.8086	2.554e3
3581.1577	1.123e3
3581.5139	1.687e3
3582.1106	1.686e3
3582.7434	1.802e2
3583.3074	1.963e3
3584.0737	7.651e3
3584.6836	5.716e2
3585.1211	5.360e2
3585.6685	1.405e2
3586.1450	3.266e3
3586.6350	8.463e2
3586.9460	1.267e3
3587.6016	3.177e2
3588.1296	6.201e2
3588.7158	3.143e3
3589.2749	1.351e3
3589.7046	1.925e3
3590.1064	3.566e3
3590.4978	1.543e3
3591.2229	7.370e2
3591.5735	8.080e2
3592.2424	6.157e2
3592.9082	8.136e2
3593.2266	5.134e2
3593.4617	2.878e2
3594.2178	1.299e3
3594.5254	9.155e2
3595.6577	1.270e3
3595.8613	4.881e2
3596.1201	7.524e2
3596.4683	9.995e2
3596.7632	5.818e2
3597.0608	1.485e2
3597.8306	2.654e2
3598.2534	1.461e3
3598.6814	7.065e3
3599.1135	4.628e3
3599.6970	1.726e3
3600.1067	2.104e3
3600.6831	2.408e3
3601.1770	5.214e2
3601.7791	8.293e2
3602.0623	1.690e2
3602.4419	4.693e2
3602.8718	8.857e2
3603.2708	4.926e2
3603.7747	1.553e3
3604.1169	6.658e2
3604.4404	1.222e3
3604.7615	9.447e2
3605.6345	2.229e2
3606.1990	2.294e2
3606.4666	2.881e1
3606.8013	6.048e2
3607.4409	8.156e2
3608.1116	2.870e3
3608.6770	2.180e3
3609.1692	2.716e3
3609.7222	1.966e3
3610.6863	6.635e3
3612.1609	2.917e3
3612.7612	2.545e2
3613.1555	3.106e2
3613.6230	1.488e3
3614.1780	3.630e3
3615.1326	5.896e2
3615.6211	7.046e2
3616.1055	1.175e3
3616.6145	1.506e3
3616.9973	7.832e2
3617.7200	2.869e3
3618.1599	3.074e3
3618.6941	3.525e3
3619.3774	3.544e2
3619.6787	8.098e2
3620.1042	2.479e3
3621.0295	1.113e3
3621.5310	1.157e3
3621.8665	4.042e1
3622.2466	7.843e2
3622.8286	1.157e3
3623.0615	5.933e2
3623.5615	1.188e3
3624.0459	5.904e2
3624.4412	7.057e2
3624.8362	9.498e2
3625.1511	8.234e2
3625.7283	2.631e3
3626.4233	7.443e2
3626.9478	2.159e2
3627.4971	5.729e2
3628.0540	9.581e2
3628.4727	2.037e3
3629.1040	1.839e3
3629.5876	1.930e2
3629.9863	9.178e2
3630.3491	6.450e2
3630.7209	1.363e3
3631.1279	1.345e3
3631.6323	6.259e3
3632.4678	9.126e-2
3633.0303	3.396e2
3633.2634	1.875e2
3633.9397	1.057e3
3634.6890	3.669e3
3635.0618	1.731e3
3635.7278	4.386e2
3636.3628	8.271e2
3636.8333	1.510e2
3637.1174	8.325e1
3637.6340	5.483e2
3638.1831	1.595e3
3639.0007	5.301e3
3639.5774	2.394e3
3640.1633	5.423e2
3640.5901	4.833e2
3641.1851	2.559e3
3641.7166	1.472e3
3641.9612	5.023e2
3642.6152	5.630e2
3643.0313	3.136e2
3643.4861	1.835e3
3643.8708	1.399e3
3644.2615	3.288e2
3644.9880	2.360e2
3645.5967	6.090e2
3645.8679	1.503e2
3646.7332	3.319e3
3647.2639	2.359e2
3647.6790	1.252e3
3648.2529	1.739e3
3648.5625	1.613e3
3648.9158	1.814e3
3649.3982	1.169e3
3649.6606	7.850e2
3650.2139	7.006e2
3650.7983	8.407e2
3651.2463	3.115e2
3651.5896	1.300e2
3651.8323	2.566e2
3652.1807	4.183e2
3652.4902	6.065e2
3652.8750	1.907e3
3653.2654	4.680e2
3653.8997	4.011e2
3654.3218	1.712e3
3654.6619	1.342e3
3655.0266	5.097e2
3655.5212	1.495e3
3656.0073	6.373e2
3657.0320	5.850e2
3657.3604	1.952e2
3657.8989	4.697e2
3658.3989	9.484e2
3658.6255	1.201e3
3658.9170	1.540e3
3659.7935	2.364e3
3660.3635	1.386e2
3660.8916	2.589e2
3661.2893	2.773e2
3662.0161	2.894e3
3662.2620	1.295e3
3662.6208	1.723e3
3663.3237	3.367e3
3664.2539	1.822e3
3665.1389	4.166e2
3665.8855	6.745e2
3666.2178	1.737e3
3666.5571	1.589e3
3666.8572	1.303e3
3667.1350	1.521e3
3667.7969	1.028e2
3668.3267	3.116e2
3668.7175	4.899e2
3669.2961	1.155e2
3670.3684	5.020e3
3670.8389	1.994e3
3671.1323	2.399e3
3671.6147	8.479e2
3672.1995	1.179e3
3672.9868	1.355e3
3673.7981	3.370e3
3674.1177	2.713e3
3674.8174	1.039e3
3675.5698	8.233e2
3675.9963	4.509e2
3677.0364	9.024e2
3677.5967	7.677e1
3678.6948	3.387e3
3679.3291	2.658e3
3679.6191	1.935e3
3680.0261	2.703e3
3680.5127	2.594e3
3681.1895	1.207e3
3682.3845	3.767e3
3682.8840	3.274e3
3683.1858	5.750e2
3683.5964	1.063e3
3684.0186	7.848e2
3684.6206	1.007e3
3685.6218	1.209e3
3686.0159	4.191e2
3686.5093	8.712e2
3686.8125	5.855e2
3687.2312	3.214e2
3687.4604	1.537e2
3688.1912	1.636e3
3688.5122	3.290e3
3688.9136	5.641e3
3689.6335	2.768e3
3690.1506	1.297e3
3690.6458	2.338e3
3691.2471	1.725e3
3692.3523	7.018e2
3692.8474	3.760e2
3693.1758	3.110e2
3693.6450	1.148e3
3694.1494	1.433e3
3694.6208	4.327e3
3695.1165	2.670e3
3696.1926	4.992e2
3696.6077	5.791e2
3697.4236	2.019e3
3698.2151	2.873e3
3698.4609	1.102e3
3698.7180	2.119e3
3699.0647	1.325e3
3699.6335	3.239e2
3700.1448	6.652e2
3700.5134	8.743e2
3701.1360	7.460e2
3702.1765	2.446e3
3702.4700	2.234e3
3702.7627	1.243e3
3703.2671	7.401e2
3703.5767	1.091e3
3703.8616	6.101e2
3704.2551	4.631e2
3704.7290	5.032e2
3705.0986	6.154e2
3705.3652	3.592e2
3705.9971	4.535e2
3706.3040	1.248e3
3706.7078	1.427e3
3707.3772	1.192e3
3708.2129	1.692e3
3708.9980	2.973e3
3709.5859	2.052e3
3710.3186	3.689e3
3710.5623	1.380e3
3710.8616	7.368e2
3711.2476	1.930e3
3711.8569	6.904e2
3712.1729	9.672e2
3712.5833	1.559e3
3713.2087	1.341e3
3713.5964	1.588e3
3714.1228	2.862e2
3714.6951	9.894e2
3715.3950	2.302e3
3716.1052	5.736e2
3716.5796	1.961e2
3716.8640	1.340e2
3717.2134	7.641e1
3718.1558	7.699e2
3718.5789	3.780e3
3719.0479	2.657e3
3719.3333	3.313e3
3720.0098	1.850e3
3720.4919	4.524e2
3721.0247	6.546e2
3721.5183	6.663e2
3722.1431	1.107e3
3722.5254	8.783e2
3722.8169	9.389e2
3723.6870	7.475e2
3723.9561	7.861e2
3724.2227	1.273e3
3724.5857	4.130e2
3724.8218	9.302e2
3725.3372	7.254e2
3726.1653	8.534e2
3726.6160	1.202e3
3727.1528	9.716e2
3727.4614	1.939e2
3728.3940	4.110e3
3729.0068	1.954e3
3729.4944	2.606e3
3729.8611	5.487e2
3730.4412	4.051e3
3731.6809	7.459e2
3732.2480	3.048e2
3732.8743	2.942e2
3733.5027	1.453e3
3733.9407	2.717e3
3734.3157	1.057e3
3734.6362	1.111e3
3735.8892	2.882e2
3736.7673	5.195e3
3737.1243	1.621e3
3737.9956	9.391e2
3738.4780	4.273e3
3739.5327	1.806e3
3740.2651	1.871e2
3740.6345	2.066e2
3741.2981	2.531e2
3741.8167	1.185e3
3742.0613	4.300e2
3742.5586	9.976e2
3743.1912	2.141e3
3743.5806	3.663e3
3744.3328	1.908e3
3744.7344	6.484e2
3745.3398	9.587e2
3745.7795	4.704e2
3746.2983	2.147e3
3746.8079	1.507e3
3747.3291	2.215e2
3747.9980	8.513e2
3748.4897	3.144e3
3749.4185	5.440e2
3750.3264	1.134e3
3750.7178	2.136e3
3751.1296	2.270e3
3751.4983	1.920e3
3751.7957	5.020e3
3752.1604	1.144e3
3752.4609	8.937e2
3753.6267	1.403e3
3754.2896	3.347e3
3754.6614	7.742e2
3754.9626	4.458e2
3755.2986	1.400e3
3755.9841	4.807e2
3756.2346	6.263e2
3756.5632	7.120e2
3757.0371	1.194e3
3757.2610	7.548e2
3757.6863	7.140e2
3757.9912	8.920e2
3758.3586	3.473e3
3758.7944	1.553e3
3759.3660	9.775e2
3759.8845	1.554e3
3760.4241	3.388e3
3760.8640	7.468e3
3761.4229	3.498e3
3761.8608	1.870e3
3762.6948	2.194e2
3763.2969	4.942e2
3763.6899	1.025e3
3764.1187	2.110e3
3764.5522	8.054e2
3765.0417	6.624e2
3765.5977	2.281e2
3766.2988	2.455e3
3766.6135	1.857e3
3767.1616	5.480e2
3767.6736	6.252e2
3767.9709	5.906e2
3768.3733	3.282e3
3768.9551	3.521e3
3769.4275	3.241e3
3769.8154	2.112e3
3770.3708	1.144e3
3770.8384	1.251e3
3771.1150	1.102e3
3771.6921	6.237e2
3772.0051	1.552e3
3772.4565	1.538e3
3773.3499	6.393e2
3773.8376	1.272e3
3774.2871	1.181e3
3774.5239	1.869e3
3774.8618	6.783e2
3775.3274	2.561e3
3775.9734	1.639e3
3776.8318	6.911e2
3777.3267	4.569e2
3778.2485	3.749e3
3778.7190	1.162e4
3779.5237	3.193e3
3779.9836	1.920e3
3780.5186	1.130e3
3780.9121	2.120e3
3781.9290	1.978e3
3782.2803	1.869e3
3782.6980	1.681e3
3783.2217	1.562e3
3783.4617	1.090e3
3784.1604	6.413e2
3784.5474	3.769e2
3785.2502	1.771e3
3785.6233	6.141e2
3785.9768	5.660e2
3786.3423	1.498e3
3787.0667	2.963e2
3787.4326	7.963e2
3787.9080	2.013e3
3788.3367	2.603e3
3788.7224	3.108e3
3789.0603	4.735e2
3789.3606	4.804e2
3789.9993	2.762e2
3790.3240	1.029e3
3790.6890	1.057e3
3791.0908	7.166e2
3791.3171	1.120e3
3791.9758	2.160e3
3792.3142	1.795e3
3793.2429	2.401e3
3793.8066	1.167e3
3794.2253	9.462e2
3794.6064	9.726e2
3794.9204	7.381e2
3795.5845	7.940e2
3795.9910	5.375e2
3796.3213	2.032e3
3796.9167	9.526e2
3797.3203	4.045e2
3797.7502	7.796e2
3798.1206	1.757e3
3798.6309	2.934e3
3799.1201	2.461e3
3799.4927	2.422e3
3799.8853	2.944e3
3800.4216	8.719e2
3801.0703	2.354e3
3801.8840	7.145e2
3802.5232	1.602e3
3803.1228	9.909e2
3803.5068	1.072e3
3804.0408	5.346e2
3804.3137	3.785e2
3804.6748	5.572e2
3805.0781	2.307e2
3805.3950	4.660e2
3805.8975	9.577e2
3806.3625	4.105e3
3806.8367	1.090e3
3807.1973	2.070e3
3807.7483	1.787e3
3808.4741	3.411e3
3808.8594	4.825e3
3809.3965	2.319e3
3809.9478	1.272e3
3810.3025	1.737e3
3810.6470	8.839e2
3810.8616	7.018e2
3811.3809	1.410e3
3812.1470	2.480e2
3813.5562	1.853e3
3814.2683	2.896e3
3814.5227	2.871e3
3814.9194	1.885e3
3815.4868	1.617e3
3815.9656	1.902e3
3816.4871	7.484e2
3816.8252	2.369e3
3817.2139	1.298e3
3817.6155	7.641e2
3818.0994	3.947e2
3818.7202	3.862e3
3819.1201	3.711e3
3819.7605	4.162e2
3820.3005	1.709e3
3820.6904	1.555e3
3821.1221	1.279e3
3821.8689	7.346e2
3822.3303	6.263e2
3822.6726	7.403e2
3823.2988	2.591e3
3823.6001	2.912e3
3824.0293	3.481e3
3824.4602	8.809e2
3824.9907	4.711e2
3825.4636	6.648e1
3826.2766	1.146e3
3826.7268	9.012e2
3827.1460	9.261e2
3827.4307	1.114e3
3827.8784	9.865e2
3828.3667	1.660e3
3828.6807	2.212e3
3829.0603	1.093e3
3830.2195	1.545e3
3830.5813	2.018e3
3831.4460	5.001e2
3831.7974	1.092e3
3832.5029	3.448e3
3832.9763	7.755e2
3833.3623	2.158e3
3833.8218	1.209e3
3834.3091	1.643e3
3834.6611	1.450e3
3835.3228	2.261e3
3835.6516	1.554e3
3836.2915	2.153e3
3836.5967	3.917e2
3836.8247	1.005e3
3837.2993	2.095e3
3837.7585	1.204e3
3838.2976	2.324e3
3838.8025	3.075e3
3839.2893	2.053e3
3840.4104	1.092e3
3840.9922	2.174e3
3841.3831	2.152e3
3841.8940	2.655e3
3842.4285	6.646e3
3843.0005	2.856e3
3843.8486	1.621e3
3844.4133	1.203e3
3845.1045	5.974e2
3845.6672	5.151e2
3845.9983	6.248e2
3846.3591	1.640e3
3846.5632	1.396e3
3847.0735	4.587e2
3847.4058	8.479e2
3847.7991	6.732e2
3848.2424	4.591e3
3848.7205	2.515e3
3849.1204	2.172e3
3849.7937	3.219e3
3850.3518	2.151e3
3850.7283	3.000e3
3851.0620	8.441e2
3851.3162	2.015e3
3851.8635	6.877e2
3852.3599	2.629e3
3852.9529	4.268e2
3853.4426	1.264e3
3854.0811	3.534e3
3854.9824	2.295e3
3855.4438	2.926e3
3856.4600	1.516e3
3856.6614	1.213e3
3857.1604	2.583e2
3857.4211	4.784e2
3857.7932	1.992e2
3858.3940	1.465e3
3858.9053	3.903e3
3859.4316	4.188e3
3859.8584	3.602e3
3860.7043	1.541e3
3861.1272	9.524e2
3861.8398	1.000e3
3862.4231	4.746e3
3862.8337	2.681e3
3863.3669	3.399e3
3863.9277	9.883e2
3864.3010	2.407e3
3864.6626	3.954e2
3864.9971	2.320e2
3865.3208	2.213e3
3866.3042	2.840e3
3866.9204	4.364e2
3867.3037	9.715e2
3867.7676	7.680e2
3868.3745	3.265e3
3868.8030	2.732e3
3869.1172	2.576e3
3869.8657	1.396e3
3870.1890	1.682e3
3870.5212	3.411e3
3870.8604	2.254e3
3871.5974	1.445e3
3871.9502	8.076e2
3872.3064	1.609e3
3872.6687	4.610e2
3872.9619	8.370e2
3873.3025	1.389e3
3873.8953	1.263e3
3874.4075	1.374e3
3874.8096	1.218e3
3875.3013	1.055e3
3876.3472	2.121e3
3876.7119	1.171e3
3877.4944	2.132e3
3877.9446	2.195e3
3878.3909	4.999e3
3878.8608	1.217e3
3879.2224	1.895e3
3879.5667	6.825e2
3879.8198	1.250e3
3880.3198	2.653e3
3880.8816	1.803e3
3881.3264	1.846e3
3881.7134	2.959e3
3882.1709	2.349e3
3882.7026	7.918e2
3883.4258	1.797e3
3883.7603	1.419e3
3884.3213	1.138e3
3885.1526	4.018e2
3885.4885	6.796e2
3885.8875	8.476e2
3886.3269	2.330e3
3886.7695	5.636e3
3887.4604	1.248e3
3888.0540	2.187e3
3888.4954	2.239e3
3889.1392	1.113e3
3889.8914	1.353e3
3890.1826	1.053e3
3890.4211	1.408e3
3890.8572	7.047e2
3891.2864	2.072e3
3892.3835	3.586e3
3892.8376	7.414e2
3893.3147	1.838e3
3893.8533	5.677e2
3894.3306	2.293e3
3894.9614	1.396e3
3895.4182	1.755e3
3895.7393	1.670e3
3896.3005	2.203e3
3896.9966	2.498e3
3897.5142	1.014e3
3897.9419	2.299e3
3898.3052	3.181e3
3898.6782	4.346e3
3899.4807	1.005e3
3899.9580	1.686e3
3900.6099	6.089e2
3901.1287	9.169e2
3901.5994	1.812e3
3902.2212	5.474e2
3902.7869	7.448e2
3903.5149	4.342e3
3904.4001	1.794e3
3904.8867	2.644e3
3905.2847	1.596e3
3905.7239	1.327e3
3906.0139	1.040e3
3906.3960	2.902e3
3907.4360	3.134e3
3908.1016	6.794e3
3908.4470	1.660e3
3908.8167	2.900e3
3909.3340	9.404e2
3910.0906	5.255e2
3910.4490	1.215e3
3910.7168	1.495e3
3911.2480	2.315e3
3911.7400	1.306e3
3912.4419	3.658e2
3912.9792	2.856e2
3913.4299	1.893e3
3913.7202	1.462e3
3914.0542	1.654e3
3914.6511	8.704e2
3914.9207	1.109e3
3915.4744	8.438e2
3916.1670	1.477e3
3916.7000	1.417e3
3916.9617	7.391e2
3917.3188	6.264e2
3918.1765	4.649e3
3918.5195	5.169e3
3919.1069	1.939e3
3919.7979	1.986e3
3920.2598	1.127e3
3920.7537	5.693e2
3921.0193	5.601e2
3921.3132	4.549e2
3921.6538	1.203e3
3921.9875	6.175e2
3922.3669	2.351e3
3922.8142	2.316e3
3923.2280	1.387e3
3923.6177	2.107e3
3924.3604	5.914e2
3925.2327	2.013e3
3925.7246	2.270e3
3926.2495	1.745e3
3926.6467	3.003e3
3927.2991	6.949e2
3928.1323	2.611e3
3928.6033	3.421e3
3929.2358	1.431e3
3930.2341	1.419e3
3930.8228	3.988e2
3931.3259	8.982e2
3931.5608	4.906e2
3932.2302	2.242e3
3933.0540	1.674e3
3933.3230	1.646e3
3933.7947	1.544e3
3934.4202	3.754e3
3934.8115	1.528e3
3935.3665	2.098e3
3935.6982	5.081e2
3935.9231	9.219e2
3936.3713	2.119e3
3936.8247	8.974e2
3937.2700	1.591e3
3937.8037	1.614e3
3938.4282	2.218e3
3938.8296	9.134e2
3939.3096	1.142e3
3939.6147	8.065e2
3939.9548	1.060e3
3940.4929	4.956e3
3941.0923	1.638e3
3941.5054	1.390e3
3941.8879	1.735e3
3942.3320	2.184e3
3942.6245	2.319e3
3943.0388	1.388e3
3943.4041	2.211e3
3943.8118	1.382e3
3944.1606	7.517e2
3944.7803	1.433e3
3945.1238	4.866e2
3946.4775	6.685e3
3947.3269	1.209e3
3947.9133	2.593e3
3948.4011	2.763e3
3948.9282	8.631e2
3949.3960	3.520e3
3950.0261	3.278e3
3950.3940	4.601e3
3951.0396	9.284e2
3951.3228	1.671e3
3951.8206	5.393e2
3952.4128	2.451e3
3953.3298	4.518e3
3953.8611	9.899e2
3954.4514	2.542e3
3954.8640	6.951e2
3955.2539	5.460e2
3955.6323	9.303e2
3955.8633	7.886e2
3956.2263	1.123e3
3956.7178	6.398e2
3957.2048	1.053e3
3957.6826	3.851e2
3958.3518	4.669e3
3958.6377	4.947e3
3959.3767	3.882e3
3960.0457	2.657e3
3960.4075	3.704e3
3960.9199	1.562e3
3961.3328	1.906e3
3961.6628	1.664e3
3962.3357	1.765e3
3962.9399	7.024e2
3963.3982	2.503e3
3963.9387	1.069e3
3964.3723	3.262e3
3964.9409	6.145e2
3965.3896	1.496e3
3965.7346	1.165e3
3966.4219	1.785e3
3967.3459	6.099e3
3968.5168	4.757e3
3969.0952	2.455e3
3969.5188	2.794e3
3970.0635	3.540e3
3970.4128	1.838e3
3970.9180	1.279e3
3971.2881	1.789e3
3972.1409	9.138e2
3972.4111	1.133e3
3973.5012	2.465e3
3973.9160	1.725e3
3974.3711	4.226e3
3975.3701	2.220e3
3975.9309	1.134e3
3976.4604	5.173e3
3977.3843	3.091e3
3977.8301	1.283e3
3978.3823	5.780e3
3978.8562	2.042e3
3979.3943	5.074e3
3979.9202	8.378e2
3980.3872	3.977e3
3980.6638	9.410e2
3981.0234	2.721e3
3981.3877	5.517e3
3981.7537	1.054e3
3982.1306	2.675e3
3982.4106	2.927e3
3983.0886	6.903e2
3983.5586	2.920e3
3984.0632	9.692e2
3984.3193	1.424e3
3984.6926	4.041e2
3985.2651	2.293e3
3985.5310	2.085e3
3985.9165	1.861e3
3986.2646	1.131e3
3986.6714	1.154e3
3987.3123	7.345e2
3987.7898	4.528e2
3988.3848	5.046e3
3988.9138	1.339e3
3989.3027	1.964e3
3989.8938	3.502e3
3990.3765	3.260e3
3990.6633	1.353e3
3990.9612	6.096e2
3991.4050	1.909e4
3991.9224	1.999e3
3992.4033	3.836e4
3992.9282	7.368e2
3993.4077	4.413e4
3993.9189	1.810e3
3994.4080	3.522e4
3994.9512	1.417e3
3995.4089	2.278e4
3995.9519	1.405e3
3996.4160	1.130e4
3996.9229	1.086e3
3997.3960	5.101e3
3997.6609	6.270e2
3998.0305	1.243e3
3998.4365	4.186e3
3998.9009	3.164e3
3999.3801	2.584e3
3999.8340	8.076e2
4000.3528	1.424e3
4000.7634	1.292e3
4001.3345	1.077e3
4001.5610	6.409e2
4002.4028	3.919e3
4002.8608	6.412e2
4003.5146	4.028e3
4003.8132	2.746e3
4004.3169	2.030e3
4004.9055	7.415e2
4005.4197	1.301e4
4005.8887	2.017e3
4006.4177	2.969e4
4006.8606	9.290e2
4007.4175	2.979e4
4007.9380	1.302e3
4008.4185	2.553e4
4008.9153	2.138e3
4009.4185	1.622e4
4009.8975	1.826e3
4010.4292	9.875e3
4010.9626	6.593e2
4011.4153	4.308e3
4012.0215	1.240e3
4012.4546	3.593e3
4012.8918	4.500e2
4013.4038	2.739e3
4013.8906	4.170e3
4014.3748	3.298e3
4014.8330	1.793e3
4015.3906	1.804e3
4015.8501	9.714e2
4016.3633	2.580e3
4016.7368	1.158e3
4017.4019	1.726e3
4018.3689	3.145e3
4018.8677	2.372e3
4019.3682	4.126e3
4019.9497	1.397e3
4020.3943	4.109e3
4020.9788	1.305e3
4021.4172	6.077e3
4021.9502	1.826e3
4022.4050	6.740e3
4022.9612	8.808e2
4023.4021	4.982e3
4023.8135	2.010e3
4024.3501	3.309e3
4024.9155	1.862e3
4025.3318	2.387e3
4025.8865	1.487e3
4026.3557	2.264e3
4027.0149	1.931e3
4027.4316	2.014e3
4027.9324	6.439e2
4028.3896	1.414e3
4028.6616	5.313e2
4028.9617	2.403e2
4029.3892	1.502e3
4029.9465	1.994e3
4030.5027	9.018e3
4030.9604	1.351e3
4031.3152	3.255e3
4031.7332	9.819e2
4032.1226	1.899e3
4032.3618	1.033e3
4032.9558	1.026e3
4033.4009	3.401e3
4033.9285	1.778e3
4034.4043	5.592e3
4034.9468	4.409e2
4035.4116	3.131e3
4035.8604	1.423e3
4036.4502	4.919e3
4036.9775	7.821e2
4037.4016	3.556e3
4038.3911	3.450e3
4038.9165	2.517e3
4039.4424	5.424e3
4039.8604	2.455e3
4040.3611	6.865e2
4040.7227	1.668e3
4041.3171	4.158e3
4042.4307	4.084e3
4043.3828	2.868e3
4044.3772	2.714e3
4044.8208	1.126e3
4045.3223	2.972e3
4045.9956	8.808e2
4046.3396	2.253e3
4046.6853	3.283e3
4047.3328	2.791e3
4048.3755	6.424e3
4048.6606	2.631e3
4048.9607	2.073e3
4049.4336	5.304e3
4050.3896	5.141e3
4051.1602	4.136e3
4051.3623	3.236e3
4051.7622	1.381e3
4052.0618	7.836e2
4052.4167	2.020e3
4052.9133	5.532e2
4053.4114	1.050e3
4053.9492	1.156e3
4054.3306	1.919e3
4054.6626	9.274e2
4054.9973	5.798e2
4055.3169	1.831e3
4055.8730	1.014e3
4056.3408	1.992e3
4056.8604	3.892e2
4057.3518	2.665e3
4057.9263	3.201e3
4058.4014	6.428e3
4058.7627	2.525e3
4059.3206	3.036e3
4059.7378	1.220e3
4059.9993	7.703e2
4060.3459	3.306e3
4061.2795	3.287e3
4061.9722	1.030e3
4062.3657	3.000e3
4062.9656	1.407e3
4063.5964	8.341e3
4064.3945	5.611e3
4065.3965	3.535e3
4065.8977	3.097e3
4066.4734	7.137e3
4067.4263	2.977e3
4067.6619	1.778e3
4068.3577	1.050e4
4069.3533	3.687e3
4069.9692	1.301e3
4070.4626	4.648e3
4070.9238	2.081e3
4071.3899	2.052e3
4072.3442	6.666e3
4072.9609	6.025e2
4073.3291	3.142e3
4073.9495	1.459e3
4074.4500	1.614e3
4074.7712	2.365e3
4075.4055	2.680e3
4075.9939	1.777e3
4076.4167	2.644e3
4076.8875	5.828e2
4077.3979	1.480e3
4077.8479	6.981e2
4078.4395	3.983e3
4078.8926	1.609e3
4079.4119	6.674e3
4079.8560	3.063e3
4080.2000	6.022e3
4080.5627	1.507e3
4081.3630	2.187e3
4081.7231	1.116e3
4082.0796	4.566e2
4082.3303	1.256e3
4082.6636	3.608e2
4082.9729	7.743e2
4083.3362	2.026e3
4083.6143	1.113e3
4084.0190	1.461e3
4084.3804	2.253e3
4084.8188	1.296e3
4085.2178	9.065e2
4085.5952	2.001e3
4086.3750	3.907e3
4086.7136	1.353e3
4087.0151	1.055e3
4087.3867	1.542e3
4087.8235	1.966e3
4088.2817	3.257e3
4088.6206	1.816e3
4088.9624	8.745e2
4089.3857	1.762e3
4089.8401	9.392e2
4090.3796	7.076e3
4091.3823	4.519e3
4092.4363	3.642e3
4093.3303	7.627e3
4093.9856	2.530e3
4094.4116	5.938e3
4094.8628	1.022e3
4095.3171	1.790e3
4095.8308	1.176e3
4096.0605	4.987e2
4096.4419	2.282e3
4096.8716	1.607e3
4097.3677	2.215e3
4097.6611	7.413e2
4098.3643	3.980e3
4099.3101	2.162e3
4099.6606	7.355e2
4100.3213	2.013e3
4100.8359	5.905e2
4101.3862	1.598e3
4101.8267	4.003e3
4102.4902	6.961e3
4103.0303	2.043e3
4103.4771	9.205e3
4104.3467	3.779e3
4104.9800	7.194e2
4105.3892	3.336e3
4106.4048	3.222e3
4106.8804	1.065e3
4107.4141	3.028e3
4107.9023	1.378e3
4108.4297	4.603e3
4108.8159	1.420e3
4109.3877	1.681e3
4109.8892	1.926e2
4110.4517	2.713e3
4110.9229	2.350e3
4111.3657	1.639e3
4111.5610	1.519e3
4111.9697	1.981e3
4112.5127	4.217e3
4112.8633	1.525e3
4113.3320	2.706e3
4113.8130	1.229e3
4114.3887	3.203e3
4114.8174	1.124e3
4115.2866	9.037e2
4115.5474	1.288e3
4115.9629	7.438e2
4116.3159	2.189e3
4117.2231	8.295e2
4117.5771	1.157e3
4118.0356	1.454e3
4118.3994	3.019e3
4118.8311	8.838e2
4119.3389	2.544e3
4119.8418	1.209e3
4120.3530	1.888e3
4120.6143	2.864e3
4121.4570	3.378e3
4121.9434	9.667e2
4122.4429	2.427e3
4123.3940	4.616e3
4123.8608	1.630e3
4124.2622	1.187e3
4124.7939	1.140e3
4125.2373	1.519e3
4126.5371	2.937e3
4126.9536	7.797e2
4127.3198	1.653e3
4127.8335	1.332e3
4128.4092	3.345e3
4128.8706	6.489e3
4129.3208	5.561e3
4130.4556	3.524e3
4130.8833	6.105e2
4131.2603	2.394e3
4132.0371	1.212e3
4132.3818	1.446e3
4132.7612	3.577e2
4133.3750	1.780e3
4133.6143	1.362e3
4134.2612	2.424e3
4134.6782	2.491e3
4135.3760	3.616e3
4135.7603	9.341e2
4136.3789	2.310e3
4137.0454	8.013e2
4137.4458	1.259e3
4138.4302	8.781e3
4138.7612	3.871e3
4139.2783	2.657e3
4139.8140	1.367e3
4140.1978	1.506e3
4140.8857	1.067e3
4141.4253	1.632e3
4141.8608	1.440e3
4142.3652	3.593e3
4142.9463	9.659e2
4143.3330	2.404e3
4143.6611	7.319e2
4144.3247	3.703e3
4144.9565	1.031e3
4145.3091	2.462e3
4145.7886	1.463e3
4146.3774	1.842e3
4147.3779	3.207e3
4147.8340	1.663e3
4148.2700	3.949e3
4148.6152	3.946e3
4149.3755	1.191e3
4150.0586	1.428e3
4150.3408	1.314e3
4150.8252	3.272e3
4151.4600	3.192e3
4152.0127	5.296e2
4152.4478	1.264e3
4152.7686	1.962e3
4153.0625	1.438e3
4153.4131	1.882e3
4153.9136	4.987e2
4154.3242	8.484e2
4154.6187	8.490e2
4155.1992	1.034e3
4155.6396	5.385e2
4156.0513	1.361e3
4156.4136	2.365e3
4156.8257	1.069e3
4157.2656	1.058e3
4157.5259	2.473e3
4158.3291	3.744e3
4158.7930	6.106e3
4159.1611	2.839e3
4160.0146	4.518e3
4160.4399	2.488e3
4160.9023	1.452e3
4161.3281	1.004e3
4161.9248	2.259e3
4162.4692	4.081e3
4163.4604	3.270e3
4163.8623	1.015e3
4164.3848	1.101e3
4164.9365	7.673e2
4165.4468	2.343e3
4165.9487	1.936e3
4166.4287	2.593e3
4166.6611	1.518e3
4167.0610	5.454e2
4167.4932	2.308e3
4168.2227	4.125e3
4168.6118	1.705e3
4168.9478	2.020e3
4169.3784	2.580e3
4169.9917	2.315e3
4170.4229	3.799e3
4171.0522	1.089e3
4171.3438	1.295e3
4171.8364	1.611e3
4172.3828	1.142e3
4172.9199	1.098e3
4173.8794	3.723e3
4174.3765	4.106e3
4175.2822	2.434e3
4175.6611	7.064e2
4176.0278	5.334e2
4176.3105	5.240e2
4177.4043	3.771e3
4178.0620	1.789e3
4178.5142	5.878e3
4179.0200	2.948e3
4179.4141	2.364e3
4180.3813	3.293e3
4180.8154	1.346e3
4181.3838	1.939e3
4182.0356	2.238e3
4182.4268	1.400e3
4183.3931	4.807e3
4183.7949	2.842e3
4184.2524	3.840e3
4184.9795	2.769e2
4185.3213	1.016e3
4186.1519	2.298e3
4186.4194	2.028e3
4187.1875	2.027e3
4187.6602	5.584e2
4188.1455	1.042e3
4188.6240	1.923e3
4189.0371	1.819e3
4189.4170	2.588e3
4189.7607	3.085e2
4190.2144	3.907e3
4190.6626	1.094e3
4191.3525	1.486e3
4191.5605	6.928e2
4192.2329	5.445e3
4192.9434	2.592e3
4193.4043	4.751e3
4194.2671	2.159e3
4194.8071	5.914e2
4195.3696	1.667e3
4195.9741	5.671e2
4196.3472	4.838e2
4196.5605	3.119e2
4197.2764	1.246e3
4197.5693	3.483e2
4198.5186	7.203e3
4198.9604	1.959e3
4199.7222	3.762e3
4200.4082	2.767e3
4200.8745	1.391e3
4201.2607	2.522e3
4201.4624	1.853e3
4202.0879	6.017e3
4203.2783	1.833e3
4203.9326	2.480e3
4204.4175	1.165e3
4204.8770	2.015e3
4205.3828	1.493e3
4205.8638	7.416e2
4206.3491	3.146e3
4206.8633	6.498e2
4207.4019	1.409e3
4207.8306	1.378e3
4208.3623	2.819e3
4209.2070	1.388e3
4209.7422	6.688e2
4210.1675	1.685e3
4210.5566	2.703e3
4210.8311	1.874e3
4211.1211	2.215e3
4211.6973	4.310e3
4212.2080	2.641e3
4212.8135	1.057e3
4213.3311	1.426e3
4213.7305	1.756e3
4214.2114	4.181e3
4214.6265	1.826e3
4215.0669	8.484e2
4215.4434	7.774e2
4215.7729	9.303e2
4216.4746	3.941e3
4216.8228	9.679e2
4217.2959	8.271e2
4217.7461	5.742e2
4218.3149	2.031e3
4218.8008	3.114e3
4219.2627	2.920e3
4219.6250	1.949e3
4220.2402	9.055e2
4221.2397	5.589e2
4222.0200	3.597e3
4222.4375	4.465e3
4223.0249	7.094e3
4223.7261	4.708e3
4224.3013	2.553e3
4224.9370	8.083e2
4225.3794	1.100e3
4225.7798	1.077e3
4226.4077	4.145e3
4227.1787	1.281e3
4228.1597	4.495e3
4228.5107	5.688e3
4229.2627	8.450e2
4229.7720	1.430e3
4230.2183	3.708e3
4231.2842	9.971e2
4231.8691	3.400e2
4232.2563	4.891e2
4232.7598	1.318e3
4233.3086	2.112e3
4233.7412	3.325e3
4234.2974	3.636e3
4235.2642	1.303e3
4235.5610	5.376e2
4236.3071	9.487e2
4236.7153	4.601e2
4237.7700	3.483e3
4238.4473	5.953e3
4239.1406	2.729e3
4239.7773	1.155e3
4240.2031	2.368e3
4240.5269	2.366e3
4241.4224	1.819e3
4242.1362	2.623e3
4243.3262	1.610e3
4243.7896	1.788e3
4244.1831	1.537e3
4244.5259	7.836e2
4245.1929	3.686e2
4245.5361	5.014e2
4246.4736	2.881e3
4246.7612	1.950e3
4247.2539	1.867e3
4247.6118	2.372e3
4248.1821	2.741e3
4248.5977	2.433e3
4248.9561	1.733e3
4249.3101	1.002e3
4249.8076	1.687e3
4250.1416	1.105e3
4250.4839	2.270e3
4251.0308	2.731e3
4251.3628	1.590e3
4251.9375	6.868e2
4252.3511	6.608e2
4252.8223	7.202e2
4253.2002	5.201e2
4253.5190	1.448e3
4254.0732	1.244e3
4254.3638	8.771e2
4255.2383	4.521e3
4255.7383	1.341e3
4256.3530	1.045e3
4256.7158	4.644e2
4257.0864	5.799e2
4257.3633	4.685e2
4258.2280	6.074e3
4258.7178	1.534e3
4259.0942	2.455e3
4259.6631	2.474e3
4260.0117	1.367e3
4260.6694	1.462e3
4261.2246	2.031e3
4261.6216	9.951e2
4262.0205	7.290e2
4262.4941	1.745e3
4263.2500	2.264e3
4263.8232	9.786e2
4264.3618	2.346e3
4264.9790	2.185e3
4265.6284	7.577e2
4266.1650	2.109e3
4266.4619	1.045e3
4266.9092	1.475e3
4267.7412	1.947e3
4268.2036	2.198e3
4268.5171	1.860e3
4268.8618	7.954e2
4269.1621	7.974e2
4269.8389	8.921e2
4270.3423	4.130e3
4270.7153	3.732e3
4271.3540	2.911e3
4271.7583	1.798e3
4272.2021	1.734e3
4272.6328	1.634e3
4273.1602	3.114e3
4273.7056	1.727e3
4274.2720	1.462e3
4274.5610	7.316e2
4275.2515	1.068e3
4275.6963	9.502e2
4276.0200	7.332e2
4276.3462	7.664e2
4277.1021	1.649e3
4277.5151	7.828e2
4278.1841	2.822e3
4278.5376	1.752e3
4278.9521	1.468e3
4279.1606	1.145e3
4279.5879	1.349e3
4279.9209	8.932e2
4280.4590	7.570e2
4280.8423	7.271e2
4281.2671	1.414e3
4281.7715	7.482e2
4282.3979	3.403e3
4282.8496	7.485e3
4283.5815	2.359e3
4284.1821	1.109e3
4284.6069	9.500e2
4285.2788	1.382e3
4285.8232	1.090e3
4286.2871	1.121e3
4286.9238	2.107e2
4287.3765	3.940e2
4288.1489	3.205e3
4288.5991	5.676e3
4289.1284	3.024e3
4289.4126	2.241e3
4289.8184	6.717e2
4290.2671	1.271e3
4290.5605	7.917e2
4291.2109	1.671e2
4291.6128	3.265e2
4292.3071	1.770e3
4293.2002	1.566e3
4293.7988	1.355e3
4294.3530	5.816e3
4294.9126	1.432e3
4295.2578	1.680e3
4295.8125	1.418e3
4296.0605	4.614e2
4296.4243	1.236e3
4297.1733	1.331e3
4298.3867	2.091e3
4299.2529	1.498e3
4299.5264	1.311e3
4299.9292	1.279e3
4300.3291	1.910e3
4300.7300	1.275e3
4301.2183	1.412e3
4301.4614	8.051e2
4302.1357	9.540e2
4302.5576	2.281e3
4303.1343	2.152e3
4303.5039	2.453e3
4304.0439	2.239e3
4304.5352	6.281e2
4304.8657	5.454e2
4305.2290	1.067e3
4306.1406	2.336e3
4306.6079	3.702e3
4307.3940	8.749e2
4308.0068	8.475e2
4308.5132	1.910e3
4309.1812	1.081e3
4309.5757	1.081e3
4309.8940	2.215e3
4310.5347	7.685e3
4311.1797	1.825e3
4311.7344	7.545e2
4312.1489	1.361e3
4312.5122	2.941e3
4313.2251	1.797e3
4313.7383	1.304e3
4314.1807	2.583e3
4315.1563	2.959e2
4315.5991	2.524e2
4316.0723	1.429e3
4316.6401	4.234e2
4317.0469	5.792e2
4317.2612	2.627e2
4317.5938	6.053e2
4318.3682	6.604e3
4319.1265	3.565e3
4319.9272	1.098e3
4320.3960	9.790e2
4320.8828	1.293e3
4321.2310	2.214e3
4321.7271	3.794e3
4322.1118	1.717e3
4322.5410	1.030e3
4323.0264	1.098e3
4323.4150	1.055e3
4324.1768	3.792e3
4324.7983	1.267e3
4325.3208	8.615e2
4325.7192	4.237e2
4326.2505	9.371e2
4326.5186	1.306e3
4327.0488	1.384e3
4327.8086	3.617e3
4328.2314	1.722e3
4328.8242	2.366e3
4329.1616	6.617e2
4329.8350	3.709e2
4330.3984	1.515e3
4330.9180	2.450e3
4331.6138	5.922e2
4332.3569	5.368e3
4332.9907	2.690e3
4333.6904	2.709e3
4334.0190	1.745e3
4334.4814	1.114e3
4334.8179	9.032e2
4335.1855	3.377e2
4335.5239	8.771e2
4336.1406	2.392e3
4336.7578	1.062e3
4337.4248	1.038e3
4338.3418	6.733e3
4339.1274	1.530e3
4339.5513	5.990e2
4339.8213	7.847e2
4340.1646	6.591e2
4340.7192	5.145e2
4341.1060	5.434e2
4341.4170	2.493e2
4342.1401	1.353e3
4342.9863	2.514e3
4343.5708	5.692e3
4344.6182	1.631e3
4345.2788	1.796e3
4345.8638	2.341e3
4346.1621	1.332e3
4346.8184	1.433e3
4347.2485	6.881e2
4348.0122	2.585e3
4348.5215	3.233e3
4348.8188	2.179e3
4349.2148	1.088e3
4349.6147	1.362e3
4349.9346	9.617e2
4350.5024	1.347e3
4350.9224	6.251e2
4351.4404	7.550e2
4352.0278	9.919e2
4352.6865	2.065e2
4353.2319	8.464e2
4353.5342	4.816e2
4354.3721	3.607e3
4354.8750	5.376e3
4355.5610	2.269e3
4356.1230	9.127e2
4356.5400	5.254e2
4357.0850	9.898e2
4357.4839	2.877e2
4357.9805	3.022e3
4358.4116	3.027e3
4358.8218	3.629e3
4360.0776	4.710e3
4360.9736	7.618e2
4361.3179	8.636e2
4361.8608	5.422e2
4362.4819	5.133e2
4363.1221	1.138e3
4363.5054	1.841e3
4363.8311	1.193e3
4364.3345	8.281e2
4365.2866	1.568e3
4365.7319	1.454e3
4366.1543	2.707e3
4366.5161	2.853e3
4367.2070	1.566e3
4367.6372	2.611e3
4368.1885	3.169e3
4368.5142	1.670e3
4368.9019	2.285e3
4369.4199	9.898e2
4369.8682	1.835e3
4370.1626	8.316e2
4370.6152	1.397e3
4371.1343	9.395e2
4372.1289	1.591e3
4372.6270	9.572e2
4373.3652	1.970e3
4373.7266	8.830e2
4374.0747	9.432e2
4374.3242	1.334e3
4374.6602	1.163e3
4375.2715	8.580e2
4375.6187	6.653e2
4376.1104	1.001e3
4376.5952	3.945e2
4377.0396	4.572e2
4377.5327	7.698e2
4377.9741	1.200e3
4378.3760	3.144e3
4378.8018	1.533e3
4379.4932	2.680e3
4380.1348	9.685e2
4380.7847	1.358e3
4381.2939	8.495e2
4381.7246	2.860e3
4382.1152	3.456e3
4382.8560	5.883e2
4383.4014	3.473e2
4383.8936	1.129e3
4384.2974	1.086e3
4384.6621	2.221e2
4385.3999	2.375e2
4386.2905	2.788e2
4387.0747	1.176e3
4387.4253	1.132e3
4387.9092	1.062e3
4388.4126	1.177e3
4389.3159	5.267e2
4389.7935	9.574e2
4390.1240	1.983e3
4390.5605	5.312e3
4391.0986	3.144e3
4391.5103	1.379e3
4392.2104	1.410e3
4392.7549	1.052e3
4393.2983	2.033e3
4393.8335	6.880e2
4394.2002	1.177e3
4394.5190	1.203e3
4395.2690	2.394e2
4395.8394	5.853e2
4396.5762	1.147e3
4397.0654	1.675e2
4397.5464	2.799e2
4398.1196	1.660e3
4398.4360	1.719e3
4398.7920	9.156e2
4399.0376	2.113e3
4399.4678	1.951e3
4399.8613	7.003e2
4400.2129	6.081e2
4400.5967	3.363e2
4401.2349	1.095e3
4401.4858	5.886e2
4401.7886	1.374e3
4402.1353	2.342e3
4402.5352	2.959e3
4403.1108	2.223e3
4403.6323	2.667e3
4404.2305	7.843e2
4404.8047	8.610e1
4405.2993	5.934e2
4405.9272	7.392e2
4406.1616	4.004e2
4406.6250	3.075e2
4407.0620	2.646e2
4407.4751	6.077e2
4408.1533	1.425e3
4408.4536	1.301e3
4408.8550	3.109e3
4409.1631	1.782e3
4409.6196	1.350e3
4410.2700	1.985e3
4410.5605	1.106e3
4411.8081	2.084e3
4412.3091	4.959e2
4412.6177	3.056e2
4412.9639	4.625e2
4413.3779	1.016e3
4413.8237	7.405e2
4414.4600	2.415e3
4414.9634	8.013e2
4415.3599	1.824e3
4416.1743	1.493e2
4416.3628	1.023e2
4416.8223	7.413e2
4417.2881	3.489e2
4417.5229	5.059e2
4418.0332	2.063e3
4418.4888	1.393e3
4419.1895	2.127e2
4419.5537	2.318e3
4420.4570	4.140e3
4420.7603	1.663e3
4421.2153	1.055e3
4421.6470	6.186e2
4422.1416	2.174e3
4422.3613	1.282e3
4423.0850	4.559e3
4424.2197	3.020e2
4424.7822	9.792e1
4425.1885	1.986e2
4425.5498	2.921e2
4426.0762	1.665e3
4426.6255	8.670e2
4427.0010	1.210e3
4427.4810	3.842e2
4428.3223	2.853e3
4428.7607	4.126e2
4429.3423	1.150e3
4429.5601	4.363e2
4429.8857	8.127e2
4430.1636	1.268e3
4430.4458	1.638e3
4431.0054	2.724e3
4431.5127	4.049e3
4432.0972	1.936e3
4432.5200	8.887e2
4433.1069	1.369e3
4433.8149	7.667e2
4434.2217	1.533e2
4434.9287	1.277e3
4435.3398	2.305e2
4435.9204	1.128e3
4436.4126	3.085e2
4436.6641	2.393e2
4437.2935	7.502e2
4437.7915	2.455e2
4438.2324	1.541e3
4438.6836	1.361e3
4438.9624	5.764e2
4439.5698	1.137e3
4439.9165	1.400e3
4440.4951	3.697e2
4440.7207	4.164e2
4441.1113	6.557e2
4441.9819	1.607e3
4442.5107	2.043e3
4442.8428	2.882e3
4443.7363	6.829e2
4444.1743	9.128e2
4444.5991	1.335e3
4445.7305	1.545e3
4446.4531	1.459e3
4446.7207	1.770e3
4447.7173	6.220e2
4448.4312	2.791e3
4449.5918	5.419e2
4450.0928	2.399e3
4450.6270	9.628e2
4450.9609	6.044e2
4452.0356	1.527e2
4452.3774	1.681e2
4452.8140	1.363e3
4453.2754	2.221e3
4453.7925	2.412e3
4454.0605	8.246e2
4454.4175	9.023e2
4454.9736	9.639e2
4455.8960	5.442e2
4456.2983	7.034e1
4456.7676	5.530e2
4457.1812	1.613e3
4457.8213	1.385e3
4458.2773	1.208e3
4458.7969	2.101e3
4459.2290	1.088e3
4459.6621	2.451e2
4460.0737	3.915e2
4460.4614	1.060e2
4460.7515	2.366e2
4461.1211	1.991e2
4462.0635	2.409e3
4462.4648	8.450e2
4462.8896	6.347e2
4463.3657	9.508e2
4464.1104	2.003e3
4464.8799	1.472e3
4465.5137	1.813e2
4466.1221	8.100e2
4466.5972	1.182e3
4466.9888	1.005e3
4467.6479	9.447e2
4468.0903	1.953e3
4468.3247	3.070e3
4468.7612	8.168e2
4469.5386	6.225e2
4470.1641	9.989e1
4470.5386	5.948e2
4471.1548	2.392e3
4471.3604	1.766e3
4471.7603	2.167e3
4473.2354	1.187e3
4473.7705	3.511e2
4474.4082	2.660e3
4475.2104	1.588e3
4475.6812	3.266e2
4476.1260	1.326e2
4476.4604	8.382e-1
4477.5835	6.413e2
4477.9536	2.203e3
4478.8267	3.436e3
4479.5469	9.628e2
4480.1411	1.647e3
4480.3633	1.249e3
4480.7148	1.340e3
4481.2212	1.591e3
4481.7896	1.873e3
4482.2529	6.494e2
4482.6924	1.632e3
4482.9619	4.192e2
4483.3169	4.060e2
4483.6846	5.117e2
4484.2476	1.449e2
4484.8042	7.014e2
4485.2778	1.037e3
4485.7500	9.760e2
4486.1792	4.057e3
4487.0225	1.541e2
4487.3384	1.099e2
4488.2954	1.512e3
4488.8564	2.398e3
4489.3457	1.686e3
4489.7939	1.544e3
4490.1523	3.586e3
4490.5640	5.757e2
4490.8608	4.623e2
4491.4834	3.992e2
4492.0127	1.735e3
4492.3608	9.176e2
4492.9419	4.203e2
4493.3623	5.797e2
4493.5610	2.915e2
4493.9199	7.450e2
4494.2236	7.950e2
4494.5635	3.143e2
4494.8926	7.490e2
4495.3306	6.013e2
4495.8208	1.668e2
4496.3628	3.316e2
4496.6655	3.608e0
4497.1665	1.897e2
4497.6221	1.112e3
4498.2178	3.930e3
4498.7368	1.911e3
4499.0161	1.668e3
4499.7788	1.052e3
