3500.1077	2.220e2
3500.4639	1.090e2
3501.1797	2.016e3
3501.8696	3.133e3
3502.4153	7.982e2
3502.8755	8.263e2
3503.3867	1.337e3
3503.9475	7.709e2
3504.2290	1.410e3
3504.7253	1.002e3
3505.1631	1.994e2
3505.7625	1.115e3
3506.0164	1.260e3
3506.4954	6.860e2
3506.9507	2.190e3
3507.8618	5.482e2
3508.2656	1.824e3
3508.7600	2.357e3
3509.0637	9.630e2
3509.6272	1.009e3
3510.0142	1.431e3
3510.4124	1.304e3
3510.8901	4.328e3
3511.4143	1.508e3
3512.0686	1.542e3
3512.3904	2.641e3
3512.8264	3.248e2
3513.2788	1.840e3
3513.6614	8.523e2
3514.0520	4.994e2
3514.4116	1.393e3
3514.6621	9.318e2
3515.1245	8.426e2
3515.6921	2.878e2
3516.0110	1.532e3
3517.0725	6.278e2
3517.7915	1.858e3
3518.3403	1.633e3
3518.8452	3.452e3
3519.2222	1.409e3
3519.8052	2.924e3
3520.3206	1.817e3
3520.7178	7.250e2
3521.1521	7.119e2
3521.5269	1.525e3
3522.1753	2.502e3
3522.4629	9.491e2
3522.7612	4.491e2
3523.2939	2.194e3
3523.9468	4.109e2
3524.2388	4.960e2
3524.8250	2.054e3
3525.1626	3.878e2
3525.7241	1.607e3
3526.4204	2.660e3
3527.0271	2.228e3
3527.3638	1.618e3
3528.3140	1.289e3
3528.7593	1.314e3
3528.9609	1.162e3
3529.4890	8.146e2
3529.7393	1.628e3
3530.1445	1.510e3
3530.5225	1.144e3
3530.9990	2.312e3
3531.5645	5.277e2
3531.8643	3.498e2
3532.2644	1.977e1
3532.8330	1.106e3
3533.2671	6.666e2
3533.6194	1.688e3
3534.4094	2.463e3
3535.4072	2.342e3
3535.7935	1.302e3
3536.0613	7.533e2
3537.0991	1.435e3
3537.7905	1.431e3
3538.3340	1.118e3
3538.7019	1.447e3
3539.1802	3.460e3
3540.1465	1.412e3
3540.5142	2.587e3
3540.8516	2.332e3
3541.7993	2.477e3
3542.0632	5.280e2
3542.3950	6.938e2
3542.8582	4.634e3
3543.2832	2.797e3
3544.0652	5.831e2
3544.4602	1.294e3
3545.3237	8.081e2
3545.7949	2.257e2
3546.1160	7.695e2
3546.5769	1.328e3
3547.1467	1.627e3
3547.9043	2.752e3
3548.2151	8.319e2
3548.8560	3.000e3
3549.2266	8.520e2
3549.7356	1.996e3
3550.1843	7.486e2
3550.5681	3.631e2
3551.0718	7.308e2
3551.5132	3.626e2
3552.0659	1.034e3
3552.6958	1.023e3
3553.3096	1.977e3
3553.6843	2.330e3
3554.1812	2.335e3
3554.4639	9.795e2
3554.7612	3.904e2
3555.1387	1.124e3
3555.4351	1.093e3
3556.0662	1.114e3
3556.4419	5.749e2
3556.7827	1.211e3
3557.4229	7.033e1
3558.1418	1.389e3
3558.5129	5.864e3
3558.8606	1.199e3
3559.2637	3.404e2
3559.8032	2.627e3
3560.3958	4.473e2
3560.8584	1.468e3
3561.1855	2.429e3
3561.7092	1.610e3
3562.1934	2.749e3
3562.8533	3.109e3
3563.4155	9.395e2
3563.9729	3.048e3
3564.2612	3.400e2
3564.7966	2.015e3
3565.2136	1.353e3
3565.9727	1.527e3
3566.5818	6.257e2
3566.9626	2.372e3
3567.7803	1.171e3
3568.4338	2.535e3
3568.9670	2.244e3
3569.5027	1.479e3
3569.9768	6.790e2
3570.3606	5.533e2
3570.7183	1.101e3
3571.2734	1.893e3
3571.7102	1.376e3
3572.0317	1.111e3
3572.8457	1.098e3
3573.2339	2.772e2
3573.7485	1.179e3
3574.0945	4.191e2
3574.3850	8.896e2
3574.6211	1.321e3
3575.1116	1.241e3
3575.4331	1.200e3
3575.9116	1.312e3
3576.3953	1.246e3
3576.8726	1.548e3
3577.3413	8.074e1
3577.7239	6.899e2
3578.2090	1.907e3
3578.7473	4.434e2
3579.1133	1.855e3
3579.6235	2.087e3
3579.9192	1.108e3
3580.3535	2.550e3
3580.8926	2.928e3
3581.3562	1.222e3
3582.0161	1.548e3
3582.6436	1.472e3
3582.9993	2.540e2
3583.3428	2.054e3
3583.7976	1.267e3
3584.1221	4.404e3
3584.6943	1.279e3
3585.2375	2.382e2
3586.1106	3.901e3
3586.4626	3.560e2
3587.1296	1.597e3
3587.6631	1.696e1
3588.1831	1.384e3
3588.7876	2.949e3
3589.2473	6.547e2
3589.7041	2.098e3
3590.1370	3.006e3
3590.5444	1.636e3
3590.9255	1.026e3
3591.4463	2.067e3
3592.2183	4.981e2
3592.7446	1.674e2
3593.1245	7.542e2
3593.5879	6.551e2
3594.2271	2.983e3
3594.5779	2.334e2
3594.8616	4.743e2
3595.4778	1.454e3
3595.8496	7.341e2
3596.1746	1.294e3
3596.5161	6.835e2
3596.8621	1.604e3
3597.8267	7.345e2
3598.2400	1.716e3
3598.6660	3.791e3
3599.1074	2.254e3
3600.0227	1.174e3
3600.4949	2.043e3
3600.9656	6.288e2
3601.2952	1.306e3
3601.7334	1.152e3
3602.3247	4.302e2
3602.8025	1.045e3
3603.5291	2.600e3
3603.9619	3.765e2
3604.2610	6.201e2
3604.6387	5.545e2
3605.2024	3.745e2
3605.8196	3.640e2
3606.0605	1.117e2
3606.4839	1.688e2
3607.3049	1.871e3
3608.1099	2.736e3
3608.9431	9.366e2
3609.6758	2.176e3
3610.2292	1.601e3
3610.6023	1.469e3
3610.9316	1.344e3
3611.3589	8.996e2
3611.8323	1.604e3
3612.2039	5.588e3
3612.9006	5.366e2
3613.3220	1.094e3
3613.7507	1.966e3
3614.1338	4.028e3
3614.5383	6.612e2
3615.0161	3.215e3
3616.1113	3.441e3
3616.4612	5.136e2
3616.8184	1.460e3
3617.2881	9.766e2
3617.6333	1.845e3
3618.1528	2.279e3
3618.6162	2.389e3
3619.4297	1.715e3
3620.1387	2.865e3
3621.2681	2.228e3
3622.2119	1.870e3
3622.6179	1.989e3
3623.3748	3.827e3
3623.9861	9.558e2
3624.2202	1.340e3
3624.7295	6.383e2
3625.2292	2.015e3
3625.7278	3.942e2
3626.3115	1.512e3
3626.8503	1.132e3
3627.0603	1.166e3
3627.6687	5.805e2
3628.0322	2.462e3
3628.4758	1.784e3
3629.0291	1.508e3
3629.9448	7.823e2
3630.4839	2.393e2
3630.9331	2.173e3
3631.6829	1.195e3
3632.0178	1.307e3
3632.6016	3.358e1
3633.0723	8.159e2
3633.4778	1.274e3
3633.7571	1.163e3
3634.2939	3.081e3
3634.5605	4.083e2
3635.2097	3.500e3
3636.2295	1.033e3
3636.9250	1.222e3
3637.6289	7.695e2
3638.1841	2.604e3
3638.7720	1.232e3
3638.9617	8.443e2
3639.5618	2.944e3
3640.3047	7.807e2
3640.8765	2.203e3
3641.7185	4.076e2
3642.2002	2.993e2
3642.6514	3.180e2
3643.0000	3.959e1
3643.4773	5.148e2
3643.8809	1.744e3
3644.8970	4.297e1
3645.3132	4.388e1
3645.7441	7.446e2
3646.1750	1.362e3
3646.7925	7.387e2
3647.2014	9.609e2
3647.8606	1.583e3
3648.4421	1.960e3
3648.8982	1.727e3
3649.2842	1.329e3
3649.7278	7.833e2
3650.1943	1.850e3
3650.9380	1.259e3
3651.3411	5.540e2
3651.7603	3.413e2
3652.2542	1.487e3
3652.7751	2.357e3
3653.1265	1.459e3
3654.1777	1.156e3
3654.4270	1.315e3
3655.0168	1.382e3
3655.3630	3.779e2
3656.0654	1.475e3
3656.7742	3.761e2
3657.1235	5.731e2
3657.6350	9.323e2
3658.0925	6.551e2
3658.4614	1.897e3
3658.8171	3.650e3
3659.5603	7.238e2
3659.9299	2.972e3
3660.3201	3.831e2
3660.6631	5.938e2
3660.9619	5.408e2
3661.2234	5.908e2
3661.7493	1.917e3
3662.2280	2.050e3
3662.6155	2.191e3
3663.0305	1.347e3
3663.4207	1.912e3
3663.8196	1.360e3
3664.3752	1.171e3
3664.6326	1.436e3
3665.2363	5.504e2
3665.8401	1.250e3
3666.2278	2.819e3
3667.0576	1.892e3
3667.7317	1.699e2
3668.2524	1.091e3
3668.8318	5.503e2
3669.2605	1.113e3
3670.2847	6.727e3
3670.6941	1.319e3
3671.0725	1.814e3
3671.6357	5.020e3
3672.2915	2.260e3
3672.9475	3.548e3
3673.3279	1.634e3
3673.7407	1.325e3
3674.2668	4.151e3
3674.9900	1.532e3
3675.5928	1.783e3
3676.0149	1.155e3
3676.7751	5.843e2
3677.0632	1.020e3
3677.5369	3.040e2
3678.2285	2.151e3
3678.7703	1.172e3
3679.2478	2.835e3
3679.5603	1.330e3
3680.1853	3.846e3
3680.8381	1.299e3
3681.2258	2.185e3
3681.4604	1.348e3
3682.3274	2.727e3
3682.8142	2.033e3
3683.3127	2.011e3
3683.7788	3.999e2
3684.1775	9.778e2
3684.3606	6.366e2
3685.0442	1.224e3
3685.4233	4.461e2
3685.8450	8.933e2
3686.2192	8.339e2
3686.4612	4.850e2
3686.8401	4.706e2
3687.0637	4.229e2
3687.6003	5.654e2
3688.0540	1.092e3
3688.5088	3.641e3
3688.9580	4.905e3
3689.4597	2.241e3
3689.7620	1.206e3
3690.2615	4.005e3
3690.6301	6.956e2
3691.1011	2.279e3
3691.6128	2.336e3
3692.2769	3.037e3
3692.6609	4.121e2
3693.0452	4.432e3
3693.6758	1.520e3
3694.2209	2.885e3
3694.5649	1.869e3
3695.2200	1.754e3
3695.7615	4.244e2
3696.0525	7.782e2
3696.6677	6.286e1
3697.4094	2.582e3
3698.1416	1.821e3
3698.6624	1.728e3
3699.0217	1.410e3
3699.8479	5.394e2
3700.2063	9.014e2
3700.4641	2.745e2
3701.2407	2.306e3
3701.8467	1.345e3
3702.3403	1.714e3
3702.5642	1.691e3
3703.3037	7.945e2
3703.8853	1.908e3
3705.1414	5.618e2
3705.5725	3.701e2
3705.8831	2.635e2
3706.2571	9.569e2
3706.6023	1.616e3
3707.1145	1.598e3
3707.6353	1.220e3
3708.2102	2.198e3
3708.5237	9.360e2
3708.8721	2.076e3
3709.2329	2.458e3
3709.8174	8.903e2
3710.3020	4.352e3
3710.7620	1.829e3
3711.2019	1.402e3
3711.6033	1.173e3
3712.1514	1.314e3
3712.4617	8.088e2
3712.9731	9.101e2
3713.2366	9.526e2
3713.5269	1.387e3
3714.2749	1.507e3
3715.0210	9.362e2
3716.1079	1.791e3
3716.8276	5.195e2
3717.1250	4.151e2
3718.3157	2.219e3
3718.6628	4.258e2
3719.3562	3.876e3
3719.8579	1.185e3
3720.8950	8.447e2
3721.4202	6.355e2
3721.7654	2.044e2
3722.2593	1.388e3
3722.7646	5.466e2
3723.2534	7.774e2
3723.5996	1.383e3
3724.2229	1.595e3
3724.9565	1.392e3
3726.2727	2.189e3
3726.5791	1.983e2
3726.9106	6.516e2
3727.2656	7.115e2
3727.7251	1.060e3
3728.1621	1.441e3
3728.4163	1.470e3
3728.9456	2.214e3
3729.4150	1.870e3
3730.3325	4.210e3
3731.4131	2.006e3
3732.2952	2.528e3
3732.9895	9.982e2
3733.4304	1.247e3
3733.9346	1.833e3
3734.3562	1.483e3
3734.7932	1.856e3
3735.2158	7.477e1
3735.6619	5.503e2
3735.9551	7.017e2
3736.4729	1.313e3
3736.7188	1.575e3
3737.2854	2.456e3
3737.8474	3.308e2
3738.2612	1.185e3
3738.4609	7.965e2
3738.8972	9.829e2
3739.2439	6.116e2
3739.5515	6.174e2
3739.9199	1.166e3
3740.1602	5.512e2
3741.0190	2.040e2
3741.4744	1.734e2
3741.8704	9.121e2
3742.4102	1.796e3
3742.6624	9.035e2
3743.2434	1.411e3
3743.6260	2.408e3
3744.3967	1.206e3
3744.8767	1.539e3
3745.4285	5.605e2
3745.7788	2.146e2
3746.3386	5.561e3
3747.2810	5.312e2
3747.5854	1.664e3
3747.8665	5.772e2
3748.1782	9.044e2
3748.5010	2.136e3
3748.9055	2.096e3
3749.2429	2.112e3
3749.6135	7.877e2
3750.2048	2.204e3
3750.7390	3.186e3
3751.1907	2.144e3
3751.5830	1.678e3
3751.8633	2.577e3
3752.2781	3.259e3
3752.8618	6.732e2
3753.4199	1.655e3
3753.8130	9.015e2
3754.3096	3.983e3
3754.8821	1.488e3
3755.5872	3.791e3
3756.2173	1.430e3
3756.9138	2.527e3
3757.1638	1.430e3
3757.5752	1.043e3
3758.3210	5.263e3
3758.8250	2.686e3
3759.7083	2.003e3
3760.0422	1.528e3
3760.3967	2.367e3
3760.8948	3.080e3
3761.2253	2.282e3
3761.6934	1.339e3
3762.2188	2.233e3
3762.5605	5.969e2
3763.4194	1.569e3
3763.8169	1.692e3
3764.2805	1.483e3
3764.8936	2.261e3
3765.2988	1.569e3
3766.2832	3.114e3
3766.8115	1.581e3
3767.2141	1.947e3
3767.8818	2.106e3
3768.8970	4.788e3
3769.3386	3.725e3
3770.2703	2.493e3
3770.8608	4.994e2
3771.6792	3.548e3
3772.4185	1.573e3
3773.0564	1.041e3
3773.4053	1.605e3
3774.0479	2.744e3
3774.5981	1.672e3
3775.4255	3.711e3
3775.9749	1.794e3
3776.8403	3.212e3
3777.2639	3.536e2
3777.6533	9.703e2
3778.2656	9.293e3
3778.7068	3.725e3
3779.0830	2.238e3
3779.5173	5.749e3
3780.1929	2.006e3
3780.9141	4.798e3
3781.7957	1.287e3
3782.2383	4.354e3
3782.6306	1.748e3
3782.9692	1.194e3
3783.2871	9.191e2
3783.6211	2.568e3
3783.9626	5.572e2
3784.3235	4.504e2
3784.5894	3.362e2
3784.9431	1.037e3
3785.3467	1.861e3
3786.2202	1.867e3
3786.4619	8.174e2
3786.9028	1.188e3
3787.6389	1.822e3
3787.9341	1.155e3
3788.2878	2.583e3
3788.7097	1.700e3
3789.0605	4.563e2
3789.4287	1.261e3
3789.8157	7.579e2
3790.3948	2.023e3
3790.9604	1.611e3
3791.1604	9.611e2
3791.6050	1.709e3
3792.0327	1.282e3
3792.3689	1.861e3
3792.8408	1.316e3
3793.5151	3.105e3
3794.2410	1.646e3
3794.8716	3.133e3
3795.6633	2.047e3
3795.9607	7.707e2
3796.3145	2.241e3
3796.9529	2.377e3
3797.3760	1.284e3
3797.6577	2.278e3
3798.2966	2.421e3
3798.6169	1.651e3
3799.1724	3.029e3
3799.5776	2.521e3
3799.9170	1.809e3
3800.4077	2.259e3
3800.9084	2.308e3
3801.3787	7.884e2
3801.6733	1.510e3
3802.2024	1.079e3
3802.6455	5.122e2
3803.0774	9.996e2
3803.4023	2.295e3
3803.7620	4.411e2
3804.1931	9.282e2
3804.5891	1.966e2
3805.0869	1.855e3
3806.2537	5.234e3
3806.6238	1.665e3
3807.3333	4.012e3
3807.7605	9.856e2
3808.3391	5.135e3
3808.8853	2.491e3
3809.2712	2.984e3
3809.7612	6.146e2
3810.3135	2.548e3
3810.6748	4.558e2
3811.0371	1.264e3
3811.2627	1.734e3
3812.2810	2.054e3
3812.6526	8.784e2
3812.9973	1.893e3
3813.4766	8.191e2
3813.8179	1.368e3
3814.2998	1.704e3
3814.5764	4.864e3
3814.9607	1.870e3
3815.5439	1.577e3
3815.9592	3.449e3
3816.3618	7.766e2
3816.9106	1.571e3
3817.2854	2.746e3
3817.9087	9.579e2
3818.4111	4.523e3
3818.9177	1.803e3
3819.3940	2.124e3
3819.9434	1.504e3
3820.3269	2.388e3
3820.9189	2.059e3
3821.2947	2.511e3
3821.8608	1.756e2
3822.3118	3.157e3
3823.3337	4.137e3
3823.6272	2.995e3
3824.2278	1.522e3
3824.5605	2.477e2
3824.8997	1.134e3
3825.1624	6.423e2
3826.3137	2.508e3
3826.7151	6.609e2
3827.3232	2.922e3
3827.6611	8.963e2
3828.4822	2.990e3
3828.8232	1.233e3
3829.0620	1.415e3
3830.1519	3.357e3
3830.9146	9.092e2
3831.2549	1.156e3
3831.7803	2.190e3
3832.3975	3.333e3
3832.7983	2.010e3
3833.3057	2.619e3
3833.8140	2.524e3
3834.3044	3.430e3
3834.8298	1.136e3
3835.3723	5.621e3
3836.2888	4.710e3
3836.8872	2.100e3
3837.3225	5.464e3
3837.7615	9.055e2
3838.3035	4.914e3
3838.5610	1.279e3
3839.2813	4.547e3
3839.9626	2.688e2
3840.2888	5.916e2
3840.9438	1.828e3
3841.3406	1.937e3
3841.9109	1.167e3
3842.3948	4.011e3
3843.1340	3.828e3
3843.6479	1.580e3
3843.9275	1.450e3
3844.3699	1.674e3
3844.9275	5.343e2
3845.3020	1.022e3
3845.8484	7.186e2
3846.2986	2.038e3
3846.5637	1.189e3
3847.2737	2.897e3
3847.9485	1.313e3
3848.4053	4.477e3
3848.7166	3.828e3
3849.3350	3.161e3
3849.7163	3.475e3
3850.3130	4.497e3
3850.6602	9.311e2
3850.9307	1.639e3
3851.3293	2.756e3
3851.7178	1.572e3
3851.9817	6.742e2
3852.3386	3.383e3
3852.9358	1.867e3
3853.2275	2.238e3
3853.8235	3.074e3
3854.3215	3.547e3
3854.7314	1.078e3
3855.3499	7.007e3
3855.8625	1.047e3
3856.5034	6.597e3
3857.3384	2.915e3
3857.9338	1.412e3
3858.3372	3.056e3
3858.9016	2.708e3
3859.3633	5.121e3
3859.8174	2.145e3
3860.2952	2.132e3
3860.8213	2.953e3
3861.3777	1.536e3
3861.7715	7.644e2
3862.3772	7.230e3
3863.3350	6.658e3
3863.8560	1.713e3
3864.3208	6.983e3
3864.8689	7.169e2
3865.3174	8.608e3
3865.7644	8.906e2
3866.3252	6.839e3
3866.9170	7.137e2
3867.3137	3.506e3
3867.5645	1.552e3
3867.9792	1.045e3
3868.3223	2.982e3
3868.7600	4.623e3
3869.2979	2.265e3
3869.6726	1.253e3
3870.0190	2.633e3
3870.5586	3.443e3
3871.0120	2.962e3
3871.6077	1.879e3
3872.0894	9.057e2
3872.3865	2.763e3
3872.8772	2.008e3
3873.3801	2.933e3
3873.8186	1.638e3
3874.2705	1.137e3
3874.4961	8.163e2
3874.7832	2.822e3
3875.3215	1.451e3
3875.5615	7.713e2
3876.2815	4.618e3
3876.8276	2.004e3
3877.3921	5.887e3
3877.8577	1.628e3
3878.3369	7.963e3
3878.6960	7.114e2
3878.9380	1.983e3
3879.3308	6.342e3
3879.8652	1.391e3
3880.3384	6.411e3
3880.9011	2.096e3
3881.3140	3.832e3
3881.7939	1.593e3
3882.3000	3.840e3
3882.7485	9.330e2
3883.3335	4.067e3
3883.7612	1.270e3
3884.3879	2.628e3
3885.0522	7.422e2
3885.7317	2.548e3
3886.4485	4.590e3
3886.8203	1.844e3
3887.1968	2.520e3
3887.6375	1.263e3
3888.0649	1.886e3
3888.4277	2.865e3
3889.2278	2.081e3
3889.7603	1.186e3
3890.3428	4.389e3
3890.9446	1.377e3
3891.3474	3.108e3
3891.9155	1.194e3
3892.3877	5.428e3
3892.9680	1.490e3
3893.2961	3.235e3
3893.9189	1.573e3
3894.3027	3.209e3
3894.8674	1.270e3
3895.3879	3.178e3
3895.7507	1.738e3
3896.3174	2.286e3
3896.6204	1.448e3
3897.2073	3.147e3
3897.7698	1.992e3
3898.2961	3.606e3
3898.6138	2.483e3
3899.3052	2.367e3
3899.6792	2.018e3
3900.2590	2.001e3
3900.8477	1.444e3
3901.1631	1.955e3
3901.7605	1.145e3
3902.3386	2.079e3
3902.8745	6.248e2
3903.4021	2.629e3
3903.8235	2.376e3
3904.3491	3.502e3
3904.8132	3.316e3
3905.3772	4.135e3
3905.8511	1.678e3
3906.3567	5.333e3
3906.8452	1.857e3
3907.3569	4.624e3
3908.1150	6.451e3
3908.3621	3.359e3
3908.8918	2.355e3
3909.3938	2.287e3
3909.8550	1.049e3
3910.2546	1.112e3
3910.5906	1.919e3
3911.2747	2.993e3
3911.7358	1.324e3
3912.4670	1.618e3
3912.9253	9.437e2
3913.3799	2.061e3
3913.9041	2.193e3
3914.2190	2.029e3
3914.8232	3.965e2
3915.4111	1.950e3
3915.7329	1.113e3
3916.2688	1.593e3
3916.7942	2.098e3
3917.3252	3.346e3
3918.3311	1.040e4
3919.4326	5.278e3
3919.8210	1.853e3
3920.3745	4.776e3
3920.9263	1.823e3
3921.3799	3.947e3
3921.9414	1.943e3
3922.3975	7.071e3
3923.3835	5.646e3
3923.9614	1.364e3
3924.3213	2.012e3
3924.8862	2.455e3
3925.3662	1.911e3
3925.6467	1.660e3
3925.9309	1.529e3
3926.3145	2.608e3
3926.5603	1.192e3
3927.1995	2.479e3
3927.7136	1.240e3
3928.0823	8.993e2
3928.5681	4.233e3
3929.2747	2.270e3
3929.6157	1.065e3
3930.3308	2.944e3
3930.8149	2.637e3
3931.3735	3.117e3
3931.7671	2.386e3
3932.3328	5.034e3
3933.0815	3.260e3
3933.4043	4.152e3
3933.8733	2.566e3
3934.3750	7.127e3
3934.9236	1.624e3
3935.3801	7.578e3
3935.7695	1.592e3
3936.3706	6.329e3
3936.7949	3.217e3
3937.3774	5.992e3
3937.8184	1.768e3
3938.3958	7.384e3
3938.7815	6.545e2
3939.3762	4.577e3
3939.7292	2.222e3
3940.0605	9.263e2
3940.4463	5.659e3
3941.2090	3.144e3
3941.7876	1.729e3
3942.3850	2.690e3
3942.7832	1.857e3
3943.3074	4.775e3
3943.9451	7.273e2
3944.3198	1.489e3
3944.7271	2.989e3
3945.3806	1.570e3
3946.2483	7.504e3
3946.7456	1.991e3
3947.4580	5.635e3
3947.9473	1.374e3
3948.3967	6.059e3
3948.9158	2.072e3
3949.3962	9.985e3
3949.9246	2.435e3
3950.3904	1.189e4
3950.7874	2.313e3
3951.3958	9.286e3
3951.7839	1.846e3
3952.4045	8.006e3
3952.7610	6.926e2
3953.3743	7.930e3
3953.9341	1.827e3
3954.4407	5.656e3
3954.8628	9.033e2
3955.3906	2.956e3
3956.0249	2.710e3
3956.3127	1.896e3
3956.6619	5.498e2
3956.9712	7.441e2
3957.3696	3.935e3
3958.3325	3.745e3
3958.6738	3.717e3
3959.3892	5.905e3
3960.3428	5.387e3
3961.3718	6.502e3
3961.7466	2.227e3
3962.3733	5.423e3
3962.9451	1.750e3
3963.3965	7.364e3
3963.8594	1.765e3
3964.3877	9.509e3
3964.9453	2.033e3
3965.4558	8.933e3
3965.8638	1.876e3
3966.3992	6.326e3
3966.6609	7.984e2
3967.0735	4.385e3
3967.3484	6.822e3
3967.7617	1.500e3
3968.5066	9.555e3
3969.0481	2.930e3
3969.4260	2.592e3
3970.0142	5.523e3
3970.3650	2.528e3
3970.7180	8.330e2
3971.3542	5.273e3
3971.6606	4.367e2
3971.9326	6.949e2
3972.3535	2.778e3
3972.7917	2.076e3
3973.3884	4.638e3
3973.7441	1.460e3
3974.3655	8.729e3
3974.9167	1.920e3
3975.3928	1.069e4
3976.3928	9.243e3
3976.8813	2.309e3
3977.3867	1.148e4
3977.9229	1.560e3
3978.3933	1.662e4
3978.9441	1.547e3
3979.3931	1.545e4
3979.9944	2.115e3
3980.3904	1.182e4
3980.7646	1.875e3
3981.3865	1.205e4
3981.6741	8.408e2
3982.3123	1.111e4
3982.8425	1.357e3
3983.3894	4.386e3
3983.6621	8.343e2
3983.9395	1.378e3
3984.3757	3.004e3
3984.8911	1.873e3
3985.3250	5.512e3
3985.6621	2.756e3
3986.3853	4.676e3
3986.7175	3.117e3
3987.3826	3.391e3
3988.3298	9.528e3
3988.7100	1.728e3
3989.3879	1.298e4
3989.9480	2.157e3
3990.3979	1.289e4
3990.8726	4.138e3
3991.4063	1.857e5
3991.8586	3.391e3
3992.4072	3.747e5
3992.8643	5.180e3
3993.4075	4.221e5
3993.8657	5.569e3
3994.4084	3.208e5
3994.9502	4.774e3
3995.4119	2.007e5
3995.9458	4.882e3
3996.4136	1.009e5
3996.9429	4.933e3
3997.4148	4.640e4
3997.9512	3.792e3
3998.4099	2.098e4
3999.0864	2.642e3
3999.4084	1.086e4
4000.0605	1.490e3
4000.3413	4.328e3
4000.7146	3.062e3
4001.0129	1.634e3
4001.3848	3.926e3
4001.9509	1.784e3
4002.3848	6.246e3
4002.9661	2.019e3
4003.3997	6.352e3
4003.9849	4.203e3
4004.3816	8.098e3
4004.9087	2.553e3
4005.4170	1.554e5
4005.9021	3.945e3
4006.4211	3.163e5
4006.9087	4.193e3
4007.4219	3.530e5
4007.9141	5.194e3
4008.4231	2.858e5
4008.9253	5.052e3
4009.4233	1.732e5
4009.9202	3.643e3
4010.4246	8.985e4
4010.9727	2.928e3
4011.4299	4.160e4
4011.9583	3.355e3
4012.4321	1.816e4
4012.9631	2.832e3
4013.4084	1.045e4
4013.9080	3.301e3
4014.4026	8.539e3
4014.8262	2.894e3
4015.3755	6.637e3
4015.6628	1.178e3
4016.3557	8.261e3
4016.6633	1.973e3
4016.9622	1.122e3
4017.4041	7.318e3
4017.9971	8.021e2
4018.4036	6.278e3
4018.9204	3.071e3
4019.4023	1.102e4
4019.9409	2.335e3
4020.4004	1.455e4
4020.9399	2.175e3
4021.4102	1.767e4
4021.9644	9.766e2
4022.4199	1.824e4
4023.0261	2.756e3
4023.4028	1.545e4
4023.9971	4.659e3
4024.3982	1.313e4
4024.8450	1.840e3
4025.4050	1.471e4
4025.9546	1.633e3
4026.3962	1.069e4
4026.8091	2.706e3
4027.3970	1.075e4
4028.3999	9.175e3
4028.9163	1.598e3
4029.3809	9.307e3
4029.9172	2.314e3
4030.3772	1.446e4
4030.7605	2.306e3
4031.3782	1.257e4
4031.8635	2.381e3
4032.3723	9.524e3
4032.9805	1.773e3
4033.3943	1.312e4
4033.9150	1.141e3
4034.4045	1.909e4
4034.9290	6.921e2
4035.4143	1.763e4
4035.8484	2.358e3
4036.4382	1.913e4
4036.9961	1.017e3
4037.4004	1.253e4
4037.9250	1.277e3
4038.4067	1.197e4
4038.9548	1.436e3
4039.4067	9.200e3
4039.8718	2.449e3
4040.4063	5.805e3
4040.9209	1.705e3
4041.3691	7.820e3
4041.9604	7.215e2
4042.4087	8.902e3
4043.3972	8.835e3
4043.8684	2.055e3
4044.3643	1.269e4
4045.3638	1.883e4
4045.9138	1.330e3
4046.3752	1.816e4
4046.6606	6.139e3
4047.3718	1.660e4
4047.7607	9.316e2
4048.3931	2.399e4
4049.4202	2.278e4
4049.9165	1.276e3
4050.4089	1.829e4
4051.0691	5.535e3
4051.4126	1.469e4
4051.8936	1.800e3
4052.4263	1.196e4
4052.9695	1.085e3
4053.4197	7.086e3
4053.9810	1.778e3
4054.3901	6.546e3
4054.7603	6.848e2
4055.3953	5.937e3
4055.9658	1.099e3
4056.3977	4.788e3
4056.9438	1.093e3
4057.3896	5.471e3
4057.9387	2.057e3
4058.3706	8.689e3
4058.8347	1.931e3
4059.3687	9.387e3
4059.9395	1.885e3
4060.3652	1.015e4
4060.7358	1.968e3
4061.3538	1.069e4
4061.7361	2.464e3
4062.3984	1.475e4
4062.8313	1.670e3
4063.4404	2.257e4
4064.4202	2.089e4
4065.4199	1.944e4
4065.8997	4.413e3
4066.4353	1.835e4
4067.4409	1.443e4
4068.1958	8.602e3
4068.4131	1.130e4
4069.0408	4.006e3
4069.3923	8.099e3
4070.4678	1.260e4
4070.7629	1.201e3
4071.0242	1.998e3
4071.3987	5.212e3
4071.7593	2.033e3
4072.3997	1.121e4
4072.9622	9.747e2
4073.3872	9.426e3
4073.8606	1.318e3
4074.4121	7.703e3
4074.9104	2.156e3
4075.3806	6.724e3
4075.8518	1.873e3
4076.3931	1.149e4
4077.4429	1.261e4
4078.4219	1.314e4
4078.7610	1.220e3
4079.4224	1.458e4
4079.9492	1.687e3
4080.4165	1.244e4
4081.3892	9.333e3
4081.8896	1.989e3
4082.3926	8.451e3
4082.8904	8.966e2
4083.3816	7.750e3
4083.9487	1.527e3
4084.3591	6.337e3
4084.7678	9.978e2
4085.3955	6.556e3
4086.3840	8.631e3
4086.9297	2.337e3
4087.3857	7.915e3
4087.7183	1.943e3
4088.4038	9.190e3
4088.9297	1.623e3
4089.3840	1.722e4
4089.9263	2.283e3
4090.3933	2.649e4
4090.9104	1.513e3
4091.3899	2.666e4
4092.3901	2.230e4
4093.3679	1.935e4
4093.9170	2.337e3
4094.3923	1.201e4
4094.9492	1.233e3
4095.3821	6.786e3
4095.8140	2.845e3
4096.3916	7.659e3
4097.3735	7.344e3
4098.3838	6.807e3
4099.3853	5.915e3
4100.3457	4.168e3
4100.8872	1.443e3
4101.4038	5.940e3
4101.9214	1.869e3
4102.4292	9.610e3
4102.8862	2.150e3
4103.4116	1.896e4
4104.4038	2.656e4
4104.9429	8.511e2
4105.3994	2.953e4
4105.8608	1.151e3
4106.4019	2.492e4
4106.8647	1.195e3
4107.3979	1.722e4
4107.9341	2.181e3
4108.4063	1.327e4
4108.7607	1.475e3
4109.4102	8.005e3
4109.9980	4.798e2
4110.4053	5.478e3
4110.9653	2.081e3
4111.3916	6.138e3
4111.8950	1.586e3
4112.3823	5.690e3
4112.9248	1.663e3
4113.3618	5.575e3
4113.9380	1.718e3
4114.3550	6.858e3
4114.8911	1.192e3
4115.3950	6.653e3
4115.9546	1.228e3
4116.4297	5.957e3
4116.9502	1.240e3
4117.4517	5.630e3
4118.4043	9.008e3
4118.9834	1.024e3
4119.4243	5.998e3
4119.8271	9.340e2
4120.4526	7.839e3
4121.4292	8.133e3
4122.0620	1.736e3
4122.4219	6.328e3
4123.4199	7.811e3
4124.3794	4.241e3
4125.3564	4.947e3
4125.8506	1.204e3
4126.3892	5.839e3
4126.8608	1.063e3
4127.3633	7.888e3
4127.8452	1.445e3
4128.3921	1.378e4
4128.9819	4.757e3
4129.3979	1.911e4
4129.8252	1.104e3
4130.4326	1.711e4
4130.9600	8.376e2
4131.4111	1.020e4
4132.0737	5.020e3
4132.3311	8.221e3
4133.4585	1.038e4
4134.4028	8.652e3
4135.3755	9.865e3
4135.8643	1.157e3
4136.4761	7.374e3
4137.3936	4.540e3
4138.0703	2.671e3
4138.4321	8.961e3
4139.3159	4.462e3
4139.5615	2.907e3
4140.3848	4.224e3
4140.7612	1.234e3
4141.3379	5.691e3
4141.8452	1.404e3
4142.3477	1.201e4
4143.3496	1.389e4
4143.8359	1.174e3
4144.3384	1.222e4
4144.8594	1.202e3
4145.3394	1.313e4
4146.3682	9.186e3
4146.9482	1.026e3
4147.4165	8.567e3
4147.8608	7.675e2
4148.4150	1.076e4
4148.9517	1.373e3
4149.4307	7.668e3
4150.0781	3.424e3
4150.4336	7.100e3
4150.9351	2.368e3
4151.4932	7.805e3
4151.9316	6.929e2
4152.3931	4.674e3
4153.2905	8.546e3
4154.3271	3.196e3
4154.5615	1.653e3
4154.8623	4.657e2
4155.3208	3.386e3
4156.2886	7.762e3
4156.8076	2.665e3
4157.3955	9.963e3
4158.3794	1.308e4
4158.9185	2.079e3
4159.3628	1.041e4
4160.0293	3.271e3
4160.4067	8.390e3
4160.9604	4.524e2
4161.4082	7.191e3
4161.9536	2.473e3
4162.4556	9.267e3
4162.9175	1.208e3
4163.4448	7.983e3
4164.4004	6.776e3
4165.3843	4.661e3
4165.7134	2.144e3
4166.3926	6.809e3
4166.8604	5.408e2
4167.3789	5.010e3
4168.2612	5.879e3
4168.5601	2.581e3
4169.3442	6.278e3
4170.3721	4.456e3
4170.9521	1.646e3
4171.3672	3.848e3
4171.9497	9.523e2
4172.4375	6.460e3
4173.4233	6.368e3
4173.9399	2.019e3
4174.3906	6.355e3
4174.9980	1.404e3
4175.3975	5.379e3
4175.9385	1.433e3
4176.3813	4.029e3
4176.9663	1.596e3
4177.3604	4.855e3
4178.4399	9.302e3
4178.8726	1.086e3
4179.3584	6.144e3
4179.9341	1.552e3
4180.3535	5.848e3
4181.3682	7.530e3
4182.3281	6.000e3
4182.8970	1.195e3
4183.3428	6.482e3
4183.8623	1.110e3
4184.3281	6.070e3
4184.9004	1.591e3
4185.3735	3.956e3
4185.7759	1.470e3
4186.3906	6.210e3
4186.9224	6.728e2
4187.3691	5.535e3
4187.8901	8.548e2
4188.3569	5.874e3
4188.9937	2.509e3
4189.3467	6.247e3
4189.8213	9.541e2
4190.3706	5.338e3
4190.9214	1.829e3
4191.3496	5.082e3
4191.9702	2.369e3
4192.3833	6.263e3
4193.3765	6.671e3
4194.3086	4.978e3
4194.8672	9.889e2
4195.3120	4.328e3
4196.3237	2.582e3
4196.8403	1.340e3
4197.2788	4.255e3
4197.8354	8.601e2
4198.3618	5.561e3
4198.8135	1.165e3
4199.3579	4.112e3
4199.7881	3.357e3
4200.4058	3.771e3
4200.8965	1.074e3
4201.4087	5.709e3
4201.9614	7.172e2
4202.3936	6.835e3
4203.3457	5.939e3
4203.9507	1.787e3
4204.3867	4.982e3
4204.8164	1.384e3
4205.3530	5.053e3
4205.8975	6.610e2
4206.3604	4.689e3
4206.7964	4.353e2
4207.3545	3.139e3
4207.7363	1.319e3
4207.9883	7.393e2
4208.2197	1.380e3
4208.5195	1.568e3
4208.9727	7.727e2
4209.3481	2.891e3
4210.3774	6.262e3
4210.8369	2.340e3
4211.3530	4.383e3
4211.7412	1.175e3
4212.3633	5.063e3
4212.6611	1.021e3
4213.3486	5.595e3
4214.2056	6.623e3
4214.5615	1.935e3
4215.2798	4.083e3
4216.4155	5.631e3
4217.3062	3.112e3
4218.3188	5.870e3
4219.3057	4.184e3
4219.8320	9.519e2
4220.2168	1.818e3
4220.6514	4.760e2
4221.2529	2.082e3
4222.1353	4.797e3
4222.5820	3.733e3
4223.3931	3.001e3
4223.6289	4.305e3
4224.3330	3.796e3
4224.9683	1.932e3
4225.3315	4.226e3
4225.9771	1.333e3
4226.3545	8.562e3
4227.3389	6.403e3
4228.3154	1.175e4
4229.4102	7.166e3
4229.8750	3.915e2
4230.3447	5.066e3
4230.8999	1.754e2
4231.3276	2.559e3
4231.8701	5.917e2
4232.3613	4.122e3
4233.3345	5.323e3
4234.3340	7.119e3
4235.3115	2.369e3
4235.5620	1.011e3
4236.3618	2.606e3
4236.7183	8.486e2
4237.4800	5.370e3
4238.4795	9.435e3
4239.3130	6.083e3
4240.3232	9.255e3
4240.9390	1.038e3
4241.3818	6.558e3
4242.3433	7.493e3
4243.3574	6.090e3
4244.3647	5.910e3
4244.9307	3.542e2
4245.3525	2.773e3
4246.0356	2.562e3
4246.3794	4.149e3
4246.7617	1.889e3
4247.4312	7.059e3
4248.3433	5.248e3
4249.1353	9.968e3
4250.4248	7.566e3
4250.9424	1.110e3
4251.3477	4.020e3
4252.1685	5.328e3
4252.9360	1.782e3
4253.4995	5.826e3
4254.3638	6.223e3
4255.2881	6.785e3
4255.7627	1.113e3
4256.3862	6.008e3
4257.3066	4.992e3
4258.2183	8.186e3
4258.7607	8.422e2
4259.5156	7.128e3
4260.3901	3.674e3
4261.2915	4.216e3
4261.8667	4.336e2
4262.4702	5.692e3
4263.3569	3.342e3
4263.8428	8.564e2
4264.2998	3.854e3
4264.8608	6.331e2
4265.2944	3.744e3
4265.8872	7.516e2
4266.3364	3.866e3
4266.7432	2.117e3
4267.3696	3.929e3
4268.4204	6.355e3
4268.8823	6.137e2
4269.3701	3.320e3
4269.9424	2.232e3
4270.3335	3.433e3
4270.6641	1.280e3
4271.4150	6.033e3
4271.9702	1.061e3
4272.4512	4.411e3
4273.2261	6.340e3
4274.1836	1.873e3
4274.4297	2.530e3
4274.7603	8.576e2
4275.3594	2.383e3
4275.9839	1.465e3
4276.2808	2.682e3
4276.9683	8.767e2
4277.4795	3.473e3
4278.2915	4.061e3
4278.7168	1.124e3
4279.2290	5.554e3
4280.3286	4.642e3
4281.2427	3.195e3
4281.7866	4.924e2
4282.3276	4.102e3
4282.8003	5.363e3
4283.3164	3.724e3
4283.6606	8.997e2
4284.2212	2.940e3
4284.7173	9.316e2
4285.2881	3.048e3
4285.7119	9.238e2
4286.3188	4.033e3
4287.3486	2.084e3
4288.1460	3.398e3
4288.5229	2.538e3
4289.2891	4.801e3
4290.2559	2.556e3
4290.6226	1.903e3
4291.2446	2.475e3
4292.2905	6.611e3
4293.1973	3.614e3
4293.7954	3.251e3
4294.2319	3.954e3
4294.6489	1.838e3
4295.1699	1.643e3
4295.4331	2.319e3
4295.8804	6.997e2
4296.3330	3.781e3
4297.2476	4.020e3
4297.7979	8.098e2
4298.4639	4.329e3
4298.9546	1.327e3
4299.3154	3.452e3
4299.6631	6.717e2
4300.0825	1.998e3
4300.4194	3.793e3
4301.3589	3.464e3
4301.8940	6.880e2
4302.3203	4.144e3
4303.0781	1.859e3
4303.3188	2.632e3
4303.7612	1.033e3
4304.3604	3.107e3
4305.2612	2.095e3
4306.1963	3.086e3
4306.6836	3.183e3
4307.2026	1.309e3
4307.5181	1.142e3
4308.3130	3.137e3
4309.3447	3.209e3
4309.8706	2.796e3
4310.4438	4.954e3
4311.1963	4.533e3
4311.8906	8.795e2
4312.2358	2.206e3
4312.5269	2.381e3
4313.1987	4.012e3
4314.2466	3.323e3
4314.6279	2.592e3
4315.2329	1.824e3
4315.9507	2.117e3
4316.2227	2.516e3
4316.7256	1.032e3
4317.3091	2.375e3
4317.7246	1.369e3
4318.3818	2.897e3
4318.6621	1.426e3
4319.2432	4.164e3
4319.8979	5.010e2
4320.2905	2.234e3
4320.7236	1.611e3
4321.2681	2.986e3
4321.7168	1.415e3
4322.2261	2.081e3
4322.5459	1.532e3
4322.8604	1.738e3
4323.3105	2.240e3
4324.2515	4.517e3
4325.2275	2.794e3
4325.5640	1.549e3
4326.3076	3.839e3
4326.8428	1.527e3
4327.2759	2.793e3
4327.7339	2.493e3
4328.2285	2.414e3
4328.5605	9.493e2
4328.9009	2.373e3
4329.2837	2.562e3
4330.0410	1.698e3
4330.4575	2.955e3
4331.2520	3.800e3
4332.0244	2.477e3
4332.5239	1.745e3
4332.9536	2.331e3
4333.2314	2.176e3
4333.7192	1.224e3
4334.3950	2.698e3
4335.1055	2.248e3
4335.5229	1.114e3
4335.8872	8.953e2
4336.3271	2.118e3
4337.1523	3.841e3
4337.6157	7.732e2
4337.9814	1.332e3
4338.3691	5.649e3
4338.9688	6.896e2
4339.3013	2.178e3
4339.8682	5.258e2
4340.3379	3.992e3
4341.3564	2.754e3
4342.1992	2.814e3
4342.4624	1.012e3
4342.9512	1.100e3
4343.2642	1.202e3
4343.6235	3.049e3
4344.2710	1.694e3
4344.6172	9.043e2
4345.1719	3.473e3
4345.8901	2.457e3
4346.2607	2.001e3
4346.5620	1.773e3
4347.2852	1.543e3
4347.7275	2.875e3
4348.2554	2.019e3
4348.4604	1.642e3
4349.3086	3.862e3
4350.1812	2.043e3
4350.9033	1.689e3
4351.3369	2.541e3
4351.9814	6.694e2
4352.2178	1.110e3
4352.7090	6.330e2
4353.2368	2.171e3
4354.4087	8.168e3
4355.2720	1.953e3
4355.7153	4.900e2
4356.2310	1.744e3
4356.5645	5.011e2
4357.1226	1.377e3
4357.6831	6.596e2
4357.9531	1.790e3
4358.5127	3.366e3
4358.8218	3.369e3
4359.2500	8.183e2
4359.5146	7.679e2
4360.1201	2.228e3
4360.4614	5.104e2
4360.7930	2.187e2
4361.2979	3.400e3
4362.1396	2.133e3
4362.6924	1.431e3
4363.2876	3.990e3
4364.2490	2.780e3
4364.5601	1.134e3
4365.2041	2.053e3
4365.4614	9.730e2
4365.9453	1.900e3
4366.3267	4.031e3
4366.8906	5.654e2
4367.3374	2.834e3
4367.6201	3.175e3
4368.1309	2.345e3
4368.9229	2.151e3
4369.4194	1.652e3
4369.6606	7.391e2
4370.0903	9.614e2
4370.6025	4.223e3
4371.1206	1.449e3
4372.1641	3.364e3
4372.4604	1.181e3
4373.3667	2.301e3
4374.2251	3.302e3
4374.8125	1.084e3
4375.2119	9.323e2
4375.5239	9.126e2
4376.2451	1.510e3
4376.8564	1.098e3
4377.1641	5.801e2
4377.4785	2.476e2
4378.2847	4.953e3
4378.7319	1.820e3
4379.4941	4.000e3
4379.9463	8.892e2
4380.3223	2.116e3
4380.8462	9.564e2
4381.2949	2.392e3
4381.7930	1.767e3
4382.2437	1.809e3
4382.5552	1.717e3
4383.1606	1.167e3
4383.4624	6.611e2
4384.2993	4.291e3
4385.2744	1.537e3
4386.2104	1.058e3
4387.0889	9.498e2
4387.3857	1.911e3
4388.3628	1.441e3
4388.7192	3.930e2
4389.1338	8.330e2
4389.4155	6.149e2
4389.8306	1.390e3
4390.1743	1.774e3
4390.4634	1.562e3
4391.1318	1.679e3
4391.4199	1.479e3
4392.1792	1.720e3
4392.7622	1.041e2
4393.2153	1.587e3
4393.7827	5.842e2
4394.2534	2.190e3
4394.5610	9.039e2
4395.2002	1.412e3
4395.6489	7.029e2
4396.2373	1.698e3
4396.5811	4.259e2
4396.8989	1.331e3
4397.3198	1.891e3
4397.7910	4.500e2
4398.1382	1.553e3
4398.5405	2.744e3
4399.2246	3.376e3
4399.7979	1.641e3
4400.3857	1.459e3
4400.7803	3.554e2
4401.1997	2.714e3
4401.7607	1.036e3
4402.2378	2.491e3
4402.6294	1.690e3
4403.2290	8.108e2
4403.5464	7.584e2
4403.7607	4.656e2
4404.3052	2.908e3
4404.9790	4.171e2
4405.3921	1.087e3
4405.8770	2.550e3
4406.6592	5.157e2
4407.5137	3.448e3
4408.3198	3.892e3
4409.1572	4.750e3
4409.6631	3.459e2
4410.3374	9.157e2
4410.6738	1.450e3
4411.5640	6.445e2
4411.8701	5.311e2
4412.2983	1.646e3
4412.6606	9.403e1
4413.4023	1.458e3
4413.9912	7.874e2
4414.2983	1.255e3
4415.2905	3.582e3
4416.0552	3.487e2
4416.3867	3.604e1
4416.7417	5.137e2
4417.2173	7.915e2
4417.7930	3.940e2
4418.3354	3.121e3
4418.6611	1.133e3
4419.1987	7.186e2
4419.4907	2.164e3
4419.9658	7.663e2
4420.3994	2.715e3
4421.0986	1.336e3
4421.4141	6.544e2
4421.6611	4.470e2
4422.2505	1.255e3
4422.5894	1.896e3
4423.1855	1.684e3
4423.8691	4.097e2
4424.1724	6.441e2
4424.4629	6.341e2
4425.2173	1.115e3
4426.0981	1.318e3
4426.6958	2.215e3
4427.0156	1.185e3
4427.9150	1.228e3
4428.4053	4.544e3
4428.7822	3.141e2
4429.4058	1.659e3
4429.9360	2.054e3
4430.3101	3.508e3
4430.9956	5.062e3
4431.5928	3.083e3
4432.1040	1.583e3
4432.3647	9.295e2
4432.6631	5.687e2
4433.2310	1.057e3
4433.7842	1.995e3
4434.4155	1.087e3
4434.9038	1.955e3
4435.1616	2.426e2
4435.7798	5.362e2
4436.0996	9.808e2
4436.3188	2.041e3
4437.1606	5.481e3
4437.7930	3.814e2
4438.2725	3.555e3
4438.7769	1.395e3
4439.0630	4.973e2
4439.3726	1.100e3
4439.6318	1.636e3
4440.0186	6.445e2
4440.4995	1.012e3
4441.0483	1.175e3
4441.5981	6.494e2
4442.0903	1.627e3
4442.5396	1.754e3
4442.9517	2.445e3
4443.7344	1.521e3
4444.2676	1.485e3
4444.4604	9.565e2
4445.0601	1.765e3
4445.7593	7.209e2
4446.0728	7.128e2
4446.4409	1.355e3
4446.8911	7.601e2
4447.1602	1.136e3
4447.7124	5.123e2
4448.2627	1.609e3
4449.1753	5.683e2
4449.5469	1.015e3
4449.9126	1.289e3
4450.4590	6.034e2
4450.7607	6.820e2
4451.5635	1.862e3
4451.9868	3.471e2
4452.2231	5.779e2
4452.8999	8.528e3
4453.8027	4.803e3
4454.0933	6.926e2
4454.4849	3.540e3
4454.9648	2.162e3
4455.4575	7.070e2
4456.0430	3.138e3
4456.4395	3.763e2
4457.1475	2.484e3
4457.6499	1.938e3
4458.1978	1.646e3
4458.6470	9.027e2
4459.3765	2.668e3
4459.7979	9.052e1
4460.2114	9.047e2
4460.5562	6.314e2
4461.1084	1.414e3
4461.5615	1.374e2
4462.2803	3.941e3
4462.8677	1.923e2
4463.3442	1.247e3
4464.1670	3.540e3
4465.1260	1.854e3
4465.6245	6.560e2
4466.1621	4.986e2
4466.5376	7.412e2
4466.9800	1.588e3
4467.6489	3.454e2
4468.2173	3.721e3
4468.8208	1.501e3
4469.4917	1.772e3
4470.1895	1.754e2
4470.5967	1.584e3
4471.2021	3.308e3
4472.0137	2.585e3
4473.1157	1.839e3
4473.3618	8.455e2
4474.0386	9.056e2
4474.5151	2.923e3
4474.8867	2.552e3
4475.9434	1.401e3
4476.5762	1.739e2
4477.2598	1.500e3
4478.0127	4.275e3
4478.8130	5.520e3
4479.6646	1.080e2
4480.2065	2.576e3
4480.7256	1.171e3
4481.1860	1.558e3
4481.7705	4.320e3
4482.3872	7.851e2
4482.6919	2.577e3
4483.2061	1.506e3
4484.3301	5.961e2
4484.8057	1.252e3
4485.2075	8.620e2
4485.5156	5.310e2
4486.1440	3.577e3
4487.0991	1.112e3
4487.5264	8.337e2
4488.1411	1.556e3
4488.6094	1.399e3
4489.3247	2.927e3
4490.0884	6.418e2
4490.3130	6.738e2
4490.8662	1.780e3
4491.1631	3.764e2
4491.5010	1.133e3
4492.1084	2.316e3
4492.6211	8.460e2
4493.0835	1.394e3
4493.4761	2.331e2
4493.7847	6.758e2
4494.3799	3.100e3
4494.8467	4.710e2
4495.0615	2.460e2
4495.4370	8.987e2
4495.9976	1.147e0
4496.6016	6.397e2
4497.1128	1.157e3
4497.4443	4.228e2
4497.7847	1.302e3
4498.2871	3.374e3
4498.6328	1.690e3
4498.9619	7.671e2
4499.2651	3.024e2
