3500.1694	7.202e2
3500.7751	2.603e2
3501.2913	1.420e3
3501.8569	4.509e3
3502.7900	4.321e3
3503.2678	1.866e3
3503.7134	6.415e2
3504.2898	6.800e2
3504.6960	4.732e2
3505.1719	5.530e2
3505.6731	4.917e2
3506.0444	1.762e3
3506.4951	1.044e3
3506.9509	1.697e3
3507.8367	2.316e2
3508.2344	1.190e3
3508.7324	4.331e3
3509.0615	1.006e3
3509.6328	1.065e3
3510.4280	3.465e3
3510.8667	5.567e3
3511.4299	3.320e3
3512.0354	1.113e3
3512.4287	1.569e3
3512.8501	6.942e2
3513.2539	1.893e3
3513.7673	1.386e3
3514.4990	1.667e3
3514.7615	9.539e2
3515.0640	8.967e2
3515.8613	1.206e3
3516.0605	6.703e2
3516.5645	7.088e1
3517.1392	4.821e2
3517.5107	1.490e3
3518.4114	3.161e3
3518.9089	3.033e3
3519.3210	1.287e3
3519.8228	2.269e3
3520.4055	4.130e3
3520.8718	2.209e3
3521.5266	2.831e3
3522.2419	3.575e3
3522.8572	9.823e2
3523.1899	1.025e3
3523.6328	1.110e3
3523.9873	1.592e3
3524.8247	2.088e3
3525.6672	9.394e2
3525.9656	3.254e2
3526.3655	1.401e3
3526.8621	4.365e3
3527.7131	7.709e2
3528.3364	1.364e3
3528.8918	1.654e3
3529.3276	1.378e3
3529.7280	2.219e3
3530.1565	5.148e3
3530.5842	1.760e3
3531.0408	3.176e3
3531.8848	1.127e3
3532.1638	2.822e2
3532.9402	1.303e3
3533.7205	7.645e2
3533.9805	3.009e2
3534.4124	2.146e3
3535.0947	7.386e2
3535.3853	2.213e3
3535.9021	2.550e3
3536.9817	1.273e3
3537.8975	1.694e3
3538.5288	4.514e3
3538.8159	2.947e3
3539.1306	4.120e3
3539.7019	8.376e2
3540.3716	4.340e3
3540.8723	2.484e3
3541.8579	1.586e3
3542.0618	1.133e3
3542.8381	5.935e3
3543.2903	1.369e3
3543.8657	8.456e2
3544.1475	1.290e3
3544.4153	1.607e3
3545.0391	6.529e2
3545.3772	7.484e2
3546.0771	9.461e2
3546.5381	2.944e3
3546.8628	6.757e2
3547.1953	3.715e2
3547.9514	4.186e3
3548.8364	2.746e3
3549.1387	1.822e3
3549.7195	8.951e2
3550.1792	6.132e2
3550.5256	5.922e2
3551.0483	3.021e3
3551.7786	1.395e2
3552.1868	8.831e2
3552.7295	1.438e3
3553.4529	9.520e2
3554.0452	2.892e3
3554.7395	1.731e3
3555.0352	2.187e3
3556.1572	4.324e3
3556.4644	3.792e2
3556.8467	1.465e3
3557.1626	4.245e2
3557.7808	2.297e1
3558.1807	1.481e3
3558.5129	7.691e3
3558.8650	1.643e3
3559.4355	3.437e2
3559.8101	4.349e3
3560.3291	1.097e3
3560.7732	2.100e3
3561.2083	4.108e3
3561.6987	8.540e2
3562.1982	4.846e3
3562.7534	3.029e3
3563.1257	5.053e3
3563.3601	2.560e3
3563.9641	4.456e3
3564.2620	6.562e2
3564.8557	2.532e3
3565.1277	2.260e3
3566.0806	5.878e2
3566.8911	2.766e3
3567.7322	1.625e3
3568.0400	1.040e3
3568.4211	1.659e3
3568.9116	3.827e3
3569.4712	2.873e3
3570.1758	3.874e3
3570.6865	1.174e3
3571.1177	1.245e3
3571.4226	1.155e3
3571.8589	3.580e3
3572.7578	4.876e2
3573.0149	4.063e2
3573.3181	6.045e2
3573.7996	7.388e2
3574.2480	1.420e3
3574.6335	5.919e2
3575.0752	2.920e3
3575.8975	1.949e3
3576.4219	2.176e3
3576.8760	1.870e3
3577.1643	1.383e3
3577.4619	4.044e2
3578.1782	2.524e3
3578.5752	6.590e2
3579.0654	2.013e3
3579.5923	9.228e2
3579.8364	1.805e3
3580.3640	2.424e3
3580.8306	4.285e3
3581.3760	3.850e3
3582.0964	3.188e3
3582.7163	4.761e2
3583.4607	3.241e3
3584.0811	9.982e3
3584.7258	8.967e2
3585.1426	7.108e2
3586.1301	5.030e3
3586.9041	1.689e3
3587.1631	6.826e2
3587.9536	1.209e3
3588.3962	7.335e2
3588.7668	3.683e3
3589.1340	2.223e3
3589.7375	3.020e3
3590.1333	4.942e3
3590.4666	1.883e3
3591.0581	1.584e3
3591.3318	2.084e3
3591.7410	1.107e3
3592.2207	9.645e2
3592.7266	5.659e2
3593.1672	1.396e3
3593.3621	1.116e3
3593.7112	1.109e3
3594.2700	4.519e3
3594.7620	7.589e2
3595.5891	2.638e3
3596.0840	3.324e3
3596.8867	2.558e3
3597.8059	9.404e2
3598.2522	2.260e3
3598.6699	6.618e3
3599.0239	5.047e3
3599.6118	8.408e2
3600.1445	3.742e3
3600.7507	2.867e3
3601.1990	1.567e3
3601.4609	4.400e2
3601.8596	8.658e2
3602.1868	1.479e3
3602.7034	7.612e2
3602.9976	2.419e2
3603.3601	8.428e2
3603.6707	1.037e3
3604.1421	1.473e3
3604.5029	1.671e3
3604.9958	5.296e2
3605.3281	1.244e2
3605.8652	6.291e2
3606.3250	4.416e2
3606.7358	1.349e3
3607.2668	3.319e3
3607.6609	4.221e2
3608.0862	2.886e3
3608.6235	7.583e2
3608.9487	1.390e3
3609.4397	1.359e3
3609.7234	1.748e3
3610.1885	1.106e3
3610.6394	4.661e3
3611.0625	1.309e3
3611.7871	1.330e3
3612.1846	6.073e3
3612.8965	1.017e3
3613.7820	2.932e3
3614.1741	5.447e3
3615.0762	2.425e3
3615.6438	1.541e3
3616.1143	3.565e3
3616.8655	1.884e3
3617.2666	1.157e3
3617.6733	3.046e3
3618.1316	2.737e3
3618.6011	3.129e3
3618.9636	3.292e2
3619.4695	2.418e3
3620.1328	3.987e3
3620.9775	8.546e2
3621.5332	3.084e3
3622.1821	2.248e3
3622.5999	2.097e3
3623.1543	9.919e2
3623.5376	1.595e3
3623.9617	1.122e3
3624.2610	1.585e3
3624.7402	1.882e3
3625.2959	2.872e3
3625.8335	4.069e2
3626.2878	2.146e3
3627.0864	1.146e3
3627.6514	8.947e2
3628.0376	1.598e3
3628.5776	2.287e3
3629.0796	3.176e3
3630.2512	2.561e3
3630.9143	3.569e3
3631.6621	9.472e3
3632.4634	6.457e1
3632.9702	2.391e3
3633.3621	2.712e2
3633.7134	1.252e3
3634.2629	3.912e3
3634.8022	2.184e3
3635.1653	1.145e3
3635.6079	9.369e2
3635.8843	4.321e2
3636.2046	1.161e3
3636.5850	1.637e2
3636.8965	5.785e2
3637.1296	9.764e2
3637.6011	8.464e2
3638.1768	2.220e3
3638.8369	4.548e3
3639.5767	4.962e3
3639.8635	3.444e2
3640.2981	6.029e2
3640.8123	1.378e3
3641.1260	1.027e3
3641.6243	1.875e3
3642.1646	1.420e2
3642.7339	2.744e2
3643.4380	9.833e2
3643.9199	1.682e3
3644.3984	1.156e2
3644.8047	4.874e2
3645.0728	1.405e2
3645.6587	1.537e3
3646.1282	1.390e3
3646.4651	7.338e2
3646.9587	1.079e3
3647.4185	1.471e3
3647.7805	1.445e3
3648.3752	2.252e3
3649.0042	3.847e3
3649.2617	2.923e3
3650.1960	1.763e3
3650.8784	2.207e3
3651.7856	7.330e2
3652.3508	1.370e3
3652.7976	3.133e3
3653.3127	8.856e2
3653.9946	7.307e2
3654.3259	2.415e3
3654.6648	1.209e3
3655.1255	1.770e3
3655.5796	5.112e2
3655.9207	1.856e3
3656.3921	3.685e2
3656.8264	2.424e3
3657.3613	2.573e2
3657.7239	9.832e2
3658.7068	6.650e3
3659.2346	1.009e3
3659.5886	6.905e2
3659.9805	4.357e3
3660.6846	1.896e2
3661.0037	1.005e3
3661.4158	1.298e3
3661.7954	3.103e3
3662.2410	2.003e3
3662.6558	3.092e3
3663.1489	1.689e3
3663.4773	1.983e3
3663.9194	1.817e3
3664.2253	1.924e3
3664.7910	1.147e3
3665.2280	1.275e3
3665.7671	6.455e2
3666.2500	2.715e3
3666.5381	2.166e3
3667.0476	2.445e3
3667.4641	1.184e2
3667.8296	5.200e2
3668.2888	4.142e2
3668.7734	7.560e2
3669.1250	8.390e2
3669.7395	6.047e2
3670.2405	5.402e3
3670.7891	2.451e3
3671.0212	3.409e3
3671.6160	2.717e3
3671.9482	1.314e3
3672.3022	2.515e3
3672.9094	2.735e3
3673.3894	1.169e3
3673.6594	1.769e3
3674.1831	3.081e3
3674.7266	1.729e3
3675.1165	1.036e3
3675.5798	8.857e2
3675.9961	1.825e3
3676.7991	3.954e2
3677.0132	8.424e2
3677.6609	1.596e2
3678.1904	9.580e2
3678.5891	2.952e3
3679.2334	3.452e3
3679.6433	3.799e3
3680.2185	4.270e3
3680.7676	2.686e3
3681.1914	1.985e3
3681.4614	1.427e3
3681.8623	5.874e2
3682.2463	2.775e3
3682.5598	2.267e3
3682.8826	3.743e3
3683.1973	1.147e3
3683.5105	1.545e3
3683.9966	1.800e3
3684.5461	4.532e2
3685.0247	2.036e3
3685.4395	1.042e3
3685.9358	1.326e3
3686.4080	1.093e3
3686.6907	5.025e2
3686.9998	1.387e3
3688.0979	1.823e3
3688.4468	3.937e3
3688.9360	9.541e3
3689.6904	3.438e3
3690.2822	4.609e3
3690.5674	9.604e2
3690.8188	1.523e3
3691.1404	2.037e3
3691.6479	3.313e3
3692.2666	3.204e3
3692.9504	2.746e3
3693.2217	2.234e3
3693.6138	1.411e3
3694.2783	2.944e3
3694.4619	3.838e3
3695.1970	3.607e3
3696.1243	1.057e3
3696.6672	5.716e1
3697.4312	3.592e3
3698.1289	2.235e3
3698.7419	2.624e3
3699.1096	9.515e2
3699.7468	5.956e2
3700.1753	9.806e2
3700.5964	5.316e2
3701.2551	1.571e3
3701.8174	1.084e3
3702.1716	1.308e3
3702.5042	3.751e3
3702.7632	2.361e3
3703.4355	1.563e3
3703.7700	5.248e2
3704.1853	2.117e3
3705.0771	1.065e3
3705.6394	1.169e3
3705.9880	4.116e2
3706.3174	1.251e3
3706.7336	1.820e3
3707.2041	1.201e3
3707.5308	1.080e3
3707.9922	7.794e2
3708.2917	5.317e2
3708.5444	1.056e3
3708.8884	1.858e3
3709.1819	3.735e3
3709.8354	2.312e3
3710.3096	4.053e3
3710.6704	1.830e3
3710.8606	1.143e3
3711.1350	2.203e3
3711.6597	9.634e2
3712.0291	1.381e3
3712.4180	2.706e3
3713.0918	1.025e3
3713.4360	1.902e3
3713.8152	1.464e3
3714.2913	1.901e3
3714.9177	8.797e2
3715.4954	2.020e3
3716.1477	1.603e3
3716.9351	3.338e2
3717.2837	6.101e2
3718.5913	4.495e3
3718.9539	1.885e3
3719.3660	4.742e3
3719.9363	2.221e3
3720.9631	1.405e3
3721.5901	1.024e3
3721.9919	1.002e3
3722.2410	1.508e3
3722.5986	8.012e2
3722.8232	1.663e3
3723.2180	7.017e2
3723.5559	7.951e2
3724.2566	2.846e3
3724.8096	1.001e3
3725.2400	8.053e2
3726.1904	1.834e3
3726.7920	1.646e3
3727.1936	9.421e2
3727.6782	1.192e3
3728.3376	3.548e3
3728.9736	3.076e3
3729.2700	1.011e3
3729.5186	2.540e3
3730.2554	2.828e3
3730.6233	1.126e3
3730.9292	1.278e3
3731.6257	1.264e3
3732.3108	2.607e3
3733.0159	1.006e3
3733.5779	2.069e3
3734.0417	2.132e3
3734.2625	1.252e3
3734.7998	2.487e3
3735.1648	8.695e1
3735.7747	7.989e2
3736.6743	2.954e3
3737.2473	2.935e3
3737.8552	4.086e2
3738.2329	1.636e3
3738.5591	1.841e3
3739.1865	4.811e2
3739.4326	4.873e2
3739.8169	1.739e3
3740.4138	3.804e2
3741.0476	4.426e2
3741.7339	8.995e2
3742.3657	3.965e3
3742.8291	8.110e2
3743.5874	3.876e3
3743.8630	1.650e3
3744.3250	1.295e3
3744.6650	6.359e2
3745.1252	1.132e3
3745.4609	3.871e2
3745.7183	5.144e2
3746.3223	4.664e3
3746.7632	8.546e2
3747.2747	1.630e3
3747.7024	1.681e3
3748.5085	3.681e3
3748.9626	1.215e3
3749.3374	2.824e3
3749.7380	6.091e2
3750.3147	2.682e3
3750.7959	3.943e3
3751.2886	1.952e3
3751.7813	7.008e3
3752.4185	2.844e3
3752.8750	1.441e3
3753.4653	1.281e3
3753.7197	1.596e3
3754.2888	3.455e3
3754.8269	1.475e3
3755.1836	1.137e3
3755.5100	2.576e3
3756.1824	2.311e3
3756.9324	2.295e3
3757.1628	1.195e3
3757.7649	1.915e3
3758.3655	4.516e3
3758.9758	3.407e3
3759.6353	1.498e3
3760.4111	5.582e3
3760.8594	7.943e3
3761.3687	4.119e3
3761.8718	1.975e3
3762.2129	1.336e3
3762.6938	1.008e3
3763.5271	4.075e3
3764.2935	2.433e3
3764.9329	2.337e3
3765.2620	7.072e2
3766.2837	4.080e3
3766.6782	2.420e3
3767.2681	1.830e3
3767.7151	1.519e3
3768.1560	1.129e3
3768.8577	6.763e3
3769.3623	2.290e3
3769.5603	2.864e3
3770.2800	2.834e3
3770.7605	2.107e3
3771.7610	2.900e3
3771.9604	1.553e3
3772.5242	1.387e3
3772.8157	1.073e3
3773.4045	2.297e3
3774.1589	3.577e3
3774.5254	2.178e3
3774.8623	7.071e2
3775.3591	3.933e3
3775.9199	1.577e3
3776.1626	1.160e3
3776.7954	3.936e3
3777.7402	1.260e3
3778.2676	9.330e3
3778.7314	7.503e3
3779.1301	3.198e3
3779.5791	5.902e3
3780.0872	2.484e3
3780.4175	1.352e3
3780.9121	4.006e3
3781.2615	1.116e3
3781.8147	1.916e3
3782.2244	4.125e3
3782.7874	3.771e3
3783.4065	2.137e3
3783.6616	1.820e3
3785.3196	3.726e3
3785.8984	1.636e3
3786.5256	1.298e3
3786.8162	1.445e3
3787.2612	3.080e2
3787.6392	1.838e3
3787.9238	2.489e3
3788.3938	2.963e3
3788.7834	3.664e3
3789.3789	1.310e3
3789.7156	7.936e2
3790.0986	9.465e2
3790.3174	1.448e3
3790.7002	1.860e3
3791.0398	1.347e3
3791.5190	2.743e3
3791.9551	2.117e3
3792.3264	2.132e3
3792.6619	9.436e2
3793.0332	7.850e2
3793.4978	3.144e3
3793.8623	6.179e2
3794.2148	1.908e3
3794.5854	7.039e2
3794.9329	2.324e3
3795.6230	1.982e3
3795.9607	6.284e2
3796.3491	2.247e3
3796.9341	3.101e3
3797.3796	2.462e3
3798.3579	3.523e3
3798.7043	3.065e3
3799.1001	3.408e3
3799.5828	5.724e3
3799.9431	2.300e3
3800.4077	1.771e3
3800.9338	3.683e3
3801.3650	8.935e2
3801.6948	1.789e3
3802.2588	1.798e3
3802.8142	1.306e3
3803.4087	1.851e3
3804.2363	1.363e3
3804.8994	1.374e3
3805.3601	7.730e2
3805.8264	1.581e3
3806.2993	3.836e3
3806.7478	2.207e3
3807.1953	2.987e3
3807.5637	7.675e2
3807.9448	1.638e3
3808.4434	3.905e3
3808.8289	4.231e3
3809.3569	1.396e3
3809.5605	9.048e2
3810.2649	4.111e3
3810.7163	1.251e3
3811.0916	1.853e3
3811.5723	1.553e3
3812.3135	1.694e3
3812.7512	6.316e2
3813.0984	1.717e3
3813.4944	1.571e3
3814.5566	8.675e3
3814.9182	2.718e3
3815.2644	1.549e3
3815.5610	7.161e2
3815.9795	4.382e3
3816.4358	1.361e3
3816.9546	2.108e3
3817.2974	3.662e3
3818.5076	6.975e3
3819.1089	3.428e3
3819.5161	1.610e3
3819.8323	1.691e3
3820.3379	3.482e3
3820.9109	1.964e3
3821.3098	3.294e3
3821.7429	5.473e2
3822.3301	4.897e3
3823.2788	4.852e3
3823.5605	2.691e3
3823.8630	1.968e3
3824.3157	2.794e3
3824.6812	5.302e2
3824.9180	1.367e3
3825.4612	3.249e2
3825.9292	8.933e2
3826.3115	1.423e3
3826.7769	6.914e2
3827.1462	2.147e3
3827.5259	1.944e3
3827.9709	7.707e2
3828.4866	3.037e3
3828.9272	3.809e3
3830.1545	2.923e3
3830.6133	1.189e3
3831.1206	1.249e3
3831.4988	4.993e2
3831.8752	1.610e3
3832.4932	6.093e3
3833.2397	2.414e3
3833.6218	2.513e3
3834.2644	3.213e3
3834.5750	5.765e2
3834.8193	1.340e3
3835.4485	2.899e3
3835.7607	1.208e3
3836.2847	3.142e3
3836.9248	2.229e3
3837.3032	4.563e3
3837.9990	8.716e2
3838.3032	4.888e3
3838.8018	2.068e3
3839.3042	3.665e3
3839.7222	1.114e3
3840.2356	1.053e3
3840.4609	5.676e2
3840.9973	4.019e3
3841.4075	1.933e3
3841.8774	2.686e3
3842.4534	6.006e3
3843.5129	2.983e3
3843.9529	1.580e3
3844.3928	2.064e3
3844.9260	8.042e2
3845.3567	1.630e3
3846.3589	3.051e3
3846.6536	1.763e3
3847.2112	2.458e3
3848.3472	5.814e3
3848.6975	4.881e3
3849.2502	3.708e3
3849.7380	3.564e3
3850.3459	4.749e3
3850.9348	3.462e3
3851.3230	3.613e3
3851.6138	1.634e3
3851.9468	1.333e3
3852.3357	5.449e3
3852.8975	1.505e3
3853.3406	1.752e3
3853.8501	2.117e3
3854.3079	4.800e3
3855.3462	6.257e3
3855.6611	2.194e3
3856.4197	4.068e3
3856.8604	1.050e3
3857.3438	2.999e3
3858.3318	3.784e3
3858.7864	1.738e3
3859.3193	6.924e3
3859.6604	2.382e3
3860.0564	2.042e3
3860.3330	2.159e3
3860.9026	2.261e3
3861.3494	2.744e3
3862.3640	7.130e3
3862.7209	2.887e3
3863.3215	5.107e3
3863.6631	8.163e2
3863.9287	1.258e3
3864.3015	4.563e3
3865.3003	4.926e3
3865.7925	1.236e3
3866.3184	3.792e3
3866.6628	9.938e2
3867.3120	2.021e3
3867.6165	1.622e3
3867.9844	8.496e2
3868.4043	3.803e3
3868.8730	5.328e3
3869.4319	1.709e3
3869.8674	1.484e3
3870.1282	1.647e3
3870.5305	4.945e3
3870.9177	2.471e3
3871.4839	2.792e3
3871.8162	1.298e3
3872.3616	3.329e3
3872.8926	2.559e3
3873.4092	2.800e3
3873.7952	5.562e2
3874.3491	2.784e3
3874.7917	3.585e3
3875.3318	1.905e3
3876.2847	5.976e3
3876.5603	7.245e2
3876.8691	1.633e3
3877.3770	8.626e3
3877.8623	1.829e3
3878.3647	1.154e4
3878.8137	3.361e3
3879.3181	8.515e3
3879.8206	1.698e3
3880.3606	8.860e3
3880.8323	1.922e3
3881.4126	7.559e3
3882.2363	7.099e3
3883.2068	2.677e3
3883.7246	3.861e3
3884.3660	3.402e3
3885.0837	1.196e3
3885.6487	3.046e3
3886.1555	2.036e3
3886.7549	6.281e3
3887.2993	2.675e3
3887.6726	1.252e3
3888.0854	3.263e3
3888.4272	1.733e3
3888.7349	1.548e3
3889.2349	2.195e3
3889.8682	1.891e3
3890.2856	3.800e3
3890.8257	1.887e3
3891.3376	2.288e3
3891.6621	1.308e3
3891.9810	7.932e2
3892.4019	5.756e3
3892.8291	1.471e3
3893.3108	2.376e3
3893.8831	1.234e3
3894.3560	3.376e3
3894.8015	1.883e3
3895.3481	3.499e3
3895.7644	1.847e3
3896.3994	2.470e3
3896.8508	4.348e3
3897.3208	2.623e3
3897.8740	1.631e3
3898.2937	4.093e3
3898.6213	3.117e3
3899.1719	1.722e3
3899.5906	4.175e3
3900.2251	2.243e3
3900.9397	2.363e3
3901.3147	1.456e3
3901.7239	1.059e3
3902.2974	2.159e3
3902.7773	1.450e3
3903.4712	4.806e3
3904.3687	3.398e3
3904.8630	3.780e3
3905.3320	3.843e3
3905.8723	2.133e3
3906.3386	4.508e3
3906.9070	1.676e3
3907.3889	4.560e3
3908.1086	9.602e3
3908.3618	2.671e3
3908.8630	3.868e3
3909.3782	2.179e3
3909.8191	1.068e3
3910.4458	2.274e3
3910.7102	1.534e3
3911.2080	2.861e3
3911.6792	3.894e3
3912.9309	1.253e3
3913.3423	2.321e3
3913.7361	4.003e3
3914.2136	1.733e3
3914.6958	1.451e3
3915.3716	2.354e3
3915.7478	1.075e3
3916.2656	2.446e3
3916.7720	2.724e3
3917.2520	1.788e3
3917.4612	1.014e3
3918.3533	1.135e4
3919.3970	4.102e3
3919.8042	2.474e3
3920.3887	5.486e3
3920.9053	1.421e3
3921.3872	4.140e3
3921.9612	1.646e3
3922.3806	6.056e3
3922.7610	1.355e3
3923.3789	5.782e3
3923.9612	8.148e2
3924.3054	1.771e3
3924.8438	2.789e3
3925.3345	2.426e3
3925.7720	3.051e3
3926.1926	2.642e3
3926.4614	2.789e3
3927.2761	2.876e3
3927.8574	9.211e2
3928.5459	6.768e3
3929.2998	2.066e3
3929.6206	9.644e2
3930.2139	2.999e3
3930.8823	2.621e3
3931.3577	2.839e3
3931.9500	2.607e3
3932.3572	5.402e3
3933.0530	3.665e3
3933.3191	3.438e3
3933.8262	3.839e3
3934.3867	8.001e3
3934.9607	1.120e3
3935.3496	6.633e3
3935.9678	2.095e3
3936.3235	3.079e3
3936.8108	2.651e3
3937.3164	3.399e3
3937.8665	1.705e3
3938.3997	4.375e3
3938.6614	2.313e3
3939.4133	2.892e3
3939.6606	1.626e3
3940.4658	6.962e3
3940.9963	1.422e3
3941.2747	2.779e3
3942.1531	5.258e3
3942.6367	3.933e3
3943.3518	4.338e3
3943.7197	1.650e3
3944.2969	1.830e3
3944.7378	2.995e3
3945.3601	2.005e3
3945.7422	9.061e2
3946.2634	6.240e3
3946.6602	2.504e3
3947.4382	4.975e3
3947.9500	2.201e3
3948.3970	7.942e3
3948.9219	1.792e3
3949.4004	8.848e3
3949.9397	3.014e3
3950.3867	1.380e4
3951.3972	6.863e3
3951.6633	1.902e3
3952.4087	7.585e3
3953.3428	7.702e3
3953.9207	1.898e3
3954.3987	5.830e3
3954.9202	9.761e2
3955.3857	2.762e3
3955.9763	3.019e3
3956.3174	1.882e3
3956.6633	8.600e2
3957.0735	8.653e2
3957.3845	1.971e3
3957.7485	7.209e2
3958.2842	3.891e3
3958.5640	6.489e3
3959.4487	5.803e3
3960.3926	5.952e3
3960.8621	8.525e2
3961.3965	6.787e3
3962.3750	4.832e3
3962.9192	1.956e3
3963.4255	9.078e3
3964.3894	1.036e4
3964.8367	1.782e3
3965.4141	6.832e3
3965.6616	3.704e3
3966.4028	6.805e3
3967.2605	1.094e4
3967.9375	2.362e3
3968.4871	8.447e3
3969.0474	2.338e3
3969.4868	4.944e3
3970.0347	7.611e3
3970.3623	4.024e3
3971.3552	4.597e3
3971.7842	4.618e2
3972.3203	3.138e3
3972.7778	1.687e3
3973.4019	5.352e3
3973.8892	1.164e3
3974.3765	7.122e3
3974.9226	1.482e3
3975.3965	7.244e3
3976.3838	7.321e3
3976.6614	1.342e3
3976.9189	2.586e3
3977.3877	6.470e3
3977.9348	1.902e3
3978.3899	1.033e4
3978.9639	2.009e3
3979.3906	9.037e3
3979.7534	1.374e3
3979.9609	1.227e3
3980.4028	6.590e3
3980.9055	5.798e3
3981.3811	7.721e3
3982.2385	9.867e3
3982.7603	9.884e2
3983.3254	3.239e3
3983.6289	3.673e3
3983.9634	1.805e3
3984.3911	2.184e3
3984.9321	1.574e3
3985.3269	5.140e3
3985.5605	4.732e3
3986.3916	3.897e3
3986.7808	4.084e3
3987.3723	2.450e3
3988.3254	1.230e4
3989.0818	2.209e3
3989.4199	1.076e4
3989.9229	2.631e3
3990.3970	1.214e4
3990.9514	3.418e3
3991.4045	4.933e4
3991.8894	2.883e3
3992.4048	8.849e4
3992.9021	2.197e3
3993.4065	9.459e4
3993.8933	3.633e3
3994.4070	7.783e4
3994.9177	2.253e3
3995.4106	4.932e4
3995.9226	2.679e3
3996.4109	2.551e4
3997.0034	2.220e3
3997.4172	1.263e4
3997.9004	2.238e3
3998.4028	8.909e3
3999.3093	9.709e3
4000.3955	4.666e3
4000.7161	2.080e3
4001.3442	4.905e3
4001.9905	1.377e3
4002.4727	6.407e3
4003.4697	1.103e4
4003.7607	2.158e3
4004.3928	1.142e4
4004.8279	3.456e3
4005.4160	2.478e5
4005.8650	4.080e3
4006.4214	5.073e5
4006.8630	4.844e3
4007.4236	5.618e5
4007.9209	6.098e3
4008.4231	4.507e5
4008.9351	5.964e3
4009.4231	2.690e5
4009.9807	5.727e3
4010.4307	1.397e5
4010.9663	4.478e3
4011.4287	6.064e4
4012.0037	3.700e3
4012.4409	2.478e4
4013.0435	3.239e3
4013.4160	1.249e4
4013.9321	5.719e3
4014.3994	7.178e3
4014.7864	4.178e3
4015.3743	5.877e3
4015.7900	7.582e2
4016.3159	6.531e3
4016.8330	2.989e3
4017.4285	6.080e3
4017.9824	1.235e3
4018.4109	6.307e3
4018.9089	3.522e3
4019.4084	1.181e4
4019.9053	2.592e3
4020.4136	1.644e4
4020.9219	1.899e3
4021.4321	2.103e4
4021.8152	1.947e3
4022.4165	2.133e4
4023.0051	2.814e3
4023.4097	1.591e4
4023.8899	3.017e3
4024.4102	1.202e4
4024.9502	2.574e3
4025.3999	1.027e4
4025.9468	1.774e3
4026.4067	8.314e3
4026.8206	2.320e3
4027.4097	8.401e3
4027.8142	1.138e3
4028.4019	1.112e4
4028.9600	1.203e3
4029.3977	9.898e3
4029.9426	2.417e3
4030.3911	1.286e4
4030.6609	4.762e3
4031.3855	1.110e4
4032.3735	9.059e3
4033.0286	2.373e3
4033.4036	1.077e4
4033.8203	1.927e3
4034.4114	1.874e4
4034.7620	6.079e2
4035.4165	1.913e4
4035.8325	2.795e3
4036.4429	1.911e4
4037.4060	1.553e4
4037.9802	1.378e3
4038.4087	1.712e4
4039.4219	1.158e4
4039.8811	2.758e3
4040.4021	8.256e3
4040.8955	1.495e3
4041.3938	8.492e3
4041.8325	1.387e3
4042.4058	9.038e3
4043.4138	1.231e4
4043.9634	1.077e3
4044.3813	1.524e4
4044.9866	3.268e3
4045.3750	1.554e4
4045.9680	1.545e3
4046.4524	2.291e4
4047.3975	1.507e4
4048.4275	2.440e4
4048.9429	1.802e3
4049.4309	2.524e4
4049.9146	1.656e3
4050.4155	2.014e4
4051.0928	5.611e3
4051.4043	1.554e4
4051.8967	2.944e3
4052.4116	1.165e4
4052.9531	1.994e3
4053.4009	6.761e3
4053.9080	1.953e3
4054.3828	5.778e3
4054.8596	1.537e3
4055.3792	5.094e3
4055.9221	1.446e3
4056.3762	3.705e3
4056.8198	2.069e3
4057.3835	5.199e3
4057.9932	3.371e3
4058.3848	1.012e4
4058.8843	2.938e3
4059.3687	1.177e4
4059.9170	2.634e3
4060.3577	1.541e4
4060.7717	2.542e3
4061.3611	1.586e4
4061.6636	2.180e3
4061.9634	7.907e2
4062.3877	1.779e4
4063.4395	2.527e4
4064.4019	2.227e4
4064.9475	1.338e3
4065.4121	1.451e4
4065.9070	5.035e3
4066.4561	1.599e4
4067.0828	1.456e3
4067.4592	1.151e4
4067.8645	1.555e3
4068.3318	1.990e4
4069.0388	4.044e3
4069.4019	9.782e3
4069.8608	1.070e3
4070.4207	1.490e4
4071.0051	2.870e3
4071.3979	8.996e3
4071.7625	8.800e2
4072.4111	1.356e4
4072.8601	1.890e3
4073.4063	1.035e4
4074.4165	6.172e3
4074.8416	2.569e3
4075.3994	6.085e3
4075.9434	2.483e3
4076.4387	1.116e4
4077.4407	1.329e4
4077.9836	8.994e2
4078.4460	1.658e4
4078.9504	2.773e3
4079.4243	1.590e4
4079.7830	1.410e3
4080.3735	1.888e4
4081.0767	2.175e3
4081.4080	7.835e3
4081.8625	2.160e3
4082.3916	8.071e3
4082.9832	8.786e2
4083.3916	5.828e3
4083.8252	3.872e3
4084.3887	6.060e3
4084.9148	1.561e3
4085.3923	8.377e3
4086.3762	1.038e4
4086.9199	2.742e3
4087.4001	8.736e3
4087.8630	7.835e2
4088.3938	1.139e4
4088.8999	2.209e3
4089.3943	9.134e3
4089.9897	2.165e3
4090.3982	1.258e4
4090.9197	1.414e3
4091.4160	1.344e4
4092.3979	1.178e4
4093.3586	1.552e4
4093.9453	2.391e3
4094.4187	1.267e4
4094.8613	1.429e3
4095.3843	8.010e3
4095.9509	2.546e3
4096.3882	8.592e3
4096.8770	1.950e3
4097.3818	1.124e4
4097.9419	1.128e3
4098.3813	8.365e3
4098.9932	7.044e2
4099.3657	5.583e3
4099.7241	1.534e3
4100.3428	5.201e3
4100.8394	1.225e3
4101.4287	8.468e3
4101.9312	1.818e3
4102.4087	1.145e4
4102.8818	3.241e3
4103.4219	2.652e4
4104.3979	3.155e4
4104.9751	5.106e2
4105.3994	3.277e4
4105.9414	1.237e3
4106.3989	3.127e4
4107.3936	2.453e4
4107.9180	1.923e3
4108.3994	1.966e4
4108.7617	1.935e3
4109.3892	1.223e4
4109.9980	7.706e2
4110.3921	8.959e3
4110.9443	2.417e3
4111.3877	9.823e3
4111.9634	1.036e3
4112.4243	7.093e3
4112.8281	1.558e3
4113.3989	6.305e3
4113.9443	1.100e3
4114.3721	5.968e3
4114.8618	1.001e3
4115.4312	5.979e3
4115.9331	1.407e3
4116.4575	6.962e3
4117.4800	7.939e3
4118.4595	1.200e4
4119.4204	7.352e3
4119.7622	1.434e3
4120.4438	9.273e3
4121.4331	9.445e3
4121.9434	8.700e2
4122.4268	7.671e3
4122.8608	1.196e3
4123.3853	7.810e3
4123.8774	2.619e3
4124.3853	5.841e3
4125.3774	5.930e3
4125.9102	1.419e3
4126.3994	1.037e4
4127.3721	8.444e3
4127.8862	1.829e3
4128.3984	1.140e4
4128.9380	5.259e3
4129.4058	1.391e4
4129.8442	1.812e3
4130.4463	1.135e4
4131.0923	1.843e3
4131.4150	8.086e3
4132.3638	8.887e3
4133.4380	1.027e4
4134.4136	9.303e3
4134.8608	1.603e3
4135.4429	9.432e3
4135.9678	1.171e3
4136.4634	6.688e3
4136.9224	1.556e3
4137.4209	5.671e3
4138.4268	1.234e4
4138.7612	4.160e3
4139.3604	6.633e3
4139.9863	1.829e3
4140.4058	4.029e3
4141.3335	7.449e3
4141.8438	1.681e3
4142.3555	1.406e4
4142.8647	6.344e2
4143.3755	1.672e4
4144.3813	1.306e4
4144.9297	2.060e3
4145.3794	1.136e4
4145.9878	5.246e2
4146.3818	9.088e3
4146.8647	1.078e3
4147.4019	1.018e4
4147.8965	1.666e3
4148.4014	1.678e4
4149.3911	1.013e4
4150.0776	4.139e3
4150.3301	8.279e3
4150.8765	2.728e3
4151.4946	1.137e4
4152.4028	6.129e3
4153.0615	5.325e3
4153.3638	4.024e3
4153.8613	4.936e2
4154.4780	6.495e3
4154.9375	7.500e2
4155.3560	4.212e3
4156.2671	1.016e4
4156.7251	2.543e3
4157.4009	1.114e4
4158.3403	1.446e4
4158.8745	4.715e3
4159.3301	1.145e4
4159.9707	2.411e3
4160.3794	1.152e4
4160.9624	1.169e3
4161.4126	8.459e3
4162.4570	1.252e4
4163.4390	1.026e4
4164.4287	5.742e3
4165.3965	6.135e3
4166.4136	9.504e3
4167.3926	7.291e3
4168.3652	1.154e4
4169.3628	7.034e3
4170.3677	8.538e3
4170.9248	1.081e3
4171.4019	7.628e3
4171.7603	1.222e3
4172.4175	1.104e4
4172.8867	6.983e2
4173.4229	1.175e4
4173.9800	1.860e3
4174.4170	1.045e4
4174.8955	1.154e3
4175.4053	1.043e4
4176.3716	4.931e3
4176.9917	1.531e3
4177.4136	8.151e3
4178.4619	8.887e3
4179.0806	2.690e3
4179.3188	3.680e3
4179.8677	1.163e3
4180.3481	6.761e3
4180.9487	1.162e3
4181.3579	5.257e3
4181.8496	1.073e3
4182.3467	6.375e3
4183.3530	7.930e3
4183.7622	1.787e3
4184.3281	5.929e3
4184.8848	5.858e2
4185.3682	4.087e3
4185.6602	9.036e2
4186.3735	8.808e3
4187.3906	5.366e3
4187.9741	8.390e2
4188.3623	5.094e3
4188.9644	2.802e3
4189.4014	6.607e3
4190.2036	1.050e4
4190.7764	2.343e3
4191.3511	5.638e3
4192.2964	1.023e4
4192.6602	1.880e3
4193.3477	9.068e3
4193.9658	1.520e3
4194.3145	5.972e3
4195.2598	5.061e3
4195.8091	9.741e2
4196.3306	3.776e3
4196.8296	1.414e3
4197.2866	3.868e3
4197.7896	7.645e2
4198.3794	9.177e3
4199.3398	5.046e3
4199.7886	3.665e3
4200.4033	4.964e3
4200.8359	1.437e3
4201.4028	7.718e3
4202.3564	9.047e3
4202.9473	1.395e3
4203.3555	5.794e3
4203.9014	1.591e3
4204.3760	5.897e3
4204.8789	1.750e3
4205.3613	6.988e3
4205.9834	1.121e3
4206.3667	6.847e3
4206.7603	8.690e2
4207.3354	5.179e3
4207.9087	1.843e3
4208.3828	5.099e3
4209.3257	4.148e3
4210.4063	6.377e3
4210.9478	3.394e3
4211.2954	3.539e3
4211.6777	4.024e3
4212.3081	4.597e3
4213.3398	6.746e3
4213.7935	8.375e2
4214.2368	9.620e3
4214.7612	1.246e3
4215.3164	4.204e3
4215.8994	3.701e2
4216.4297	5.809e3
4216.7632	1.054e3
4217.3159	2.463e3
4217.9702	1.018e3
4218.3159	3.911e3
4218.7207	2.141e3
4219.3213	4.528e3
4219.7095	2.015e3
4220.2822	2.219e3
4220.7749	4.011e2
4221.3149	2.636e3
4222.1479	4.457e3
4222.4829	5.486e3
4223.2749	5.144e3
4223.6392	5.413e3
4224.3228	6.116e3
4225.2988	5.648e3
4225.8413	1.455e3
4226.3965	8.162e3
4227.2988	5.967e3
4227.9541	3.126e3
4228.3223	7.070e3
4228.6611	2.053e3
4229.3589	6.698e3
4230.3394	6.231e3
4230.8228	6.991e2
4231.3496	3.914e3
4231.8223	4.429e2
4232.4087	4.144e3
4232.8984	7.814e2
4233.4307	7.435e3
4234.3120	6.797e3
4235.2554	3.165e3
4235.5625	1.605e3
4236.3213	2.170e3
4236.5625	1.016e3
4237.0938	6.595e2
4237.6670	3.023e3
4237.9365	1.832e3
4238.3696	4.366e3
4238.6211	4.724e3
4239.2583	6.868e3
4240.2998	7.070e3
4240.7129	1.618e3
4241.3809	6.760e3
4242.3184	7.074e3
4243.3389	5.638e3
4244.3540	7.267e3
4245.3252	5.144e3
4245.9717	1.847e3
4246.3374	6.434e3
4246.8589	2.009e3
4247.4248	9.266e3
4248.3286	6.752e3
4249.1006	8.940e3
4249.6699	3.010e3
4250.4370	8.077e3
4251.3496	5.319e3
4252.0361	2.616e3
4252.2627	2.129e3
4252.8179	1.889e3
4253.4634	5.138e3
4254.3843	6.277e3
4255.3330	8.286e3
4256.4263	6.840e3
4257.3843	5.542e3
4258.2852	1.004e4
4259.4575	9.575e3
4260.3789	4.342e3
4261.2485	4.836e3
4262.4121	6.614e3
4263.3042	5.183e3
4264.3086	5.140e3
4264.8828	9.840e2
4265.3149	3.842e3
4266.4116	5.845e3
4266.9219	1.509e3
4267.3989	4.224e3
4268.3765	7.996e3
4268.9180	1.333e3
4269.3457	3.841e3
4270.0415	4.974e3
4270.4385	7.852e3
4271.4590	9.371e3
4271.9526	1.121e3
4272.4028	4.855e3
4273.0254	4.139e3
4273.3203	5.072e3
4274.4048	5.835e3
4275.3643	3.667e3
4275.8877	7.900e2
4276.3340	3.270e3
4277.0776	1.711e3
4277.3135	1.586e3
4277.6484	1.752e3
4278.3755	6.728e3
4279.2266	5.920e3
4279.8252	9.072e2
4280.2612	1.993e3
4280.4604	2.189e3
4281.2388	2.870e3
4281.6143	1.060e3
4282.2588	5.374e3
4282.5605	2.961e3
4282.9424	3.210e3
4283.2568	6.372e3
4284.2832	2.567e3
4284.7344	1.728e3
4285.2983	3.485e3
4285.7358	1.096e3
4286.3193	3.645e3
4287.3281	2.082e3
4288.0898	3.015e3
4288.4541	6.914e3
4289.3413	5.525e3
4290.2988	3.683e3
4290.9565	1.369e3
4291.2949	1.976e3
4291.7275	4.104e2
4292.3091	5.388e3
4293.2822	3.724e3
4293.5811	7.470e2
4293.8506	1.949e3
4294.2769	6.492e3
4294.8481	3.796e3
4295.3086	3.574e3
4295.8398	9.010e2
4296.3359	4.235e3
4297.2363	3.543e3
4297.8364	7.288e2
4298.4014	5.326e3
4299.3257	3.688e3
4299.6606	7.880e2
4300.3447	5.982e3
4301.3179	4.623e3
4302.4033	5.497e3
4303.0000	1.483e3
4303.3267	3.805e3
4303.7710	1.347e3
4304.3086	4.149e3
4304.6606	8.405e2
4305.2471	2.403e3
4306.1880	3.929e3
4306.5166	3.301e3
4307.3188	3.180e3
4308.3125	4.953e3
4309.1489	2.099e3
4309.4238	2.339e3
4309.8257	2.351e3
4310.4531	7.237e3
4310.8662	2.214e3
4311.2310	4.907e3
4311.7632	4.542e2
4312.2808	3.961e3
4312.6172	2.111e3
4313.1104	4.132e3
4313.6626	5.712e2
4314.2930	3.727e3
4314.6260	3.558e3
4314.9614	4.332e2
4315.3525	1.809e3
4315.9678	1.754e3
4316.2261	3.315e3
4316.8643	5.106e2
4317.2993	3.466e3
4317.8228	2.153e3
4318.3760	4.750e3
4318.7192	2.798e3
4319.1792	3.210e3
4319.9531	1.226e3
4320.3555	2.729e3
4320.7949	2.214e3
4321.2642	4.942e3
4321.8940	5.139e3
4322.4380	2.316e3
4322.9277	1.892e3
4323.3027	2.511e3
4323.6606	5.432e2
4324.2495	5.108e3
4324.8350	7.925e2
4325.2954	2.753e3
4325.6406	1.758e3
4326.3560	4.063e3
4326.9482	1.577e3
4327.2202	2.333e3
4327.7017	2.411e3
4328.3198	4.023e3
4328.6626	3.133e3
4329.2837	2.622e3
4330.1665	2.479e3
4330.4370	2.562e3
4330.8247	6.904e2
4331.3320	3.476e3
4331.8979	1.003e3
4332.3452	5.297e3
4332.8901	1.568e3
4333.2998	4.532e3
4334.2632	4.578e3
4334.9639	1.686e3
4335.2144	1.827e3
4335.5610	7.320e2
4336.2871	3.159e3
4336.6631	8.285e2
4337.3389	2.616e3
4338.2554	6.907e3
4338.5610	2.498e3
4338.9204	2.032e3
4339.4121	9.726e2
4339.7241	9.526e2
4340.3389	3.723e3
4340.8838	1.674e2
4341.3081	2.323e3
4341.8887	6.020e2
4342.2139	2.125e3
4342.9224	2.359e3
4343.5454	5.582e3
4344.2900	2.100e3
4344.5610	9.757e2
4345.2524	4.686e3
4345.9380	4.809e3
4346.4126	2.291e3
4346.8164	1.752e3
4347.2778	1.875e3
4347.6924	2.884e3
4348.3257	6.118e3
4349.2759	3.960e3
4349.5615	1.310e3
4350.2578	3.046e3
4350.8066	1.467e3
4351.3555	3.133e3
4352.3862	1.929e3
4353.2363	2.870e3
4354.2197	3.644e3
4354.8149	4.054e3
4355.2827	1.873e3
4355.8452	8.681e2
4356.2192	2.145e3
4356.5615	6.246e2
4357.2065	1.829e3
4357.5625	4.145e2
4358.0093	3.709e3
4358.4766	4.606e3
4358.8223	4.446e3
4359.2280	1.394e3
4359.4624	9.474e2
4360.1445	5.620e3
4360.7002	1.090e3
4361.2139	2.722e3
4361.4619	1.108e3
4362.2124	2.430e3
4362.7261	1.635e3
4363.2476	4.112e3
4364.2954	4.085e3
4364.5605	1.032e3
4365.2891	2.558e3
4366.2007	5.196e3
4366.4609	2.027e3
4367.3433	3.052e3
4367.6387	2.660e3
4368.2256	4.977e3
4368.7568	3.010e3
4369.0605	1.770e3
4369.5269	1.022e3
4369.9067	2.773e3
4370.5034	4.858e3
4371.2534	1.107e3
4371.7383	1.035e3
4372.2832	4.134e3
4373.3662	3.373e3
4374.2021	3.105e3
4374.5332	1.584e3
4375.1982	2.208e3
4376.2041	1.140e3
4376.6089	7.359e2
4377.2109	8.084e2
4378.2383	7.390e3
4379.1909	4.847e2
4379.4985	3.486e3
4379.9590	1.169e3
4380.3330	2.143e3
4380.7930	8.811e2
4381.2563	3.680e3
4381.8506	2.917e3
4382.3091	2.896e3
4382.5605	1.744e3
4383.2417	2.911e3
4384.2690	4.077e3
4385.2930	1.075e3
4385.5610	4.770e2
4386.2334	1.139e3
4386.5645	1.524e2
4386.8555	2.108e2
4387.3135	1.607e3
4387.6616	4.444e2
4388.1895	1.729e3
4388.4604	1.241e3
4389.0991	6.722e2
4389.3198	1.206e3
4389.8511	2.333e3
4390.2632	2.726e3
4390.5894	3.895e3
4391.1484	2.190e3
4391.4155	2.287e3
4392.2759	2.234e3
4392.7856	1.168e3
4393.2632	2.736e3
4394.3320	3.742e3
4395.1982	1.704e3
4395.8447	6.429e2
4396.3525	2.073e3
4396.8408	1.251e3
4397.1719	2.111e3
4397.8691	7.331e2
4398.2710	3.040e3
4398.6206	1.949e3
4399.1904	5.303e3
4399.8027	1.592e3
4400.3188	2.625e3
4401.2393	3.303e3
4401.8389	2.193e3
4402.2485	4.187e3
4402.6602	2.147e3
4403.3452	1.970e3
4403.5620	2.231e3
4404.2793	1.891e3
4405.1763	3.077e2
4405.5146	6.034e2
4405.8794	1.096e3
4406.7715	6.034e2
4407.1338	1.158e3
4407.5269	1.629e3
4408.2627	4.978e3
4408.7334	1.019e3
4409.2002	4.521e3
4409.7310	5.150e2
4410.2466	2.681e3
4410.6206	1.327e3
4411.8511	9.359e2
4412.2534	1.846e3
4413.2832	1.243e3
4413.4629	1.329e3
4414.1924	1.883e3
4414.7817	5.144e2
4415.2915	2.356e3
4415.6631	4.040e2
4416.0244	3.702e2
4416.7212	8.877e2
4417.2119	1.220e3
4417.6943	1.886e3
4418.2178	1.806e3
4418.5220	1.912e3
4419.4604	2.667e3
4420.0889	1.577e3
4420.3770	3.132e3
4420.8208	1.272e3
4421.1426	1.791e3
4421.8242	2.339e3
4422.2544	1.602e3
4422.5210	1.794e3
4423.1138	5.168e3
4424.2578	9.614e2
4424.7876	2.626e2
4425.2124	1.285e3
4425.9946	9.927e2
4426.2603	2.631e2
4426.6812	3.030e3
4427.0273	2.010e3
4427.9277	9.817e2
4428.3706	5.793e3
4428.7612	4.258e2
4429.3833	3.375e3
4429.9302	2.609e3
4430.3057	3.838e3
4430.6465	1.723e3
4430.9897	4.179e3
4431.5581	5.370e3
4432.0840	1.927e3
4432.4658	1.626e3
4433.1470	2.123e3
4433.7803	1.982e3
4434.2510	1.181e3
4434.9448	2.427e3
4436.1836	3.645e3
4437.1836	5.778e3
4438.2095	3.364e3
4438.5610	4.905e2
4438.8281	1.434e3
4439.2393	8.208e2
4439.6406	1.260e3
4439.9375	9.798e2
4440.2910	1.551e3
4440.8706	7.323e2
4441.1196	8.880e2
4441.5322	6.356e2
4442.2134	2.674e3
4442.4639	1.646e3
4443.0781	7.293e3
4443.6836	2.975e2
4444.2417	3.321e3
4444.8887	1.099e3
4445.2173	8.420e2
4446.1675	2.276e3
4446.4321	1.623e3
4446.9141	1.018e3
4447.2646	1.496e3
4447.7671	1.558e2
4448.2759	8.791e2
4449.2500	8.577e2
4449.5732	3.089e2
4450.0190	1.128e3
4450.5576	2.730e3
4451.5840	1.899e3
4452.2827	8.472e2
4452.9375	7.466e3
4453.8003	6.772e3
4454.1738	2.107e3
4454.6143	1.129e3
4454.9902	3.938e3
4456.0283	3.875e3
4457.1943	4.161e3
4457.6724	1.827e3
4458.1953	2.061e3
4458.7607	1.962e3
4459.2832	2.340e3
4460.2070	1.570e3
4460.5200	8.352e2
4461.1504	1.676e3
4461.9937	1.122e3
4462.3574	3.485e3
4462.9966	2.465e2
4463.5991	2.385e3
4464.2349	3.325e3
4464.7183	9.279e2
4465.1680	2.590e3
4466.1548	6.281e2
4466.5391	1.373e3
4467.0918	2.588e3
4468.2798	4.915e3
4468.8213	1.788e3
4469.5972	6.895e2
4470.1226	3.853e2
4470.5195	5.250e2
4471.1577	2.044e3
4471.4614	2.393e3
4471.7612	1.201e3
4472.1230	1.205e3
4473.1660	2.925e3
4473.4614	9.325e2
4474.4668	2.636e3
4474.9224	1.766e3
4475.1641	1.076e3
4475.6279	4.313e2
4476.1289	4.507e2
4476.6748	2.997e2
4477.3760	1.701e3
4478.0293	3.295e3
4478.9155	5.552e3
4479.5215	3.160e2
4480.3525	2.494e3
4480.7173	1.247e3
4481.2324	1.664e3
4481.7114	5.164e3
4482.7002	3.616e3
4483.2070	1.935e3
4483.7661	2.592e1
4484.3481	9.904e2
4484.7686	5.822e2
4485.2690	8.610e2
4486.2080	7.662e3
4486.9546	2.136e3
4487.5210	4.496e2
4488.1011	1.982e3
4488.6919	1.781e3
4489.2124	2.526e3
4489.4614	1.284e3
4490.0313	2.550e3
4490.3350	2.025e3
4490.8252	1.384e3
4491.2114	1.200e3
4491.5264	6.898e2
4491.9326	1.809e3
4492.3511	1.564e3
4492.7231	1.474e3
4493.2065	2.192e3
4493.9253	3.146e2
4494.4658	1.876e3
4495.0684	9.469e2
4495.3149	9.362e2
4496.3066	7.073e2
4496.5645	2.308e2
4497.1436	1.319e3
4497.8525	2.289e3
4498.2222	2.589e3
4498.6123	2.937e3
4499.0254	1.225e3
4499.4731	3.445e2
