3500.0669	3.402e2
3500.5583	1.171e2
3500.8301	9.564e2
3501.2312	5.408e2
3501.7153	1.054e3
3502.1174	1.177e3
3502.6592	2.079e3
3503.4333	1.020e3
3503.6611	4.659e2
3504.1973	6.796e2
3504.6902	8.579e1
3505.1274	4.074e2
3505.5923	4.940e2
3506.0098	1.248e3
3506.4863	5.851e2
3506.9121	1.066e3
3507.8000	4.413e2
3508.3101	1.374e3
3508.7361	2.566e3
3509.1287	1.343e3
3509.6494	1.243e3
3509.9841	1.021e3
3510.2808	1.910e3
3510.8914	2.826e3
3511.4058	2.040e3
3512.0330	1.558e3
3512.3347	1.592e3
3512.7864	2.610e2
3513.2737	1.753e3
3513.7708	8.169e2
3514.5300	2.111e3
3515.2241	5.518e2
3515.7444	5.571e2
3516.1040	1.225e3
3517.1838	1.641e2
3517.6431	7.109e2
3518.2937	2.445e3
3518.8328	1.416e3
3519.2319	1.287e3
3519.7637	1.729e3
3520.4106	2.070e3
3521.0940	1.129e3
3521.5129	1.351e3
3522.1807	2.413e3
3522.5991	9.482e2
3523.1663	1.944e3
3523.7449	3.995e2
3524.1030	1.384e3
3524.3611	2.862e2
3524.7949	2.241e2
3525.1167	9.838e2
3525.6135	3.446e2
3526.1255	1.319e3
3526.5247	2.619e3
3527.0186	1.974e3
3527.4399	9.535e2
3527.6614	6.108e2
3528.3301	1.111e3
3528.7856	1.120e3
3529.1741	1.322e3
3529.7791	1.569e3
3530.1587	1.288e3
3530.5237	7.855e2
3531.0166	1.580e3
3531.5281	3.840e2
3532.0142	4.271e2
3532.7800	1.390e3
3533.1326	6.174e2
3533.6001	7.657e2
3534.0498	5.047e2
3534.4426	1.875e3
3535.3774	2.271e3
3536.0552	2.340e3
3536.9314	8.056e2
3537.2603	1.553e2
3537.7429	1.436e3
3538.2754	7.066e2
3538.7419	1.700e3
3539.0833	2.054e3
3539.6213	8.222e2
3540.2522	1.553e3
3540.4636	1.137e3
3540.9063	1.451e3
3541.3943	1.103e2
3541.8364	8.207e2
3542.1477	6.482e2
3542.7014	3.315e3
3543.2732	3.517e2
3543.6653	9.248e2
3544.1421	1.087e3
3544.4832	1.254e3
3544.9880	4.377e2
3545.2649	3.938e2
3545.8523	3.499e2
3546.1604	2.616e2
3546.6028	1.120e3
3547.0337	1.229e3
3547.3613	2.803e2
3547.9348	2.402e3
3548.2607	4.403e2
3548.8806	5.877e3
3549.7178	1.084e3
3550.1355	6.193e2
3550.6023	3.110e2
3551.1121	2.293e3
3552.1472	1.788e3
3552.7998	2.295e2
3553.2751	1.525e3
3553.6462	3.296e3
3554.1272	1.367e3
3554.6294	1.086e3
3555.0659	1.224e3
3556.0361	1.037e3
3556.3572	8.453e2
3556.8323	8.671e2
3557.1636	8.073e1
3557.6960	3.584e2
3558.1428	1.293e3
3558.4211	1.868e3
3558.9932	1.510e3
3559.3584	3.521e2
3559.7891	2.279e2
3560.4001	2.857e2
3560.8140	5.133e2
3561.2834	1.333e3
3561.7988	8.061e2
3562.1985	2.588e3
3562.7021	7.833e2
3563.1084	1.353e3
3563.3660	7.541e2
3563.9954	3.109e3
3564.8782	2.228e3
3565.1648	7.299e2
3566.0112	1.697e3
3566.4453	3.337e2
3566.9363	2.163e3
3567.8030	2.074e3
3568.3965	1.315e3
3568.9934	2.819e3
3569.3232	8.999e2
3569.8960	4.985e2
3570.3091	5.989e2
3570.6882	8.673e2
3571.1348	8.934e2
3571.7505	2.767e3
3572.2610	2.383e2
3572.7615	3.199e2
3573.2322	3.946e2
3573.7366	9.419e2
3574.1328	7.730e2
3574.6274	1.479e3
3575.1599	1.532e3
3575.7771	1.903e3
3576.4043	1.690e3
3576.8889	6.798e2
3577.8066	1.238e3
3578.1267	1.027e3
3578.6992	1.071e3
3579.4822	2.855e3
3580.3164	2.751e3
3580.8467	1.886e3
3581.2170	1.461e3
3581.8728	6.186e2
3582.2129	1.703e3
3582.7666	4.502e2
3583.2031	2.933e3
3583.7041	1.367e3
3584.1912	1.166e3
3584.7544	1.132e3
3585.2644	3.391e2
3585.5952	2.019e2
3586.0945	1.271e3
3586.5317	1.130e2
3587.1121	1.077e3
3587.6262	6.049e2
3588.3757	1.287e3
3588.9924	2.224e3
3589.7100	2.204e3
3590.1296	1.284e3
3590.4182	1.443e3
3590.8843	1.077e3
3591.4795	1.104e3
3592.2385	9.308e2
3592.7454	1.457e2
3593.1421	6.834e2
3593.6416	9.184e2
3594.2129	5.295e2
3594.6213	3.873e2
3595.5264	9.170e2
3596.0605	3.324e3
3596.4636	5.366e2
3596.7588	7.682e2
3597.2690	4.152e2
3597.8245	4.513e2
3598.2131	1.146e3
3598.6753	2.888e3
3599.0747	2.136e3
3599.4204	1.043e3
3600.0183	1.822e3
3600.4324	1.053e3
3600.8291	1.431e3
3601.3125	6.177e2
3601.7603	1.144e3
3602.2239	7.140e2
3602.5220	5.215e2
3603.2632	1.202e3
3603.7822	2.415e2
3604.2073	1.070e3
3604.6167	7.514e2
3605.2620	5.466e0
3605.8718	2.853e2
3606.3667	7.285e1
3606.7483	5.988e2
3607.2864	2.215e3
3608.1035	1.646e3
3608.8901	1.126e3
3609.1650	2.295e2
3609.6636	1.527e3
3610.2385	1.133e3
3610.6289	1.728e3
3611.1211	1.058e3
3611.4622	4.561e2
3611.8896	1.122e3
3612.3057	1.382e3
3612.9248	6.506e2
3613.2520	4.888e2
3613.5930	6.085e2
3614.1150	3.632e3
3614.7822	7.012e2
3615.1970	5.880e2
3615.4661	1.205e2
3615.7712	1.688e2
3616.3103	1.677e3
3616.8857	4.061e2
3617.1670	7.712e2
3617.5298	1.144e3
3617.8196	7.722e2
3618.2759	2.011e3
3618.6448	1.488e3
3619.1426	1.699e3
3619.6482	5.087e2
3620.1021	1.960e3
3620.4653	6.186e2
3621.1411	1.591e3
3621.5247	5.248e2
3622.1792	1.477e3
3622.5464	8.896e2
3622.7603	4.275e2
3623.1873	1.829e3
3623.5203	1.321e3
3624.2446	3.238e3
3624.7615	2.210e2
3625.2156	2.541e3
3626.2727	2.087e3
3626.9524	2.332e3
3627.5168	6.761e2
3628.0928	1.270e3
3628.5215	1.443e3
3629.0762	1.206e3
3629.8425	6.124e1
3630.2913	2.371e2
3630.9827	1.263e3
3631.8005	1.413e3
3632.2175	4.601e2
3632.8728	9.453e1
3633.3469	1.781e3
3634.1187	1.525e3
3634.5750	9.956e2
3635.1382	2.534e3
3636.1550	2.058e3
3636.8147	4.476e2
3637.1890	1.062e3
3638.1882	3.266e3
3638.6707	1.485e3
3639.1147	3.011e3
3639.5933	2.167e3
3640.2847	1.482e3
3640.8765	1.468e3
3641.8882	1.038e3
3643.0134	4.333e2
3643.6326	1.206e3
3643.8625	9.551e2
3644.4670	2.672e1
3645.0679	1.652e1
3645.3967	3.130e1
3645.7920	1.540e2
3646.3557	1.292e3
3646.7341	7.252e2
3647.1221	2.200e2
3647.8149	1.313e3
3648.3386	1.074e3
3648.7876	1.182e3
3649.1299	1.152e3
3649.6753	8.346e2
3650.2366	1.617e3
3650.7966	7.534e2
3651.2332	3.611e2
3651.6458	7.766e2
3652.1960	9.082e2
3652.5928	5.659e2
3652.8181	8.812e2
3653.1821	1.482e3
3653.8970	1.432e2
3654.2424	1.322e3
3654.5974	1.516e3
3655.1965	1.304e3
3655.6360	6.535e2
3656.1194	4.455e2
3656.7688	2.526e2
3657.2185	1.466e3
3657.6951	6.925e2
3658.4270	2.983e3
3659.2988	4.009e3
3660.1831	7.755e2
3660.4607	8.896e1
3660.9670	2.509e2
3661.2915	6.708e2
3661.8694	1.035e3
3662.2173	1.597e3
3662.7073	1.067e3
3663.0591	1.165e3
3663.4309	2.578e3
3663.8616	4.820e2
3664.2324	1.427e3
3664.6279	1.683e3
3665.2507	1.626e3
3665.8743	1.083e3
3666.2234	2.795e3
3666.6619	4.308e2
3667.1516	2.160e3
3667.6643	6.175e1
3668.2117	8.150e2
3668.4937	1.388e2
3668.7871	4.231e2
3669.1243	2.108e2
3669.7012	3.022e2
3670.2571	2.591e3
3670.7473	1.348e3
3671.1790	1.676e3
3671.6240	1.186e3
3671.8616	6.219e2
3672.1628	4.546e2
3672.9351	1.189e3
3673.2188	7.254e2
3673.6956	1.599e3
3674.2905	1.610e3
3674.6643	3.442e2
3675.1541	1.301e3
3675.4634	8.114e2
3676.0952	1.251e3
3676.7957	3.355e2
3677.1418	1.172e3
3677.7126	3.725e2
3678.2605	1.635e3
3678.7241	5.889e2
3679.2058	7.272e3
3679.6213	1.487e3
3680.2085	1.126e4
3680.8555	8.823e2
3681.2043	1.084e4
3682.2151	6.819e3
3682.7468	2.652e3
3683.2175	5.952e3
3684.2261	3.395e3
3684.7295	6.305e2
3685.1763	2.230e3
3685.8645	3.838e2
3686.2092	1.750e3
3686.8469	1.087e3
3687.2629	4.960e2
3687.5657	1.285e2
3688.0833	8.033e2
3688.4922	3.473e3
3688.7607	1.573e3
3689.1226	1.703e3
3689.5962	1.995e3
3690.2356	1.943e3
3691.1619	2.643e3
3692.2393	1.917e3
3692.8115	8.478e2
3693.2014	1.772e3
3693.6272	1.661e3
3694.3018	3.836e3
3694.8457	7.779e2
3695.1807	1.925e3
3695.8296	6.939e2
3696.1143	7.824e2
3697.4573	3.036e3
3698.1919	3.414e3
3698.6909	1.405e3
3699.1692	2.011e3
3699.7461	1.873e2
3700.2314	7.815e2
3700.9336	1.422e3
3701.2322	1.262e3
3701.7202	1.057e3
3702.2910	1.739e3
3702.5554	1.588e3
3702.8628	9.062e2
3703.1760	4.982e2
3703.5190	1.093e3
3703.8281	9.027e2
3704.2388	9.305e2
3704.8250	2.320e2
3705.2766	8.608e2
3705.7893	3.351e2
3706.2749	1.856e3
3706.7832	5.589e2
3707.2061	5.958e3
3707.6763	7.475e2
3708.2095	8.784e3
3708.7095	7.102e2
3709.2080	9.981e3
3709.7083	1.227e3
3710.2395	8.019e3
3710.7195	1.874e3
3711.2031	5.311e3
3711.7205	6.392e2
3712.2366	3.408e3
3712.5647	1.098e3
3713.2441	3.020e3
3713.8142	1.082e3
3714.2507	1.171e3
3714.5620	3.579e2
3714.9924	4.440e2
3715.3621	1.524e3
3716.1218	1.384e3
3716.6738	4.304e2
3717.1741	3.758e2
3717.7471	3.367e2
3718.2412	1.800e3
3718.5627	1.108e3
3718.9763	1.481e3
3719.3210	3.107e3
3719.7170	8.614e2
3720.3083	9.182e2
3720.6213	3.394e2
3721.2317	2.138e3
3722.2451	2.933e3
3722.6306	1.023e3
3723.1816	1.006e3
3723.5127	1.460e3
3724.2166	1.273e3
3724.8721	4.689e2
3725.2019	8.704e2
3725.8430	2.999e2
3726.2686	1.429e3
3727.1313	2.182e3
3727.9336	1.153e3
3728.2104	9.428e2
3728.5166	9.136e2
3728.9727	2.074e3
3729.2605	1.726e3
3730.2134	2.141e3
3730.4644	1.497e3
3730.8613	8.548e2
3731.3643	3.510e2
3731.7815	1.927e2
3732.2837	8.700e2
3733.1086	1.162e3
3733.5879	1.355e3
3734.1526	2.611e3
3734.7993	8.953e2
3735.2769	8.773e2
3735.6316	2.473e2
3736.2502	2.073e3
3736.7615	1.679e3
3737.2722	2.527e3
3737.6970	8.514e2
3738.2158	2.852e3
3738.7256	8.301e2
3739.2339	1.144e3
3739.6560	5.060e2
3740.1873	1.014e3
3740.5603	6.373e1
3741.2610	2.675e2
3741.5969	2.302e2
3741.9316	7.084e2
3742.4805	2.770e3
3743.2354	1.365e3
3743.6096	1.910e3
3743.9875	3.054e2
3744.3098	9.792e2
3744.9175	1.307e3
3745.4272	4.790e2
3745.8643	4.778e2
3746.2288	1.966e3
3746.4629	1.653e3
3747.2947	1.274e3
3747.7273	8.319e2
3748.2976	2.231e3
3748.6611	1.072e3
3749.2224	2.015e3
3749.6328	4.966e2
3750.2729	1.585e3
3750.6797	1.186e3
3751.2444	4.476e3
3751.7776	2.389e3
3752.2300	4.058e3
3753.2278	3.234e3
3753.7427	7.080e2
3754.2642	2.968e3
3754.6560	8.249e2
3754.8608	4.913e2
3755.2815	1.621e3
3756.1707	1.799e3
3757.1592	1.765e3
3757.6094	1.119e3
3758.4438	2.113e3
3758.8882	1.650e3
3759.2742	1.334e3
3759.7356	1.065e3
3760.2271	3.584e3
3760.8662	1.907e3
3761.2017	3.082e3
3761.7720	1.036e3
3762.2239	2.685e3
3763.4553	3.300e3
3764.2256	2.081e3
3764.6331	7.008e2
3764.8867	4.537e2
3765.2144	1.975e3
3766.2200	3.389e3
3766.7849	1.651e3
3767.2996	1.790e3
3767.6313	6.474e2
3768.0488	1.331e3
3768.3154	1.748e3
3768.9150	2.356e3
3769.3589	3.729e3
3770.2134	2.443e3
3770.7488	7.468e2
3771.2219	3.260e3
3771.7312	1.388e3
3772.2188	3.553e3
3772.5603	7.224e2
3772.8914	4.187e2
3773.3079	3.582e3
3773.7612	6.843e2
3774.2334	2.420e3
3774.5295	2.366e3
3775.2161	2.497e3
3775.6157	1.301e3
3776.2014	2.224e3
3776.7671	1.035e3
3777.2090	9.015e2
3777.6580	7.456e2
3778.2505	4.831e3
3778.7026	3.699e3
3779.2854	6.291e3
3780.2073	3.949e3
3780.8528	1.373e3
3781.2231	3.511e3
3781.7537	1.055e3
3782.2185	3.588e3
3782.8228	1.317e3
3783.2788	3.523e3
3784.2517	1.815e3
3784.5623	2.903e2
3785.2654	2.536e3
3785.6604	3.902e2
3785.9529	8.927e2
3786.2563	1.033e3
3786.6858	7.826e2
3787.1785	5.768e2
3787.7742	1.862e3
3787.9717	7.835e2
3788.2864	2.199e3
3788.8098	2.421e3
3789.5427	1.771e3
3790.3450	3.256e3
3791.1101	2.699e3
3791.5129	9.694e2
3791.8462	1.085e3
3792.2668	2.182e3
3792.5967	5.577e2
3792.9277	1.459e3
3793.3882	3.500e3
3793.8623	8.613e2
3794.2957	2.166e3
3794.7832	1.085e3
3795.2612	1.923e3
3795.7917	1.097e3
3796.2825	3.186e3
3796.8545	9.361e2
3797.3645	2.847e3
3797.9763	6.653e2
3798.3318	1.587e3
3798.6204	2.075e3
3799.1052	2.389e3
3799.4141	1.697e3
3799.6606	1.096e3
3800.0859	1.332e3
3800.3623	1.178e3
3801.0232	1.836e3
3801.5029	1.235e3
3801.8279	6.435e2
3802.2480	1.261e3
3802.5571	1.697e3
3803.3433	2.968e3
3804.2163	1.523e3
3804.6541	2.256e2
3805.2300	2.110e3
3805.6709	8.288e2
3806.2869	4.118e3
3806.6604	1.052e3
3807.2505	3.531e3
3807.6624	1.068e3
3808.3054	4.855e3
3808.8135	1.458e3
3809.2690	2.862e3
3809.6628	2.760e2
3810.3125	3.057e3
3811.0313	1.199e3
3811.3184	1.216e3
3811.7642	6.760e2
3812.2346	8.481e2
3812.7358	5.830e2
3813.6001	2.691e3
3813.9624	4.467e2
3814.3303	1.872e3
3814.8125	2.501e3
3815.2908	1.755e3
3816.0532	3.516e3
3816.6863	3.499e2
3817.2251	5.133e3
3818.4216	4.268e3
3818.9460	1.059e3
3819.3894	4.528e3
3820.3213	2.725e3
3820.8428	6.355e2
3821.3049	3.106e3
3821.9502	1.016e3
3822.3098	3.162e3
3822.8372	1.241e3
3823.2534	3.954e3
3823.7073	2.490e3
3824.2339	2.836e3
3824.7915	2.895e2
3825.2295	1.267e3
3826.2610	2.784e3
3826.7629	5.897e2
3827.3601	3.586e3
3828.4214	3.764e3
3828.7605	1.182e3
3829.2405	2.130e3
3829.7537	2.765e2
3830.2710	2.165e3
3830.7754	6.261e2
3831.2732	2.097e3
3831.8108	9.993e2
3832.3142	3.079e3
3832.6611	1.686e3
3833.3064	3.018e3
3833.6387	1.859e3
3834.3264	4.440e3
3834.8362	1.711e3
3835.3091	1.531e4
3835.7561	7.079e2
3836.3049	2.934e4
3836.8447	1.603e3
3837.3098	3.108e4
3837.8459	8.617e2
3838.3074	2.455e4
3838.7620	6.792e2
3839.3098	1.474e4
3839.7683	9.598e2
3840.3096	5.742e3
3840.6992	4.390e2
3840.9695	1.435e3
3841.3259	4.749e3
3842.3281	5.433e3
3843.1418	5.622e3
3844.2659	2.077e3
3844.7065	1.333e3
3845.2622	1.746e3
3845.8450	8.514e2
3846.3096	2.712e3
3846.9927	1.148e3
3847.3252	3.118e3
3847.9521	1.668e3
3848.3662	6.204e3
3848.7813	3.523e3
3849.3213	7.105e3
3849.7202	2.318e3
3850.3284	9.380e3
3850.8296	1.664e3
3851.3157	7.983e3
3851.8584	1.470e3
3852.3140	6.473e3
3852.8264	8.679e2
3853.3110	5.752e3
3853.7944	1.061e3
3854.2817	4.291e3
3854.8193	1.040e3
3855.3545	2.770e3
3855.7295	1.434e3
3856.3452	1.764e3
3856.6372	1.838e3
3857.3054	1.667e3
3858.2593	2.660e3
3858.8987	2.438e3
3859.3154	3.563e3
3859.6184	2.047e3
3859.9983	7.637e2
3860.3132	2.405e3
3860.8530	1.261e3
3861.3049	2.354e3
3861.8943	1.050e3
3862.3826	5.931e3
3862.8391	2.069e3
3863.3223	7.747e3
3863.8599	1.558e3
3864.3206	1.044e4
3865.3176	1.077e4
3865.8457	1.082e3
3866.3198	9.275e3
3866.7629	5.463e2
3867.3250	6.211e3
3867.8547	9.809e2
3868.4287	6.552e3
3869.1707	3.581e3
3870.0354	2.961e3
3870.2756	1.151e3
3870.5293	2.622e3
3871.0742	2.586e3
3871.7891	2.781e3
3872.3254	2.513e3
3872.8184	8.303e2
3873.2937	2.454e3
3873.7217	1.071e3
3874.2957	2.100e3
3874.5613	1.153e3
3875.2671	2.337e3
3876.3210	4.177e3
3876.8413	8.170e2
3877.3826	4.853e3
3877.9441	1.698e3
3878.3481	7.100e3
3878.9392	1.134e3
3879.3406	4.760e3
3879.9663	1.164e3
3880.3601	4.023e3
3880.8794	1.918e3
3881.3030	3.232e3
3881.6958	1.399e3
3882.2434	4.015e3
3883.3232	4.628e3
3883.9268	9.878e2
3884.3730	2.708e3
3885.1367	3.995e2
3885.7244	1.655e3
3886.2754	2.953e3
3886.6934	2.099e3
3887.1819	3.361e3
3887.6936	7.437e2
3888.0789	2.509e3
3888.4177	1.691e3
3888.8445	6.735e2
3889.2776	2.511e3
3889.7224	6.787e2
3890.3157	3.675e3
3890.8328	9.740e2
3891.3486	5.724e3
3891.9451	7.074e2
3892.3533	7.751e3
3892.9946	3.630e2
3893.3376	5.497e3
3893.8867	1.135e3
3894.3325	4.639e3
3894.8611	1.474e3
3895.3279	3.823e3
3895.7458	1.689e3
3896.3025	2.130e3
3897.1772	4.918e3
3897.8179	1.524e3
3898.2988	3.480e3
3898.6189	1.988e3
3899.1851	2.750e3
3899.6301	1.784e3
3900.1052	1.605e3
3901.1555	3.537e3
3901.7400	9.009e2
3902.2773	3.061e3
3902.8003	1.210e3
3903.3772	3.694e3
3903.8320	1.078e3
3904.3567	4.970e3
3904.7793	2.192e3
3905.3704	6.274e3
3905.8979	1.720e3
3906.3704	6.847e3
3906.8621	1.377e3
3907.3589	7.909e3
3908.2637	1.216e4
3908.8955	2.303e3
3909.3237	5.095e3
3909.9531	7.475e2
3910.3147	4.350e3
3910.6948	5.829e2
3911.2927	3.935e3
3911.7205	1.067e3
3912.2864	1.629e3
3913.3301	3.464e3
3913.9019	2.016e3
3914.2971	2.606e3
3914.6636	6.197e2
3915.2971	3.084e3
3915.7981	9.594e2
3916.2705	5.342e3
3916.7988	1.866e3
3917.2720	6.338e3
3917.5605	6.859e2
3918.2935	1.202e4
3919.3271	7.577e3
3919.7605	7.687e2
3920.3389	6.401e3
3920.9077	1.167e3
3921.3291	5.051e3
3921.8347	1.420e3
3922.3508	6.237e3
3922.7473	1.950e3
3923.3225	5.275e3
3923.7607	1.018e3
3924.3235	3.150e3
3924.8601	1.454e3
3925.3022	3.651e3
3925.7642	7.481e2
3926.2549	4.212e3
3927.0332	1.148e3
3927.3914	1.677e3
3928.3779	3.911e3
3928.8125	1.165e3
3929.3247	1.979e3
3929.7214	1.087e3
3930.3726	2.508e3
3930.9673	1.364e3
3931.3379	3.433e3
3931.6621	1.275e3
3932.3494	6.187e3
3932.8801	1.967e3
3933.3425	5.011e3
3933.6616	1.549e3
3933.9849	9.560e2
3934.3794	8.965e3
3934.7993	1.660e3
3935.3669	1.052e4
3935.8960	1.224e3
3936.3650	1.024e4
3936.9963	9.731e2
3937.3813	7.560e3
3937.8391	1.962e3
3938.3877	8.279e3
3938.9688	1.067e3
3939.3730	5.077e3
3939.7610	8.086e2
3940.4290	7.162e3
3941.2302	3.022e3
3941.8464	1.246e3
3942.3806	2.450e3
3942.7900	1.833e3
3943.3289	2.411e3
3943.7139	1.245e3
3944.2971	2.175e3
3944.8149	1.111e3
3945.3303	2.229e3
3945.8757	8.872e2
3946.3662	4.837e3
3946.8535	1.664e3
3947.3574	3.668e3
3947.8267	2.663e3
3948.3943	7.449e3
3948.9460	1.057e3
3949.3967	1.052e4
3949.9412	2.132e3
3950.3994	1.273e4
3950.7917	2.044e3
3951.3979	1.053e4
3951.7651	1.016e3
3952.3989	8.552e3
3952.8352	1.028e3
3953.3997	7.325e3
3953.8645	1.302e3
3954.3870	5.577e3
3954.9968	5.964e2
3955.3577	2.350e3
3955.9441	1.939e3
3956.3064	2.498e3
3956.8875	7.334e2
3957.3442	3.301e3
3958.5044	8.258e3
3959.2710	3.798e3
3959.5632	1.647e3
3960.3230	5.716e3
3960.8591	1.191e3
3961.3113	5.152e3
3961.6646	1.304e3
3961.9626	6.248e2
3962.3716	5.631e3
3962.9060	1.491e3
3963.3967	7.665e3
3963.9827	1.345e3
3964.3940	8.275e3
3964.8154	1.695e3
3965.4048	5.419e3
3965.7227	1.945e3
3966.3936	5.656e3
3966.7109	8.703e2
3967.3462	5.966e3
3968.4102	6.803e3
3969.0432	2.035e3
3969.3931	3.684e3
3970.2356	6.224e3
3971.3237	3.309e3
3971.8840	6.143e2
3972.3218	3.903e3
3973.3850	6.691e3
3973.7607	1.237e3
3974.3855	9.972e3
3974.9143	1.313e3
3975.3884	9.748e3
3975.9617	1.758e3
3976.3865	1.075e4
3976.8396	2.354e3
3977.3923	1.534e4
3977.9407	1.767e3
3978.3928	2.012e4
3978.8765	1.636e3
3979.3962	2.096e4
3979.8599	1.590e3
3980.3965	1.671e4
3980.9841	1.530e3
3981.3901	1.405e4
3982.3718	1.034e4
3983.0188	1.927e3
3983.3882	4.908e3
3983.7478	1.234e3
3984.3599	3.274e3
3984.7578	1.040e3
3985.4514	6.163e3
3986.3369	4.775e3
3986.7615	5.408e2
3987.3479	4.740e3
3987.7996	9.498e2
3988.3984	1.098e4
3988.8733	1.656e3
3989.3926	1.164e4
3989.8796	2.083e3
3990.4009	1.359e4
3990.8196	3.285e3
3991.4058	1.846e5
3991.8301	4.159e3
3992.4087	3.752e5
3992.8657	4.058e3
3993.4092	4.133e5
3993.8655	5.127e3
3994.4106	3.195e5
3994.9451	4.702e3
3995.4111	1.960e5
3995.9224	5.079e3
3996.4153	1.022e5
3996.9297	4.527e3
3997.4121	4.170e4
3997.9473	3.276e3
3998.4148	1.867e4
3999.0344	3.464e3
3999.4048	9.194e3
4000.4050	7.180e3
4000.8616	1.563e3
4001.3567	4.080e3
4001.7659	1.520e3
4002.3271	6.819e3
4002.8608	1.909e3
4003.4119	8.070e3
4003.9619	2.996e3
4004.3718	7.684e3
4004.8193	2.708e3
4005.4189	1.536e5
4005.9163	3.735e3
4006.4236	3.082e5
4006.8650	3.634e3
4007.4243	3.491e5
4007.9204	4.783e3
4008.4263	2.786e5
4008.9810	4.785e3
4009.4299	1.669e5
4009.9639	4.436e3
4010.4309	8.385e4
4010.9915	3.293e3
4011.4331	3.741e4
4011.9949	2.577e3
4012.4351	1.707e4
4012.9980	2.976e3
4013.4153	1.015e4
4013.9270	3.043e3
4014.4053	6.196e3
4014.8113	3.970e3
4015.3887	5.887e3
4015.7358	1.879e3
4016.3357	8.097e3
4016.8711	2.313e3
4017.3896	6.030e3
4017.6619	1.393e3
4017.9985	6.851e2
4018.3901	5.965e3
4018.9182	3.030e3
4019.3945	9.874e3
4019.9006	1.777e3
4020.4089	1.390e4
4020.9138	1.739e3
4021.4104	1.519e4
4021.8733	2.633e3
4022.4109	1.418e4
4023.0713	1.566e3
4023.4158	9.476e3
4023.8179	2.555e3
4024.3987	7.193e3
4025.0647	1.830e3
4025.3972	3.621e3
4025.8887	9.950e2
4026.3735	5.006e3
4026.7219	2.018e3
4027.3918	4.802e3
4028.3857	8.559e3
4029.3774	8.892e3
4029.8997	2.580e3
4030.3770	1.455e4
4030.6614	3.198e3
4031.3645	1.437e4
4031.8330	1.886e3
4032.3723	1.033e4
4032.9951	1.677e3
4033.3828	1.109e4
4033.7610	1.409e3
4034.4089	1.373e4
4034.9165	8.626e2
4035.4138	1.246e4
4035.8306	1.754e3
4036.4087	1.147e4
4037.3982	7.914e3
4038.0627	2.112e3
4038.4119	6.178e3
4038.9165	1.962e3
4039.3989	4.889e3
4039.9204	1.870e3
4040.3381	2.753e3
4040.8411	1.255e3
4041.3818	4.699e3
4041.8147	1.261e3
4042.4246	6.724e3
4042.8623	1.034e3
4043.3804	1.057e4
4044.3723	1.213e4
4044.8645	2.170e3
4045.3704	1.637e4
4045.8137	1.599e3
4046.3569	1.787e4
4047.3662	1.524e4
4048.3923	1.841e4
4048.9609	8.318e2
4049.4055	1.886e4
4050.4150	1.779e4
4051.0969	2.760e3
4051.4182	1.343e4
4051.9246	1.695e3
4052.4126	9.341e3
4052.9700	9.240e2
4053.4043	6.531e3
4054.4009	6.600e3
4054.8601	1.146e3
4055.3870	4.672e3
4055.8176	8.879e2
4056.3501	3.589e3
4056.9351	1.547e3
4057.3621	4.039e3
4057.8792	1.523e3
4058.3643	8.726e3
4058.8142	2.124e3
4059.3718	9.751e3
4059.9636	1.238e3
4060.3633	1.013e4
4060.8193	1.757e3
4061.3604	1.189e4
4062.4028	1.549e4
4062.9346	1.441e3
4063.4233	2.148e4
4063.8611	1.113e3
4064.4204	2.065e4
4065.4192	1.946e4
4065.9504	1.774e3
4066.4167	1.472e4
4067.4133	1.127e4
4068.3972	1.187e4
4068.8882	1.349e3
4069.3513	7.689e3
4069.8284	1.211e3
4070.4207	6.288e3
4070.7607	8.348e2
4071.3774	4.890e3
4071.8254	1.553e3
4072.3669	6.732e3
4072.8655	1.724e3
4073.3816	8.434e3
4074.3909	6.833e3
4074.8921	2.074e3
4075.4070	6.808e3
4075.9067	1.757e3
4076.3970	1.015e4
4076.8232	1.036e3
4077.4377	1.186e4
4078.4253	1.296e4
4078.7605	1.040e3
4079.4175	1.371e4
4079.8911	1.931e3
4080.4048	9.946e3
4080.8870	6.147e2
4081.3870	8.650e3
4081.9617	6.409e2
4082.3835	6.490e3
4083.3538	8.128e3
4084.3472	7.341e3
4084.8831	1.562e3
4085.3503	4.755e3
4086.3455	6.933e3
4086.9221	1.601e3
4087.3892	7.520e3
4087.9419	1.441e3
4088.4009	1.112e4
4088.8921	1.421e3
4089.3892	1.823e4
4089.6604	1.056e3
4089.9180	1.529e3
4090.3987	2.979e4
4090.9333	1.161e3
4091.3999	3.414e4
4092.4004	2.646e4
4092.9143	1.341e3
4093.3958	1.977e4
4093.9355	2.471e3
4094.4092	1.473e4
4095.4063	7.478e3
4095.9019	1.554e3
4096.3799	5.445e3
4096.6719	1.005e3
4096.9819	7.264e2
4097.3848	6.243e3
4097.9844	9.614e2
4098.3472	3.880e3
4098.7119	9.547e2
4099.3018	4.220e3
4099.7900	1.334e3
4100.3369	3.867e3
4100.9248	1.289e3
4101.3921	5.921e3
4101.8975	2.859e3
4102.4028	1.018e4
4102.8979	2.126e3
4103.3979	2.253e4
4104.4009	3.060e4
4104.9556	8.360e2
4105.3994	3.171e4
4105.9355	9.182e2
4106.4028	2.627e4
4106.9131	9.515e2
4107.4106	1.797e4
4107.9058	2.557e3
4108.4175	1.361e4
4108.8608	8.960e2
4109.3965	7.626e3
4109.9678	9.674e2
4110.4028	5.090e3
4111.3208	7.218e3
4111.9155	1.554e3
4112.3833	4.911e3
4112.9429	1.771e3
4113.3682	5.990e3
4113.9111	1.746e3
4114.3579	6.373e3
4114.9092	1.409e3
4115.3501	5.606e3
4115.9165	1.200e3
4116.3726	4.388e3
4116.9468	9.333e2
4117.3740	4.792e3
4118.3765	9.228e3
4119.3940	5.022e3
4119.8462	8.792e2
4120.4033	6.330e3
4121.3940	6.035e3
4121.9375	1.154e3
4122.4219	5.063e3
4123.4131	5.555e3
4123.9336	1.297e3
4124.3789	3.137e3
4124.8418	7.190e2
4125.3608	3.807e3
4125.8164	1.259e3
4126.3955	5.566e3
4126.8618	1.138e3
4127.3447	6.767e3
4127.8188	1.671e3
4128.3525	1.105e4
4128.9141	2.820e3
4129.3511	1.360e4
4129.9604	7.033e2
4130.3687	9.339e3
4130.8613	7.799e2
4131.3501	7.465e3
4132.3403	8.285e3
4132.9297	8.193e2
4133.3838	7.091e3
4134.3735	7.090e3
4135.3896	6.781e3
4135.9727	9.542e2
4136.3882	5.394e3
4137.3638	4.966e3
4138.4009	8.056e3
4138.6621	3.008e3
4139.3740	5.917e3
4140.3286	3.501e3
4140.7803	1.422e3
4141.3472	6.355e3
4141.8652	1.580e3
4142.3584	1.172e4
4143.3359	1.209e4
4143.7241	1.561e3
4144.3320	1.234e4
4145.3452	1.358e4
4145.9312	9.481e2
4146.3726	1.029e4
4147.3828	1.021e4
4147.8169	1.456e3
4148.3706	8.154e3
4148.8330	1.734e3
4149.3911	5.932e3
4149.9639	1.592e3
4150.3701	5.391e3
4150.8667	1.900e3
4151.3730	5.157e3
4151.8604	5.700e2
4152.3564	3.532e3
4153.3613	6.495e3
4154.3564	3.505e3
4154.8813	8.926e2
4155.3281	3.049e3
4156.3037	6.713e3
4156.7866	2.967e3
4157.3447	8.382e3
4158.3696	1.166e4
4158.9648	1.828e3
4159.3569	1.123e4
4159.9736	1.021e3
4160.3936	9.608e3
4161.3906	7.734e3
4162.4268	9.030e3
4162.8472	1.225e3
4163.4014	7.253e3
4164.3652	5.054e3
4164.8286	5.756e2
4165.3848	6.087e3
4166.3730	5.647e3
4166.9604	4.944e2
4167.3755	3.830e3
4167.7607	8.519e2
4168.3628	6.058e3
4168.8789	2.007e3
4169.3530	3.685e3
4170.3208	3.669e3
4170.5610	1.429e3
4170.9453	8.781e2
4171.3667	3.720e3
4171.8823	1.159e3
4172.4106	4.477e3
4172.8857	1.314e3
4173.4019	5.344e3
4173.9648	2.445e3
4174.4043	6.306e3
4174.9438	1.461e3
4175.4038	5.666e3
4176.3716	3.625e3
4176.8999	1.188e3
4177.3418	5.542e3
4177.8159	1.319e3
4178.4277	7.050e3
4178.8955	9.326e2
4179.3638	5.764e3
4179.8608	8.069e2
4180.3291	4.503e3
4180.8105	1.030e3
4181.3276	4.690e3
4181.9355	1.433e3
4182.3154	4.292e3
4182.6606	9.645e2
4183.2769	4.920e3
4183.5605	1.702e3
4183.8608	8.873e2
4184.2969	5.591e3
4185.3257	4.290e3
4186.3350	5.397e3
4187.3442	5.745e3
4188.3623	5.813e3
4188.8618	1.785e3
4189.3750	6.191e3
4190.3491	7.005e3
4190.8608	7.427e2
4191.3486	5.574e3
4191.7749	1.260e3
4192.3076	5.170e3
4192.8135	1.192e3
4193.3433	4.882e3
4193.6606	1.132e3
4194.2983	4.978e3
4194.8765	7.197e2
4195.3159	2.985e3
4196.3027	3.476e3
4196.7280	1.199e3
4197.2925	3.949e3
4197.8916	1.127e3
4198.3232	6.312e3
4198.8613	1.080e3
4199.3242	2.999e3
4199.7759	4.495e3
4200.3774	3.428e3
4200.7612	9.248e2
4201.3506	6.724e3
4201.9355	1.164e3
4202.3794	6.518e3
4202.8262	9.146e2
4203.3569	5.830e3
4203.9697	1.339e3
4204.3799	5.328e3
4204.8188	9.865e2
4205.3594	5.430e3
4205.9653	1.244e3
4206.3594	4.352e3
4206.8931	2.630e2
4207.3535	3.225e3
4208.3643	3.988e3
4209.3052	3.347e3
4210.2456	3.090e3
4210.7271	2.674e3
4211.3315	3.220e3
4211.7495	1.437e3
4212.3857	5.186e3
4213.3271	4.254e3
4214.3291	6.386e3
4215.2896	4.901e3
4216.3726	5.555e3
4216.9639	9.972e2
4217.4365	3.653e3
4218.3984	5.321e3
4219.3262	6.345e3
4220.2783	2.602e3
4221.2837	1.778e3
4221.5605	7.484e2
4222.1460	2.880e3
4222.5400	5.012e3
4223.3032	3.020e3
4223.7046	3.248e3
4224.3232	4.073e3
4224.8408	7.531e2
4225.3115	3.988e3
4225.9937	9.957e2
4226.3223	5.862e3
4226.8628	4.550e2
4227.3447	6.548e3
4227.8794	1.175e3
4228.3105	6.848e3
4228.6611	1.631e3
4229.3564	5.385e3
4229.8198	8.345e2
4230.3604	4.950e3
4231.3843	3.389e3
4232.3530	3.944e3
4232.9795	7.531e2
4233.3594	4.939e3
4233.8794	7.277e2
4234.4180	5.517e3
4235.3135	3.165e3
4235.9507	7.843e2
4236.4004	2.940e3
4237.3496	3.958e3
4238.4048	9.742e3
4239.3125	4.545e3
4240.2690	5.813e3
4240.6626	1.134e3
4241.3330	5.334e3
4242.2871	6.024e3
4243.3652	6.489e3
4244.3887	4.982e3
4244.9429	2.932e2
4245.4297	3.012e3
4245.8311	9.916e2
4246.3931	5.702e3
4246.8628	1.216e3
4247.3115	3.799e3
4247.8833	1.245e3
4248.3491	5.671e3
4248.9971	9.421e2
4249.3975	4.332e3
4249.8618	5.928e2
4250.3418	4.114e3
4251.1816	2.473e3
4251.5132	1.162e3
4251.9966	9.041e2
4252.2788	2.450e3
4252.9414	1.682e3
4253.2817	3.264e3
4254.3218	3.979e3
4254.8970	9.948e2
4255.3086	4.557e3
4255.6606	1.328e3
4256.3110	4.469e3
4257.3252	5.492e3
4258.3120	6.611e3
4259.5342	7.035e3
4260.4487	3.534e3
4261.0723	2.181e3
4261.4004	2.699e3
4261.8916	6.348e2
4262.4453	4.562e3
4263.2769	2.853e3
4263.6860	1.442e3
4264.2598	3.518e3
4264.7163	1.023e3
4265.2910	3.219e3
4265.8945	5.338e2
4266.3730	3.932e3
4267.2290	3.263e3
4268.3306	4.732e3
4268.8955	6.892e2
4269.3696	3.674e3
4270.4033	3.725e3
4270.7622	1.082e3
4271.3037	4.450e3
4271.9922	8.316e2
4272.4507	3.083e3
4272.7632	1.210e3
4273.3296	4.305e3
4273.9941	1.314e3
4274.2534	3.425e3
4275.3940	2.740e3
4276.1631	3.467e3
4276.7539	8.668e2
4277.2896	3.629e3
4278.2256	3.236e3
4278.5151	2.290e3
4279.2563	4.614e3
4279.8179	8.030e2
4280.2744	2.638e3
4280.5610	6.700e2
4280.8750	4.192e2
4281.2476	3.127e3
4282.2715	4.947e3
4282.9360	3.670e3
4283.2144	3.557e3
4283.7612	4.556e2
4284.3188	3.197e3
4284.8169	5.524e2
4285.3018	2.693e3
4286.3018	3.882e3
4287.2695	1.907e3
4287.7261	7.178e2
4288.3062	4.499e3
4288.8828	1.592e3
4289.3252	3.222e3
4290.3208	2.287e3
4290.7285	8.439e2
4291.3906	2.575e3
4291.8638	4.793e2
4292.2598	3.917e3
4293.2344	3.326e3
4293.6812	2.053e3
4294.2119	4.223e3
4294.7920	3.020e3
4295.2100	3.459e3
4295.8965	7.961e2
4296.2549	3.370e3
4297.2407	2.986e3
4297.8389	6.967e2
4298.2524	1.519e3
4298.5244	2.150e3
4299.3354	3.602e3
4300.2495	5.054e3
4301.2847	2.970e3
4301.5605	1.333e3
4302.3916	4.075e3
4303.2632	5.694e3
4303.9771	1.023e3
4304.3076	2.101e3
4304.6606	7.124e2
4305.2700	1.918e3
4306.3042	3.643e3
4306.5605	1.860e3
4307.2456	1.634e3
4307.5620	3.981e2
4307.8237	5.656e2
4308.3755	2.830e3
4309.3228	2.868e3
4309.9863	2.163e3
4310.4448	4.945e3
4311.3125	3.233e3
4311.8887	9.996e2
4312.2656	3.964e3
4312.8198	1.278e3
4313.2529	3.380e3
4313.8467	5.698e2
4314.2339	3.399e3
4315.3706	1.282e3
4316.1050	3.679e3
4316.5615	7.047e2
4317.2886	3.371e3
4317.6196	1.442e3
4318.2783	4.134e3
4318.7158	2.083e3
4319.2070	1.483e3
4319.5620	4.981e2
4320.3516	2.690e3
4321.2612	5.432e3
4322.2158	2.994e3
4322.6328	2.630e3
4323.2803	3.101e3
4323.7300	9.737e2
4324.2607	4.408e3
4324.6611	7.183e2
4325.2710	2.416e3
4325.5615	1.053e3
4326.2998	3.783e3
4327.2998	5.085e3
4328.3242	3.728e3
4328.7969	2.184e3
4329.3569	2.400e3
4330.1914	2.180e3
4330.4785	2.487e3
4331.2202	1.435e3
4331.5454	1.193e3
4331.9541	7.775e2
4332.1851	5.581e2
4332.5269	1.511e3
4332.9634	2.063e3
4333.2612	1.081e3
4333.8174	1.969e3
4334.2788	2.600e3
4335.1675	2.352e3
4335.5635	8.080e2
4336.1567	2.338e3
4336.6162	8.745e2
4337.2358	3.775e3
4338.3198	6.642e3
4339.3442	3.730e3
4340.2930	3.471e3
4340.8823	5.964e2
4341.2969	1.900e3
4342.1899	1.852e3
4342.8057	1.707e3
4343.3750	1.365e3
4343.6797	2.482e3
4344.2944	2.292e3
4345.1748	3.159e3
4345.5605	7.143e2
4346.1777	1.981e3
4346.4253	1.678e3
4346.9780	1.074e3
4347.3022	1.488e3
4347.6274	1.443e3
4348.1113	2.129e3
4348.4219	2.275e3
4349.1919	2.577e3
4349.5308	1.407e3
4350.1724	2.030e3
4350.8369	1.307e3
4351.2778	1.991e3
4352.0127	1.676e3
4352.5234	3.509e2
4353.3115	2.464e3
4353.6611	4.369e2
4354.3408	5.231e3
4354.6636	1.377e3
4355.2744	2.682e3
4356.2095	2.032e3
4356.6553	5.445e2
4357.2222	2.934e3
4358.1230	2.318e3
4358.5083	1.975e3
4358.8906	2.954e3
4359.2173	1.624e3
4359.5605	5.710e2
4360.1045	2.552e3
4360.3623	8.459e2
4361.3052	2.871e3
4362.1089	1.673e3
4362.5176	1.381e3
4363.2349	2.467e3
4363.4604	1.995e3
4364.2178	2.088e3
4364.5586	1.386e3
4365.2427	2.162e3
4365.5649	8.383e2
4366.0752	3.846e3
4366.4609	2.616e3
4367.2378	1.697e3
4367.5220	1.754e3
4367.9507	1.491e3
4368.2183	2.245e3
4368.8218	1.676e3
4369.3579	1.779e3
4370.1323	1.761e3
4370.5630	2.709e3
4371.1050	1.667e3
4371.6479	6.408e2
4372.1519	2.048e3
4372.6592	1.454e3
4373.3501	2.838e3
4374.2192	2.759e3
4374.7173	1.086e3
4375.2217	1.477e3
4375.6631	1.974e2
4376.2104	1.476e3
4376.5601	8.534e2
4377.0942	1.247e3
4377.5068	8.956e2
4377.8818	1.048e3
4378.1270	2.063e3
4378.4609	8.173e2
4378.8950	1.998e3
4379.1641	7.314e2
4379.4917	2.881e3
4380.2090	2.284e3
4380.9946	1.454e3
4381.2954	2.225e3
4381.7158	1.369e3
4382.2739	1.833e3
4382.7148	1.283e3
4383.2695	2.682e3
4384.0728	1.367e3
4384.3784	2.273e3
4384.8613	3.288e2
4385.2920	7.014e2
4386.2100	1.143e3
4386.9985	6.212e2
4387.2856	1.591e3
4387.8223	9.495e2
4388.3105	1.669e3
4388.7607	2.741e2
4389.1880	4.775e2
4389.4614	6.384e2
4389.7910	1.009e3
4390.1284	9.479e2
4390.5757	3.478e3
4391.1230	1.485e3
4391.6558	1.091e3
4392.2979	1.521e3
4393.1528	2.015e3
4393.7124	7.142e2
4394.3247	1.982e3
4395.0698	1.096e3
4395.7510	1.076e3
4396.2334	1.166e3
4396.7793	3.191e2
4397.1855	1.578e3
4398.0479	1.586e3
4398.5176	2.778e3
4399.1260	1.185e3
4399.5405	1.546e3
4399.9717	9.477e2
4400.1606	1.324e3
4401.1211	1.401e3
4401.5601	1.915e3
4402.1855	3.625e3
4402.8262	7.693e2
4403.2227	1.821e3
4403.8374	6.883e2
4404.2002	1.340e3
4404.6138	3.151e2
4405.1489	8.104e2
4405.9194	2.372e3
4406.3628	5.335e2
4407.0698	1.610e3
4407.4604	4.858e2
4408.1792	1.861e3
4408.4624	1.604e3
4409.1147	2.940e3
4409.8242	9.126e2
4410.3154	1.449e3
4410.6631	1.048e3
4411.3184	7.350e2
4411.8486	1.028e3
4412.1157	1.106e3
4412.5605	3.702e2
4413.2695	1.319e3
4413.6772	4.239e2
4414.1626	2.686e3
4414.6230	1.228e3
4415.3208	1.875e3
4416.0928	1.470e2
4416.7227	3.614e2
4417.1465	1.159e3
4417.6831	3.665e2
4418.1704	1.567e3
4418.5859	1.210e3
4419.1821	3.764e2
4419.5010	2.764e3
4419.8374	8.056e2
4420.3901	3.105e3
4420.8447	6.287e2
4421.1392	7.440e2
4421.4917	1.613e3
4422.2329	1.972e3
4422.6187	1.498e3
4423.2554	9.289e2
4423.6973	6.124e1
4424.1650	9.598e2
4424.3623	9.697e2
4425.4009	1.337e3
4426.0581	1.034e3
4426.6396	1.063e3
4427.0107	1.479e3
4427.7461	1.646e3
4428.0791	4.686e2
4428.3838	1.348e3
4428.7466	1.044e3
4429.1812	2.181e3
4429.8413	8.232e2
4430.2852	2.243e3
4430.5635	1.168e3
4430.9946	4.570e3
4431.5498	2.397e3
4432.0718	1.507e3
4432.3740	3.370e2
4432.6587	7.022e2
4433.1621	4.847e2
4433.7017	1.400e3
4434.1548	6.146e2
4434.5078	9.546e2
4434.9082	2.281e3
4435.2246	9.630e2
4435.6724	1.601e2
4436.2236	2.371e3
4437.1245	3.730e3
4437.5610	3.739e2
4438.2813	2.588e3
4438.6611	9.509e2
4439.4990	1.363e3
4440.0405	1.209e3
4440.4990	9.744e2
4441.1006	1.409e3
4441.5635	4.110e2
4441.9341	1.141e3
4442.1621	7.173e2
4442.7383	3.477e3
4443.4604	1.639e2
4443.8179	1.409e3
4444.3325	1.900e3
4444.9424	9.420e2
4445.1621	5.628e2
4445.9512	1.321e3
4446.3179	1.409e3
4446.7471	6.461e2
4447.1650	1.648e3
4447.6250	6.912e2
4448.3970	5.340e2
4449.0249	4.947e2
4449.5371	1.021e3
4450.0796	7.687e2
4450.4312	1.979e3
4451.2021	6.429e2
4451.5806	5.761e2
4452.0571	9.239e2
4452.7632	2.251e3
4453.1274	1.617e3
4453.7993	4.961e3
4454.3633	2.266e3
4454.9268	1.209e3
4455.4644	4.631e2
4456.0483	8.735e2
4456.5659	7.052e2
4457.1011	1.569e3
4457.3638	5.380e2
4457.7866	4.391e2
4458.1885	1.489e3
4458.8945	1.421e3
4459.2305	1.138e3
4460.2007	1.383e3
4461.1191	1.004e3
4462.1675	1.972e3
4462.6357	1.318e3
4463.3018	8.777e2
4463.6211	7.998e2
4464.2026	2.006e3
4464.8433	9.471e2
4465.3384	9.213e2
4466.1016	7.318e2
4466.5913	1.180e3
4467.1050	1.022e3
4468.2397	4.032e3
4468.5737	3.534e2
4468.9131	1.013e3
4469.4268	1.735e3
4470.1958	1.284e3
4470.7607	6.875e2
4471.2227	2.808e3
4471.5605	6.086e2
4472.1328	1.966e3
4472.6694	2.114e2
4473.1118	1.640e3
4473.7886	2.748e2
4474.1758	1.093e3
4474.5234	2.672e3
4475.1460	1.115e3
4475.6606	1.329e3
4476.0601	2.769e2
4476.8921	7.185e2
4477.1616	1.337e3
4478.0356	3.197e3
4478.3608	7.593e2
4478.7749	2.711e3
4479.1743	1.701e3
4479.6646	2.235e2
4480.3110	2.898e3
4480.7158	9.512e2
4481.1382	3.625e2
4481.7529	2.013e3
4482.1704	8.970e2
4482.6577	1.214e3
4483.2153	1.606e3
4483.7256	6.737e2
4484.1226	4.534e2
4484.6182	4.818e2
4485.0093	1.329e3
4485.3154	5.934e2
4486.1289	5.033e3
4487.0820	8.588e2
4487.7832	2.579e2
4488.1597	1.720e3
4488.3608	1.165e3
4488.7368	7.432e2
4489.3135	3.965e3
4490.2949	2.175e3
4490.8018	1.485e3
4491.1641	3.708e2
4491.4990	8.529e2
4492.0459	3.054e3
4492.6016	1.510e3
4493.1777	1.992e3
4493.7480	1.311e3
4494.3022	1.680e3
4494.8599	5.249e2
4495.2329	8.298e2
4495.9805	9.451e0
4496.3574	1.540e2
4496.6289	1.801e2
4497.1626	1.061e3
4497.6797	1.250e3
4498.1982	3.284e3
4498.6968	1.020e3
4499.2397	1.570e3
