3500.0701	2.688e2
3500.8230	3.240e2
3501.2861	3.176e2
3501.7307	5.952e2
3502.1458	7.279e2
3502.7314	1.544e3
3503.5005	1.066e3
3504.2397	7.749e2
3504.6248	1.974e2
3505.2793	1.706e2
3506.0269	7.792e2
3506.4890	6.291e2
3506.9116	1.312e3
3507.8008	4.592e2
3508.5786	1.444e3
3508.8777	2.036e3
3509.4634	6.658e2
3509.7227	9.141e2
3510.2952	1.260e3
3510.9634	2.335e3
3511.4414	3.820e2
3511.7734	5.141e2
3512.0610	2.473e2
3512.4231	1.121e3
3512.8098	4.279e2
3513.2117	6.386e2
3513.7051	6.094e2
3514.0920	2.115e2
3514.5137	1.388e3
3515.1560	9.264e2
3515.7397	5.194e2
3516.1189	8.266e2
3516.9023	4.078e2
3517.6333	5.945e2
3518.2751	1.901e3
3519.0569	2.584e3
3519.8042	1.610e3
3520.1892	4.102e2
3520.5007	1.127e3
3520.9756	2.040e3
3521.4236	9.600e2
3522.1758	1.185e3
3522.5430	2.792e2
3523.0957	2.072e3
3523.4873	5.480e2
3524.1287	1.265e3
3524.3633	6.911e2
3525.1931	9.792e2
3525.7112	5.769e2
3526.2078	1.206e3
3526.5625	1.173e3
3527.0098	1.568e3
3527.6355	8.356e2
3528.3301	1.092e3
3528.6973	9.803e2
3529.1189	8.505e2
3529.8018	2.610e3
3530.3081	2.478e2
3530.6953	2.818e2
3530.9233	5.065e2
3531.4771	5.200e2
3531.8953	6.105e2
3532.7917	7.749e2
3533.6106	1.355e3
3534.2202	9.282e2
3534.6125	9.130e2
3535.4236	2.583e3
3536.0745	1.281e3
3536.9573	7.988e2
3537.7029	6.660e2
3538.0186	5.133e2
3538.6238	2.790e3
3538.9629	3.432e3
3539.8975	8.889e2
3540.2932	1.124e3
3540.7266	4.159e2
3541.1780	1.038e2
3541.9082	1.414e3
3542.2605	2.055e2
3542.7021	1.826e3
3543.2791	6.300e2
3543.7258	6.935e2
3544.1890	1.759e3
3544.6611	2.845e2
3545.1716	5.795e2
3545.8411	1.670e2
3546.3972	5.632e2
3547.1289	1.975e3
3547.6702	6.458e2
3547.9995	2.334e3
3548.2610	4.687e2
3548.8220	2.883e3
3549.2163	8.529e2
3549.7192	1.099e3
3550.2654	4.094e2
3550.5320	5.367e2
3551.1299	1.434e3
3551.6621	4.638e2
3552.0046	7.694e2
3552.7979	9.114e2
3553.6184	2.255e3
3554.1758	1.655e3
3554.5771	6.020e2
3555.0876	1.346e3
3556.0369	6.723e2
3556.4065	5.745e2
3556.8206	6.108e2
3557.2319	1.065e2
3557.6990	4.384e2
3558.1904	4.369e2
3558.4814	1.424e3
3558.9636	2.418e3
3559.5874	4.005e2
3559.8171	6.034e2
3560.3582	1.493e2
3560.8730	4.823e2
3561.2739	2.692e2
3561.7231	5.509e2
3562.1829	1.710e3
3562.6082	1.415e3
3563.4561	7.302e2
3564.0081	1.829e3
3564.7632	1.656e3
3565.2188	5.031e2
3565.9778	5.576e2
3566.3540	2.100e2
3567.0532	1.671e3
3567.6943	6.834e2
3568.3445	8.646e2
3568.7153	1.724e3
3569.1074	1.598e3
3569.5640	2.938e2
3570.2458	8.464e2
3570.8079	4.110e2
3571.2744	8.935e2
3571.7273	9.225e2
3572.0239	9.344e2
3572.3875	7.550e1
3572.8167	4.460e2
3573.2141	2.913e2
3573.7488	9.092e2
3574.0520	7.514e2
3574.5420	1.247e3
3574.9954	1.554e3
3575.7585	8.354e2
3576.0972	7.928e2
3576.3264	1.294e3
3576.8469	8.961e2
3577.2241	3.884e2
3577.6697	7.055e2
3578.1926	4.895e2
3578.7727	5.840e2
3579.0933	1.397e3
3579.6919	1.397e3
3580.0168	5.256e2
3580.3901	1.321e3
3580.8301	1.014e3
3581.1287	1.126e3
3581.6309	7.556e2
3582.1299	5.057e2
3582.7346	3.141e2
3583.4458	1.964e3
3583.7654	1.178e3
3583.9619	1.171e3
3584.7358	9.211e2
3585.2156	3.653e2
3585.8691	7.364e2
3586.1526	7.200e2
3586.7854	5.061e2
3587.0408	1.020e3
3587.3613	8.425e2
3588.6912	1.313e3
3589.1206	9.180e2
3589.6199	1.533e3
3590.1211	1.437e3
3590.4932	1.697e3
3591.0388	7.747e2
3591.3596	6.667e2
3592.0398	3.597e2
3592.8704	3.961e2
3593.1602	1.906e2
3593.7012	3.039e2
3594.2424	2.802e2
3594.4619	1.817e2
3595.0430	5.094e2
3595.5591	7.557e2
3596.1152	2.372e3
3596.4639	1.550e2
3596.8203	7.454e2
3597.2144	6.374e2
3598.0654	1.308e3
3598.6965	1.895e3
3599.1196	1.586e3
3599.6077	6.864e2
3600.0066	1.021e3
3600.4482	1.144e3
3600.6606	7.592e2
3601.2290	1.527e2
3601.7490	6.605e2
3601.9604	5.561e2
3602.5708	4.601e2
3602.8647	3.090e2
3603.4392	8.802e2
3603.8818	3.999e2
3604.1558	6.796e2
3604.5806	1.662e2
3604.8149	3.042e2
3605.1609	8.594e1
3605.7788	1.836e2
3606.1746	7.595e1
3606.4658	4.796e1
3607.2378	1.416e3
3608.0159	1.182e3
3608.5967	4.889e2
3608.9236	1.298e3
3609.7456	1.261e3
3610.1833	9.058e2
3610.5759	9.152e2
3611.0645	1.419e3
3611.4250	5.530e2
3611.9153	2.030e2
3612.3296	3.089e2
3612.8599	1.918e2
3613.2563	3.686e2
3614.1475	1.599e3
3614.6831	9.545e2
3615.1384	9.506e2
3615.8789	1.089e2
3616.1873	3.547e2
3616.5603	1.212e3
3617.2012	7.420e2
3617.6570	2.257e3
3618.3757	2.087e3
3618.6609	8.918e2
3619.1213	1.542e3
3619.6531	3.639e2
3620.0010	8.192e2
3620.5288	2.060e2
3621.1199	1.613e3
3622.1992	1.204e3
3622.7480	6.345e2
3623.1936	1.638e3
3623.6011	1.489e3
3624.2444	1.834e3
3624.7903	2.995e2
3625.1677	2.436e3
3625.7280	2.593e2
3626.2261	5.537e2
3627.0615	1.405e3
3627.5125	3.510e2
3628.0505	4.370e2
3628.3972	6.337e2
3629.1162	8.816e2
3629.7725	6.896e1
3630.3228	1.660e2
3630.8899	1.344e3
3631.2117	5.871e2
3631.7585	1.485e3
3632.0637	7.461e2
3632.6277	1.181e2
3633.3076	1.037e3
3634.2271	7.378e2
3634.5249	7.391e2
3635.1396	1.476e3
3635.7053	3.241e2
3636.1772	1.335e3
3636.7266	3.814e2
3637.1731	1.040e3
3637.6848	3.356e2
3638.1973	2.033e3
3639.1692	2.814e3
3639.6006	1.934e3
3640.1938	1.106e3
3640.8467	1.249e3
3641.2126	8.706e2
3641.7705	4.403e2
3642.0503	7.380e2
3642.3623	1.960e2
3642.9109	2.949e2
3643.5339	6.486e2
3643.9719	1.105e3
3644.9885	8.829e1
3645.6033	7.779e2
3646.2332	8.296e2
3646.7461	1.159e3
3647.0615	3.506e2
3647.6892	5.098e2
3647.9668	1.276e2
3648.4834	4.535e2
3648.7874	5.936e2
3649.1018	1.203e3
3649.4321	1.024e3
3650.1401	1.140e3
3650.6914	5.727e2
3651.2195	7.809e2
3651.5156	4.599e2
3652.2395	1.185e3
3652.8157	1.086e3
3653.1982	1.705e3
3653.6619	4.664e2
3654.2104	2.180e3
3654.6235	7.747e2
3655.0923	1.626e3
3655.5112	4.352e2
3656.1279	3.527e2
3656.5190	2.031e2
3656.8696	1.098e2
3657.2156	6.801e2
3657.5166	4.937e2
3657.8789	1.242e2
3658.2327	1.121e3
3658.5386	8.780e2
3659.3352	4.142e3
3660.1902	7.985e2
3661.0928	1.329e3
3661.7393	2.990e2
3662.2292	1.188e3
3662.7034	7.525e2
3663.2822	2.234e3
3664.2336	1.719e3
3664.6155	1.468e3
3665.2444	1.188e3
3665.8662	9.019e2
3666.2129	1.463e3
3666.6870	1.154e3
3667.0757	1.600e3
3667.5664	5.664e1
3668.2761	7.172e2
3668.7976	3.806e2
3669.2075	7.150e2
3670.2683	1.614e3
3670.7192	1.178e3
3671.1892	2.196e3
3671.8132	9.401e2
3672.1345	6.153e2
3672.6401	2.948e2
3673.1636	1.272e3
3673.7104	1.515e3
3674.2092	1.135e3
3674.4619	4.293e2
3674.8521	2.962e2
3675.1155	3.568e2
3675.4299	4.275e2
3675.9941	2.599e2
3676.2148	4.322e2
3676.9771	1.461e3
3677.6147	4.077e2
3678.2122	1.053e3
3678.6748	1.268e3
3679.2014	5.277e3
3679.6929	1.256e3
3680.1985	8.054e3
3680.6167	1.782e2
3681.2083	7.218e3
3681.7354	6.890e2
3682.2202	5.328e3
3682.7112	1.573e3
3683.1990	3.507e3
3683.5671	1.237e3
3684.2065	2.397e3
3684.8154	4.527e2
3685.2058	9.201e2
3686.1482	1.517e3
3686.8225	5.024e2
3687.1143	3.168e2
3687.5317	4.939e2
3688.0476	6.178e2
3688.4902	1.806e3
3688.9512	1.436e3
3689.3254	1.803e3
3689.6289	1.159e3
3690.1990	1.520e3
3691.0801	1.220e3
3691.4639	2.494e2
3691.8201	2.071e2
3692.2227	1.581e3
3692.8728	4.235e2
3693.1997	1.130e3
3693.7065	4.332e2
3694.1660	1.901e3
3694.4617	7.105e2
3694.7654	6.273e2
3695.1831	1.861e3
3695.8223	5.496e2
3696.2239	1.778e2
3697.5486	3.295e3
3698.2471	3.377e3
3698.6665	1.224e3
3699.1563	9.980e2
3699.5251	3.714e2
3699.9446	3.856e2
3700.3142	7.019e2
3700.9353	9.392e2
3701.3240	1.451e3
3702.2480	9.706e2
3702.5396	8.204e2
3702.7607	6.645e2
3703.4241	9.840e2
3703.7607	2.805e2
3704.2268	5.551e2
3704.6606	9.470e1
3705.2534	5.427e2
3705.7302	2.623e2
3706.2222	1.295e3
3706.6975	6.366e2
3707.2046	5.187e3
3708.2048	6.777e3
3708.7424	5.913e2
3709.2046	7.516e3
3709.7754	5.951e2
3710.2239	6.010e3
3710.7869	1.311e3
3711.2014	4.195e3
3711.5608	7.678e2
3712.2285	2.744e3
3712.6301	8.873e2
3713.2615	2.576e3
3713.8135	6.212e2
3714.2292	8.389e2
3714.5264	3.577e2
3714.8606	2.456e2
3715.3027	1.081e3
3715.8687	3.366e2
3716.2561	1.055e3
3716.7939	3.821e0
3717.1487	4.183e2
3717.5962	2.463e2
3718.2373	1.305e3
3718.6162	1.458e3
3718.9990	1.149e3
3719.2185	2.303e3
3719.8398	5.845e2
3720.2046	7.028e2
3720.5176	3.815e2
3721.2888	6.133e2
3721.6897	2.764e2
3722.1987	1.723e3
3722.6680	1.060e3
3723.2234	8.576e2
3723.6289	3.431e2
3724.2346	1.175e3
3724.7737	8.395e2
3725.2786	7.930e2
3726.3020	1.143e3
3726.6938	1.237e2
3727.0723	6.610e2
3727.3140	8.113e2
3727.8560	6.439e2
3728.1985	1.411e3
3728.8501	7.110e2
3729.3894	2.100e3
3729.9548	9.635e2
3730.3782	1.447e3
3730.7612	8.481e2
3731.5203	3.668e2
3732.1858	3.613e2
3732.5632	1.148e1
3733.1768	9.303e2
3733.6150	8.523e2
3734.2251	1.611e3
3734.6860	6.838e2
3735.2815	1.112e3
3735.8523	4.864e2
3736.2063	1.662e3
3736.6929	1.767e3
3737.2363	2.330e3
3737.8992	4.914e2
3738.2019	1.636e3
3738.7649	1.039e3
3739.2764	1.535e3
3739.7698	3.228e2
3740.1760	8.844e2
3741.0029	9.158e0
3741.5000	2.820e1
3741.9971	3.663e2
3742.4636	8.955e2
3742.6621	6.328e2
3743.1694	5.712e2
3743.6553	1.679e3
3744.2207	5.383e2
3744.4622	2.882e2
3744.8406	6.876e2
3745.3223	1.694e2
3745.7605	4.313e2
3746.1021	1.505e3
3746.5430	1.461e3
3747.2112	8.785e2
3747.7900	6.194e2
3748.4717	2.326e3
3749.2139	2.585e3
3749.7617	3.292e2
3750.2390	1.330e3
3750.8896	1.632e3
3751.2324	3.270e3
3751.6992	2.350e3
3752.1807	3.756e3
3753.1943	1.545e3
3753.7048	1.130e3
3754.2246	2.206e3
3754.9016	2.025e3
3755.1626	1.468e3
3756.1570	8.533e2
3756.5735	2.841e2
3756.9458	5.269e2
3757.2866	6.430e2
3757.8005	6.249e2
3758.3477	1.828e3
3758.7529	1.163e3
3759.2109	9.563e2
3759.6965	1.372e3
3760.1436	1.650e3
3760.3606	1.159e3
3760.9565	1.332e3
3761.2258	1.766e3
3761.7212	9.372e2
3762.2007	1.659e3
3762.7659	5.512e2
3763.2336	9.361e2
3763.5188	8.738e2
3763.8611	3.447e2
3764.2563	1.725e3
3764.7229	6.777e2
3765.2544	1.273e3
3766.2576	2.398e3
3766.7930	1.242e3
3767.1831	1.748e3
3767.7454	4.793e2
3768.4019	1.917e3
3768.9307	1.945e3
3769.4846	2.589e3
3770.1907	2.392e3
3770.7351	1.004e3
3771.2844	2.601e3
3771.8142	7.073e2
3772.2236	2.438e3
3772.5586	9.097e2
3773.1855	2.480e3
3773.5168	9.875e2
3774.2341	2.215e3
3774.7300	1.655e3
3775.2053	1.972e3
3775.5635	5.628e2
3776.1375	1.835e3
3776.6396	4.569e2
3777.2061	1.145e3
3777.6934	8.447e2
3778.2104	2.712e3
3778.6729	3.588e3
3779.2498	4.524e3
3779.7471	1.094e3
3780.2124	3.045e3
3780.5640	4.200e2
3780.8835	6.316e2
3781.1978	2.838e3
3781.7783	8.441e2
3782.2214	2.808e3
3782.7727	9.836e2
3783.2737	2.016e3
3783.8022	9.145e2
3784.1980	9.487e2
3784.5627	5.097e2
3785.2771	1.158e3
3785.5952	3.334e2
3785.9375	9.399e2
3786.1609	6.315e2
3786.7058	5.657e2
3787.2856	9.625e2
3787.8442	8.902e2
3788.2905	2.122e3
3788.8711	1.525e3
3789.2473	6.424e2
3789.5239	1.006e3
3790.2222	1.376e3
3790.6477	1.055e3
3791.1233	1.771e3
3791.5215	1.254e3
3791.9536	7.997e2
3792.2229	1.402e3
3792.7195	1.260e3
3793.2744	2.518e3
3793.7612	8.289e2
3794.2769	1.125e3
3794.8401	9.780e2
3795.2231	1.410e3
3796.2058	3.150e3
3797.3049	1.850e3
3797.6628	5.011e2
3798.0918	6.699e2
3798.5950	2.423e3
3799.0676	1.741e3
3799.3645	1.322e3
3799.8093	2.176e3
3800.2480	1.158e3
3801.0164	1.487e3
3801.5681	1.120e3
3802.2097	1.116e3
3802.7451	6.119e2
3803.2952	2.108e3
3803.7622	3.318e2
3804.2717	7.660e2
3804.7327	1.904e2
3805.2688	8.303e2
3805.5610	1.832e2
3806.2766	3.434e3
3806.5640	1.052e3
3807.2397	3.145e3
3808.3118	3.197e3
3808.7964	2.326e3
3809.2761	2.591e3
3810.3022	1.718e3
3811.1270	1.433e3
3811.4863	1.185e3
3812.0952	4.446e2
3812.3608	4.263e2
3813.4128	1.300e3
3813.6604	5.748e2
3814.3706	2.775e3
3814.8601	1.547e3
3815.2561	1.048e3
3815.7451	1.056e3
3816.1133	2.019e3
3816.8457	9.184e2
3817.2424	3.608e3
3818.4128	3.050e3
3818.8650	1.015e3
3819.2805	3.078e3
3819.8176	7.227e2
3820.3008	1.604e3
3820.6272	6.473e2
3821.2664	2.825e3
3821.5735	3.294e2
3821.8782	3.830e2
3822.3020	1.744e3
3822.7778	9.779e2
3823.2754	2.597e3
3823.6233	1.503e3
3824.1675	2.573e3
3824.9714	6.577e2
3825.2373	8.176e2
3825.8708	4.318e2
3826.3616	1.829e3
3827.2993	2.444e3
3827.6604	5.403e2
3828.4341	3.036e3
3828.9836	8.137e2
3829.2732	1.975e3
3830.3032	1.849e3
3830.7900	5.295e2
3831.2942	1.174e3
3831.8804	1.092e3
3832.2988	1.630e3
3832.9106	7.251e2
3833.3186	3.162e3
3833.8413	8.311e2
3834.3081	3.877e3
3834.8193	8.116e2
3835.3052	1.401e4
3835.8494	9.281e2
3836.3071	2.345e4
3836.8064	8.819e2
3837.3052	2.637e4
3837.8462	6.730e2
3838.3059	2.052e4
3838.7563	1.260e3
3839.3057	1.246e4
3839.6631	7.482e2
3840.3013	5.588e3
3840.9094	1.041e3
3841.3152	3.907e3
3841.8533	1.497e3
3842.3157	2.442e3
3843.1409	4.191e3
3844.2317	2.309e3
3844.6375	8.163e2
3844.9927	4.012e2
3845.2839	1.285e3
3846.3606	2.794e3
3846.7625	3.819e2
3847.3003	2.781e3
3847.9697	1.330e3
3848.4290	7.016e3
3849.3081	3.331e3
3849.7166	2.893e3
3850.3188	4.064e3
3850.8284	1.909e3
3851.3135	3.444e3
3851.7385	6.393e2
3852.3008	3.231e3
3852.7500	3.083e2
3853.2703	2.627e3
3853.7219	8.301e2
3854.2747	2.065e3
3854.6301	8.466e2
3855.3198	2.794e3
3855.6633	9.814e2
3855.9827	7.854e2
3856.3184	8.343e2
3856.7825	1.353e3
3857.3176	1.086e3
3858.2202	2.012e3
3858.8049	1.891e3
3859.3032	3.570e3
3859.7432	1.094e3
3860.1082	2.532e3
3860.7329	1.127e3
3861.2817	1.617e3
3861.8086	9.879e2
3862.3416	4.265e3
3862.6606	2.022e3
3863.3398	7.201e3
3863.8230	7.267e2
3864.3252	8.929e3
3864.7402	4.112e2
3865.3140	8.724e3
3865.9153	7.142e2
3866.3186	7.725e3
3866.8167	7.773e2
3867.3137	3.670e3
3867.6577	1.102e3
3867.9944	4.086e2
3868.3176	2.424e3
3868.7117	2.879e3
3869.2795	2.972e3
3870.0261	3.146e3
3870.5232	3.028e3
3870.8948	6.337e2
3871.1973	2.638e3
3871.9998	5.367e2
3872.3789	2.572e3
3873.2700	1.907e3
3873.6750	8.809e2
3873.9795	1.167e3
3874.2402	1.696e3
3874.5608	1.043e3
3875.2593	1.542e3
3875.7024	4.795e2
3876.3000	2.895e3
3876.9141	7.747e2
3877.3337	2.277e3
3877.9590	1.276e3
3878.3416	4.073e3
3878.8669	7.859e2
3879.2981	3.810e3
3879.7612	5.614e2
3880.3342	2.921e3
3880.8127	6.835e2
3881.3369	2.717e3
3881.9573	1.075e3
3882.3267	2.471e3
3883.4854	3.217e3
3884.2454	1.586e3
3885.0479	8.127e2
3885.5654	3.937e2
3886.1877	2.207e3
3886.6216	1.774e3
3887.1462	2.266e3
3887.8682	1.938e3
3888.3145	2.448e3
3889.2258	2.275e3
3889.7661	6.349e2
3890.3044	3.665e3
3890.8032	1.031e3
3891.3511	5.600e3
3892.3706	6.483e3
3892.7983	8.340e2
3893.3359	5.474e3
3893.8958	8.333e2
3894.3188	4.775e3
3894.6604	9.166e2
3895.3323	2.998e3
3895.6616	1.535e3
3896.3420	2.738e3
3897.1785	2.789e3
3897.8164	1.530e3
3898.3047	3.376e3
3898.7732	1.781e3
3899.2126	1.877e3
3899.6978	1.415e3
3900.2605	9.577e2
3900.6990	4.039e2
3901.1985	1.959e3
3901.6318	6.511e2
3902.2993	1.796e3
3902.8486	6.476e2
3903.4236	2.876e3
3904.3586	3.935e3
3904.7334	1.018e3
3904.9751	6.629e2
3905.3643	4.266e3
3905.8962	1.360e3
3906.3745	4.531e3
3906.8621	8.493e2
3907.3364	5.656e3
3908.2983	8.813e3
3908.8813	1.767e3
3909.3145	4.566e3
3909.8313	2.998e2
3910.3027	3.500e3
3910.7761	1.110e3
3911.2866	3.170e3
3911.7163	8.213e2
3912.2874	1.613e3
3912.7700	4.450e2
3913.3911	2.108e3
3913.8350	2.015e3
3914.3230	2.337e3
3915.2993	2.650e3
3915.7224	7.574e2
3916.2698	4.036e3
3916.7766	1.366e3
3917.2852	5.825e3
3918.2788	7.948e3
3918.6340	2.817e3
3919.2979	6.658e3
3919.8613	9.270e2
3920.3083	3.968e3
3920.6826	5.239e2
3920.9551	8.199e2
3921.3030	3.042e3
3921.9104	1.434e3
3922.3208	3.667e3
3922.7334	1.635e3
3923.3848	3.825e3
3923.8625	8.844e2
3924.3499	1.789e3
3924.6611	3.475e2
3925.0278	1.048e3
3925.4031	1.451e3
3926.0300	2.124e3
3926.3208	2.173e3
3927.1858	1.769e3
3927.6658	4.802e2
3928.4790	3.321e3
3929.2646	2.300e3
3929.6606	7.509e2
3930.3213	1.584e3
3931.3252	2.598e3
3931.8384	1.014e3
3932.3257	3.565e3
3932.9988	6.691e2
3933.3374	3.694e3
3933.6968	6.015e2
3933.9224	1.019e3
3934.3647	7.660e3
3934.8384	1.575e3
3935.3684	1.016e4
3935.7163	9.970e2
3936.3806	1.098e4
3936.9983	9.842e2
3937.3804	8.598e3
3937.8481	1.383e3
3938.3894	7.488e3
3938.9746	1.052e3
3939.3674	4.335e3
3939.6624	1.257e3
3940.3574	5.222e3
3941.0833	1.177e3
3941.3345	1.825e3
3941.9028	1.529e3
3942.3359	2.007e3
3942.8083	1.228e3
3943.3098	1.780e3
3943.6152	1.304e3
3944.2830	1.505e3
3944.5625	5.378e2
3944.8613	3.800e2
3945.3406	1.435e3
3945.6611	5.834e2
3946.3391	2.829e3
3946.8267	1.591e3
3947.3672	3.195e3
3947.9482	1.045e3
3948.3840	3.856e3
3948.7830	1.686e3
3949.3921	6.008e3
3949.8977	1.798e3
3950.3901	7.029e3
3950.8398	1.720e3
3951.3938	5.923e3
3951.6628	1.194e3
3952.3999	4.503e3
3952.7993	9.515e2
3953.3813	3.941e3
3953.7607	1.435e3
3954.3301	3.452e3
3955.2571	1.901e3
3956.2275	3.491e3
3956.8235	5.920e2
3957.3306	2.802e3
3958.3459	3.657e3
3958.6167	3.732e3
3959.3008	4.274e3
3959.5623	2.338e3
3960.3428	4.653e3
3960.9021	1.785e3
3961.3237	4.954e3
3961.8608	1.103e3
3962.3433	3.433e3
3962.9375	1.233e3
3963.3809	3.851e3
3963.8633	1.571e3
3964.3855	5.526e3
3965.3389	2.654e3
3965.9478	1.121e3
3966.3782	2.569e3
3966.7407	1.382e3
3967.3594	2.563e3
3967.6628	7.541e2
3968.4014	3.975e3
3969.1340	2.608e3
3969.4612	1.299e3
3970.0542	2.146e3
3970.3616	1.134e3
3970.8049	1.158e3
3971.2866	2.638e3
3972.2944	2.253e3
3972.6643	5.133e2
3973.3887	5.384e3
3973.8142	1.300e3
3974.3865	1.098e4
3974.6787	7.085e2
3974.9373	1.147e3
3975.3945	1.201e4
3975.9260	1.328e3
3976.3875	1.130e4
3976.8728	2.153e3
3977.3882	1.613e4
3977.9238	1.238e3
3978.3931	2.149e4
3978.8633	1.967e3
3979.3943	1.978e4
3979.8564	1.571e3
3980.3945	1.528e4
3980.8208	1.724e3
3981.3928	1.270e4
3982.3870	9.438e3
3983.0120	1.361e3
3983.4065	3.806e3
3983.8188	1.399e3
3984.3401	2.822e3
3984.8877	1.687e3
3985.3169	2.134e3
3985.5603	1.687e3
3985.9875	7.648e2
3986.3445	3.144e3
3986.7725	8.108e2
3987.2664	2.354e3
3987.8677	9.591e2
3988.3518	5.148e3
3988.7957	2.578e3
3989.3406	6.796e3
3989.9011	3.122e3
3990.3787	7.517e3
3990.8340	3.657e3
3991.4036	2.153e5
3991.8320	4.171e3
3992.4050	4.415e5
3992.9104	3.869e3
3993.4060	4.895e5
3993.9189	5.031e3
3994.4065	3.852e5
3994.9238	6.014e3
3995.4089	2.340e5
3995.9346	5.588e3
3996.4114	1.191e5
3996.9709	3.941e3
3997.4138	5.306e4
3997.9106	2.969e3
3998.4155	2.179e4
3998.8770	2.394e3
3999.4026	9.975e3
3999.8892	1.568e3
4000.3953	5.070e3
4000.6616	1.608e3
4000.9609	8.354e2
4001.3843	3.832e3
4001.7625	1.001e3
4002.3696	4.378e3
4002.9060	1.566e3
4003.3823	4.036e3
4003.7163	1.179e3
4004.0627	1.172e3
4004.3931	3.374e3
4004.8674	1.368e3
4005.4133	2.044e4
4005.8958	1.585e3
4006.4124	4.282e4
4006.8630	1.410e3
4007.4163	4.292e4
4007.9431	1.595e3
4008.4175	3.605e4
4008.9377	2.588e3
4009.4148	2.331e4
4009.9590	1.709e3
4010.4187	1.249e4
4011.0122	1.453e3
4011.4177	6.225e3
4012.0481	1.400e3
4012.4111	4.073e3
4012.9790	1.308e3
4013.3958	4.801e3
4013.8413	2.454e3
4014.3782	4.651e3
4014.8328	2.889e3
4015.3701	5.378e3
4015.8535	1.331e3
4016.3208	7.466e3
4016.8936	1.451e3
4017.3779	4.975e3
4017.6619	1.099e3
4018.3708	4.963e3
4018.9077	2.619e3
4019.3860	7.668e3
4019.9124	1.551e3
4020.3992	9.943e3
4020.8682	1.028e3
4021.3970	1.183e4
4021.9604	4.507e2
4022.4023	9.202e3
4022.8748	2.393e3
4023.4048	5.728e3
4023.7542	2.126e3
4024.0869	1.134e3
4024.3999	4.211e3
4024.8157	1.723e3
4025.3628	2.949e3
4026.0071	1.346e3
4026.3269	1.707e3
4026.8574	1.284e3
4027.3674	3.644e3
4027.9316	7.802e2
4028.3762	4.657e3
4028.8389	1.297e3
4029.3567	8.703e3
4029.8867	2.064e3
4030.3628	1.505e4
4030.7512	2.593e3
4031.3540	1.435e4
4031.7629	2.029e3
4032.3445	1.120e4
4032.6614	4.693e2
4032.9785	1.050e3
4033.3750	9.049e3
4033.8333	1.608e3
4034.3945	9.019e3
4034.9417	8.727e2
4035.3965	7.789e3
4035.8174	1.199e3
4036.3948	6.578e3
4036.8826	9.553e2
4037.3928	6.064e3
4037.9641	8.806e2
4038.3789	4.065e3
4038.7839	1.198e3
4039.3862	3.619e3
4039.6604	1.718e3
4040.3589	2.269e3
4040.8982	5.070e2
4041.3652	3.324e3
4041.9937	9.757e2
4042.4409	4.414e3
4043.3611	3.689e3
4043.8250	1.821e3
4044.3098	4.819e3
4044.9233	1.001e3
4045.3459	7.130e3
4045.9744	7.418e2
4046.3369	9.346e3
4046.8979	1.225e3
4047.3345	9.207e3
4047.8962	1.134e3
4048.3865	1.433e4
4048.8611	1.359e3
4049.4009	1.824e4
4050.4043	1.587e4
4051.4114	1.493e4
4051.8792	1.340e3
4052.4133	8.588e3
4053.4072	6.035e3
4053.9556	1.215e3
4054.3984	5.068e3
4055.3650	3.619e3
4055.7600	1.076e3
4056.3452	3.343e3
4056.9253	7.508e2
4057.3643	3.107e3
4057.9573	1.852e3
4058.4033	5.436e3
4058.8269	1.794e3
4059.3879	4.154e3
4059.7622	7.269e2
4060.3823	5.370e3
4061.3618	5.971e3
4061.7224	2.275e3
4062.4109	7.875e3
4062.8750	9.218e2
4063.4231	1.286e4
4063.9075	1.410e3
4064.4165	1.423e4
4064.9346	6.794e2
4065.4089	1.225e4
4065.9114	1.499e3
4066.4016	1.077e4
4066.8677	1.242e3
4067.4043	7.647e3
4067.8828	1.088e3
4068.3843	8.997e3
4069.2996	5.922e3
4069.8457	1.333e3
4070.4150	4.933e3
4070.8704	1.032e3
4071.3401	3.806e3
4071.8362	1.746e3
4072.3804	6.395e3
4072.7617	1.381e3
4073.3818	5.953e3
4073.9844	6.940e2
4074.3831	5.602e3
4074.8613	1.026e3
4075.4006	5.497e3
4075.8872	1.272e3
4076.3806	6.963e3
4076.9622	3.891e2
4077.3901	4.012e3
4077.6633	1.502e3
4078.3918	5.419e3
4078.8503	1.530e3
4079.3645	7.197e3
4079.8196	1.920e3
4080.4126	5.273e3
4080.9436	9.152e2
4081.3850	3.712e3
4081.6631	1.611e3
4082.3589	4.025e3
4082.8711	7.961e2
4083.3291	4.416e3
4083.6631	1.939e3
4084.3213	4.129e3
4084.7288	9.677e2
4085.3252	3.775e3
4086.3398	4.769e3
4086.8787	1.312e3
4087.3730	5.988e3
4087.8525	1.244e3
4088.3911	9.741e3
4088.8728	1.761e3
4089.3892	2.183e4
4089.7961	1.861e3
4090.3933	3.624e4
4090.8643	9.304e2
4091.3936	3.703e4
4092.3992	2.881e4
4092.8926	1.469e3
4093.4019	2.006e4
4094.0313	2.250e3
4094.4021	1.321e4
4095.3948	5.886e3
4096.3965	4.445e3
4096.8418	1.212e3
4097.3496	3.222e3
4098.3491	3.357e3
4099.2383	3.810e3
4100.3691	3.206e3
4100.8618	7.918e2
4101.3867	2.595e3
4101.8247	2.217e3
4102.3760	4.373e3
4102.9121	1.433e3
4103.4072	6.219e3
4103.9146	1.089e3
4104.3926	6.223e3
4104.7866	2.466e2
4105.3857	6.666e3
4105.9150	6.897e2
4106.4038	6.855e3
4107.0454	1.584e3
4107.4023	4.661e3
4107.7642	1.550e3
4108.4185	5.237e3
4108.7612	7.984e2
4109.3154	4.203e3
4110.0361	8.287e2
4110.4097	2.493e3
4111.2920	4.872e3
4111.6982	6.265e2
4111.9155	9.945e2
4112.3843	4.753e3
4112.9307	7.587e2
4113.3472	4.231e3
4113.8936	1.315e3
4114.3623	7.097e3
4114.9248	6.900e2
4115.3398	5.811e3
4115.9683	8.364e2
4116.3369	4.208e3
4116.8774	3.212e2
4117.3477	3.278e3
4117.6616	9.792e2
4118.3877	4.546e3
4118.8394	1.044e3
4119.3945	3.990e3
4120.4004	5.493e3
4120.9688	8.742e2
4121.3984	3.547e3
4122.3550	3.887e3
4122.8530	5.383e2
4123.3960	2.784e3
4123.9019	1.156e3
4124.4312	2.070e3
4125.3374	1.870e3
4125.5601	1.217e3
4126.3877	4.390e3
4127.3296	4.874e3
4127.8252	1.478e3
4128.3252	9.396e3
4128.8965	2.272e3
4129.3301	1.082e4
4129.8560	1.328e3
4130.3359	8.786e3
4130.9624	4.195e2
4131.3359	6.494e3
4131.9971	9.985e2
4132.3418	5.513e3
4132.9170	5.788e2
4133.3618	5.282e3
4134.3066	4.871e3
4134.8350	1.341e3
4135.3618	4.956e3
4136.3481	5.073e3
4137.3208	3.597e3
4137.6606	5.503e2
4137.9961	1.244e3
4138.3916	7.610e3
4139.3423	3.927e3
4139.8579	1.136e3
4140.3062	2.212e3
4140.7549	1.433e3
4141.3330	3.523e3
4141.9224	1.032e3
4142.3379	5.233e3
4143.3203	5.943e3
4143.8320	1.399e3
4144.3179	8.383e3
4144.9795	1.442e3
4145.3242	9.631e3
4146.3604	8.048e3
4146.9648	7.229e2
4147.3770	6.808e3
4147.8188	1.397e3
4148.3794	7.777e3
4149.3779	4.053e3
4149.9668	1.083e3
4150.3799	3.533e3
4150.8809	1.559e3
4151.3770	3.861e3
4151.9688	8.142e2
4152.3525	2.150e3
4152.6606	6.856e2
4153.3076	3.220e3
4153.7163	8.960e2
4154.3140	2.279e3
4154.8281	4.007e2
4155.2896	1.762e3
4156.3130	3.638e3
4156.7842	1.969e3
4157.3662	3.671e3
4158.3677	5.760e3
4158.6606	2.024e3
4158.9946	9.647e2
4159.3667	4.912e3
4159.8965	9.154e2
4160.4189	4.426e3
4160.9541	1.056e3
4161.4004	3.743e3
4161.9233	8.598e2
4162.4243	4.021e3
4162.9082	1.125e3
4163.4233	4.618e3
4164.3525	4.031e3
4165.3403	2.901e3
4165.7495	1.156e3
4166.3330	3.173e3
4166.7622	7.376e2
4167.2871	2.689e3
4167.6865	4.697e2
4168.3394	5.374e3
4168.8608	7.857e2
4169.2734	3.219e3
4169.9478	9.916e2
4170.3848	3.572e3
4171.3105	2.250e3
4171.6895	1.808e3
4172.4102	2.707e3
4172.8198	7.879e2
4173.3691	2.683e3
4173.9233	1.596e3
4174.3999	3.491e3
4174.8921	7.904e2
4175.3428	3.150e3
4175.8628	3.428e2
4176.3413	2.176e3
4176.7920	7.655e2
4177.3218	3.063e3
4177.8965	1.127e3
4178.4688	5.431e3
4179.0000	8.743e2
4179.3252	2.236e3
4179.5605	1.542e3
4180.3193	3.390e3
4180.8213	8.875e2
4181.2744	2.096e3
4181.5610	4.204e2
4181.8682	8.774e2
4182.3193	3.231e3
4182.8374	7.254e2
4183.3330	4.894e3
4184.3164	4.014e3
4184.7627	6.947e2
4185.2871	2.565e3
4185.7690	7.652e2
4186.3428	3.085e3
4187.3467	5.063e3
4188.3555	6.191e3
4189.3643	6.115e3
4190.3438	5.500e3
4190.9155	6.824e2
4191.3521	3.272e3
4191.8486	2.248e3
4192.3506	3.777e3
4192.7607	1.162e3
4193.3213	3.637e3
4194.2695	3.499e3
4194.8896	4.339e2
4195.3438	1.672e3
4195.8218	1.213e3
4196.3203	1.454e3
4196.8965	1.114e3
4197.2778	1.518e3
4197.5640	5.784e2
4198.3247	4.989e3
4199.3086	2.258e3
4199.7212	2.923e3
4200.3521	2.532e3
4200.8750	1.097e3
4201.3618	3.844e3
4201.8130	1.248e3
4202.3896	4.038e3
4203.3687	2.104e3
4203.8433	1.404e3
4204.3477	2.957e3
4204.8936	3.497e2
4205.3096	2.315e3
4206.0288	1.605e3
4206.4404	2.697e3
4207.2017	1.530e3
4207.4614	1.336e3
4208.0986	8.136e2
4208.3809	1.950e3
4208.8608	6.436e2
4209.3735	1.649e3
4210.2725	3.159e3
4210.7329	1.880e3
4211.3057	2.767e3
4211.8203	1.180e3
4212.3618	3.795e3
4213.3486	4.081e3
4214.2983	3.209e3
4214.6152	1.692e3
4215.3237	2.941e3
4215.8960	7.219e2
4216.3877	4.148e3
4217.4478	4.227e3
4218.4463	4.843e3
4219.0967	1.683e3
4219.3330	2.863e3
4219.8608	4.084e2
4220.2886	2.012e3
4220.8818	1.661e2
4221.2778	1.426e3
4221.5679	3.183e2
4222.4707	4.109e3
4223.0674	1.990e3
4223.6890	4.383e3
4224.2671	3.251e3
4224.8853	2.626e2
4225.2935	2.326e3
4225.6958	1.989e2
4226.2954	4.533e3
4227.3027	5.686e3
4227.8784	7.087e2
4228.3457	5.354e3
4228.8154	1.611e3
4229.3247	2.874e3
4229.7710	9.842e2
4230.3687	2.349e3
4230.7246	9.480e2
4231.3076	1.707e3
4231.9482	1.142e3
4232.2959	1.787e3
4232.7139	4.726e2
4233.3130	4.161e3
4233.8667	8.208e2
4234.2993	2.726e3
4234.6157	1.964e3
4235.2837	1.834e3
4235.6099	8.774e2
4236.2891	1.828e3
4236.7549	6.927e2
4237.3960	2.404e3
4237.7603	9.910e2
4238.4233	6.584e3
4239.2837	2.696e3
4239.7993	1.189e3
4240.2798	2.433e3
4240.6211	9.073e2
4241.3647	2.918e3
4242.2759	3.427e3
4243.3965	4.664e3
4244.3809	3.748e3
4244.7603	3.495e2
4245.4575	2.705e3
4245.9780	5.914e2
4246.3994	2.976e3
4246.9385	1.141e3
4247.4365	3.276e3
4248.4355	6.383e3
4249.3882	4.060e3
4250.2983	3.726e3
4251.3022	2.944e3
4252.2803	2.332e3
4252.8853	1.276e3
4253.3574	2.035e3
4254.3345	1.980e3
4254.9321	1.049e3
4255.3101	2.248e3
4255.8691	1.394e3
4256.3003	1.929e3
4257.1431	1.466e3
4257.3604	8.482e2
4258.2266	2.836e3
4258.4609	1.896e3
4259.0293	1.421e3
4259.3452	1.200e3
4259.6948	4.344e3
4260.4160	1.508e3
4260.8101	1.166e3
4261.2168	1.028e3
4261.4624	5.284e2
4261.9805	6.794e2
4262.5420	2.397e3
4262.8618	3.789e2
4263.2554	1.450e3
4263.7285	8.704e2
4264.2158	2.872e3
4264.7725	1.001e3
4265.2866	2.531e3
4265.7900	2.967e2
4266.2686	3.018e3
4266.9375	1.176e3
4267.2246	1.332e3
4267.6147	6.264e2
4268.3223	4.299e3
4269.2632	1.877e3
4269.8735	2.499e2
4270.3062	2.023e3
4270.8008	1.648e3
4271.2788	2.719e3
4271.7261	1.411e3
4272.4082	2.934e3
4272.8184	1.014e3
4273.3633	2.497e3
4273.6611	6.630e2
4274.0991	3.413e3
4274.8618	3.323e2
4275.4541	2.173e3
4276.1196	2.636e3
4276.8057	8.479e2
4277.1826	8.853e2
4277.5239	4.682e2
4277.7651	4.698e2
4278.2607	2.532e3
4278.6895	1.138e3
4279.2471	2.489e3
4279.6216	1.052e3
4280.2246	1.205e3
4280.4624	4.102e2
4280.8457	1.019e3
4281.2505	2.151e3
4282.1548	1.983e3
4282.4224	1.266e3
4282.7236	1.935e3
4283.2427	1.969e3
4283.5195	2.008e3
4284.4019	2.621e3
4285.2119	1.362e3
4285.7593	6.627e2
4286.3447	3.213e3
4287.2905	1.378e3
4287.7480	4.275e2
4288.3311	3.412e3
4288.8970	8.866e2
4289.2896	3.286e3
4290.2095	1.398e3
4290.4619	5.664e2
4290.7622	3.839e2
4291.2227	4.672e2
4291.6992	8.340e2
4292.2100	1.479e3
4292.4604	5.292e2
4292.8774	3.155e2
4293.2715	1.382e3
4293.7515	1.648e3
4293.9604	7.846e2
4294.3042	2.284e3
4294.7197	9.214e2
4295.2231	2.049e3
4295.9360	1.390e3
4296.2139	1.485e3
4296.7231	4.172e2
4297.2480	1.465e3
4297.9448	8.468e2
4298.4507	2.682e3
4298.9692	9.102e2
4299.2305	1.310e3
4299.5630	4.337e2
4300.0840	3.074e3
4300.7188	7.347e2
4301.2236	1.412e3
4301.5625	1.205e3
4302.3608	2.651e3
4302.7969	4.347e2
4303.2251	3.539e3
4303.8311	1.539e3
4304.3608	2.747e3
4305.2300	1.427e3
4305.9697	1.104e3
4306.3281	1.958e3
4306.6606	1.149e3
4307.2192	1.217e3
4307.7690	1.445e2
4308.2754	1.236e3
4308.4624	9.211e2
4308.9116	9.967e2
4309.3154	1.975e3
4309.8984	2.150e3
4310.3711	2.728e3
4310.8276	1.450e3
4311.2988	2.540e3
4312.2314	2.950e3
4312.6201	1.434e3
4313.1807	2.289e3
4313.5635	9.555e2
4314.2275	2.564e3
4314.6606	3.075e2
4315.3906	7.533e2
4316.0811	3.288e3
4317.1802	2.235e3
4317.5640	7.301e2
4318.1196	1.824e3
4318.6572	2.813e3
4319.2026	2.788e3
4319.8086	9.066e2
4320.2627	1.479e3
4321.1802	2.235e3
4321.4199	1.806e3
4322.0996	2.855e3
4322.6934	1.484e3
4323.2339	1.583e3
4323.8296	1.127e3
4324.2510	2.818e3
4324.6616	5.908e2
4325.2690	2.158e3
4325.8110	7.447e2
4326.3062	2.254e3
4327.2271	2.574e3
4327.5278	1.486e3
4328.1777	1.651e3
4328.4521	1.624e3
4328.8721	1.248e3
4329.2813	1.270e3
4329.6655	2.676e2
4330.0396	1.064e3
4330.5693	1.746e3
4330.9653	8.498e2
4331.3076	1.302e3
4331.6123	6.998e2
4332.7925	1.897e3
4333.1138	1.832e3
4333.8013	1.550e3
4334.2456	1.750e3
4334.8242	1.383e3
4335.2725	1.300e3
4336.1582	2.136e3
4336.5298	1.198e3
4337.1182	1.877e3
4337.6611	2.885e2
4338.0479	1.247e3
4338.5381	3.342e3
4339.3062	2.427e3
4339.8228	5.640e2
4340.4409	2.888e3
4341.2358	1.718e3
4341.8184	6.462e2
4342.1338	5.106e2
4342.4346	8.844e2
4342.8945	2.699e2
4343.6147	2.764e3
4344.2339	2.000e3
4344.9570	9.406e2
4345.2285	8.795e2
4345.7871	1.593e3
4346.2866	1.969e3
4346.7559	9.777e2
4347.2129	9.764e2
4347.6924	1.401e3
4348.0688	8.809e2
4348.3315	1.470e3
4348.8789	1.381e3
4349.2495	8.230e2
4349.5239	1.531e3
4350.1074	1.837e3
4350.7900	7.541e2
4351.2935	9.506e2
4351.7612	9.429e2
4352.2095	1.015e3
4352.8955	5.435e2
4353.2349	1.423e3
4353.9990	1.326e3
4354.3687	2.731e3
4354.6621	1.059e3
4355.1460	9.361e2
4355.5342	4.371e2
4355.8745	4.257e2
4356.2017	7.778e2
4356.5308	4.850e2
4357.1733	1.384e3
4357.7163	8.578e2
4358.1753	6.888e2
4358.5195	1.349e3
4358.9243	2.643e3
4359.2627	1.745e3
4360.2095	2.006e3
4360.7637	3.723e2
4361.3579	1.324e3
4362.3813	2.123e3
4363.1362	1.492e3
4363.6040	1.912e3
4364.2163	1.802e3
4364.7856	5.767e2
4365.2524	1.747e3
4365.5605	3.998e2
4365.9780	1.622e3
4366.2788	2.912e3
4366.6626	1.346e3
4367.1431	1.373e3
4367.4258	1.763e3
4367.8369	1.209e3
4368.2192	2.099e3
4368.7236	1.562e3
4369.2271	1.520e3
4369.6758	1.826e3
4370.5503	2.696e3
4371.0210	9.134e2
4371.4902	9.358e2
4372.1831	1.391e3
4372.6382	1.298e3
4373.0977	5.300e2
4373.3696	6.129e2
4373.7075	8.809e2
4374.2017	1.421e3
4374.6030	7.798e2
4374.9331	7.332e2
4375.2607	5.705e2
4375.7500	4.331e2
4376.1694	1.192e3
4376.5625	5.365e2
4377.0176	5.006e2
4377.4336	6.758e2
4377.9155	1.510e3
4378.3657	1.932e3
4378.8647	2.334e3
4379.4946	1.902e3
4380.2178	2.114e3
4380.5615	7.665e2
4381.2285	2.504e3
4381.8184	1.721e3
4382.2378	1.106e3
4382.4609	6.465e2
4382.7637	3.196e2
4383.3193	1.981e3
4383.8931	3.324e2
4384.3726	1.650e3
4385.0645	2.288e2
4385.3618	1.408e2
4386.3452	1.727e1
4387.3042	1.236e3
4387.7412	6.642e2
4388.3384	1.119e3
4389.0537	6.902e2
4389.5752	8.901e2
4390.1025	1.348e3
4390.4707	1.608e3
4391.1128	8.517e2
4391.5127	1.316e3
4392.0322	4.363e2
4392.7695	9.738e2
4393.1182	6.211e2
4393.6099	7.546e2
4393.9727	1.513e2
4394.3774	9.330e2
4395.2188	5.487e2
4395.7793	9.045e2
4396.3359	6.427e2
4396.5630	4.273e2
4397.0327	1.191e3
4398.0708	9.897e2
4398.4863	9.881e2
4398.7646	4.344e2
4399.2241	1.120e3
4399.7852	1.906e3
4400.4243	3.342e2
4400.9272	6.185e2
4401.4634	1.747e3
4402.0991	1.468e3
4402.4170	2.035e3
4402.7622	1.120e3
4403.3369	8.869e2
4403.9180	2.006e3
4404.4604	4.523e2
4405.1182	4.351e2
4405.7168	4.236e2
4406.1367	7.461e2
4406.5430	2.020e2
4407.1797	6.206e2
4407.3623	5.642e2
4408.1826	1.938e3
4408.8320	1.056e3
4409.2822	2.124e3
4409.7568	4.869e2
4410.1870	1.464e3
4410.7793	4.341e2
4411.1235	3.652e2
4411.9375	1.048e3
4412.8301	4.272e2
4413.3618	1.517e3
4413.7808	1.367e3
4414.7446	1.951e3
4415.2998	1.698e3
4415.9937	8.061e2
4416.4414	1.950e2
4416.7734	2.800e2
4417.2256	5.561e2
4417.7373	8.246e2
4418.1475	7.307e2
4418.5137	1.746e3
4419.4761	1.578e3
4419.7666	7.043e2
4420.3662	1.709e3
4420.9971	1.277e3
4421.5103	6.638e2
4422.1323	1.365e3
4422.5830	1.424e3
4423.0386	4.265e2
4423.8311	4.907e2
4424.0610	8.198e2
4425.0723	4.757e2
4425.4155	3.110e2
4426.1172	9.500e2
4426.6069	1.753e3
4427.2642	3.296e2
4427.7788	7.102e2
4428.3169	1.424e3
4428.7417	1.557e3
4429.2632	4.721e2
4429.6191	9.753e2
4429.8613	5.668e2
4430.2256	7.645e2
4430.6362	1.640e3
4431.0088	2.415e3
4431.2617	1.030e3
4431.6426	1.298e3
4432.1440	8.316e2
4432.3916	3.855e2
4432.6621	7.809e2
4433.2349	3.113e2
4433.7422	9.512e2
4434.1528	4.560e2
4434.4214	6.794e2
4434.8921	8.979e2
4435.2295	3.737e2
4435.4629	2.030e2
4436.0278	2.555e3
4437.1450	2.516e3
4437.4619	6.572e2
4438.2563	2.000e3
4438.9004	4.329e2
4439.5386	2.519e3
4440.4878	4.494e2
4440.9170	5.055e2
4441.1650	2.909e2
4441.8252	8.323e2
4442.2319	8.477e2
4442.6831	2.772e3
4443.1060	1.091e3
4443.8330	1.319e3
4444.1831	1.442e3
4444.7944	7.127e2
4445.3872	8.024e2
4445.7935	7.768e2
4446.3213	1.361e3
4447.1714	1.518e3
4447.5869	7.068e2
4447.9165	3.882e2
4448.3379	1.297e3
4449.1436	5.831e2
4449.5884	3.598e2
4450.2617	1.605e3
4450.8232	4.756e2
4451.2632	4.429e2
4451.5127	4.670e2
4451.9971	4.425e2
4452.3135	2.384e2
4452.7388	7.408e2
4453.1079	7.377e2
4453.8472	3.444e3
4454.8081	1.149e3
4455.5005	1.133e2
4456.0493	2.629e2
4456.3501	3.192e2
4457.1099	1.724e3
4457.7368	1.064e3
4458.2871	1.152e3
4458.7407	4.950e2
4459.2725	1.702e3
4460.1440	6.339e2
4460.4614	1.585e2
4461.1563	8.202e2
4461.6626	2.396e2
4462.2041	6.951e2
4462.6968	9.695e2
4463.2715	1.059e3
4463.6436	6.226e2
4464.1064	1.100e3
4464.4683	6.420e2
4464.7544	8.451e2
4465.1182	7.993e2
4465.9399	4.405e2
4466.4829	1.056e3
4467.0781	7.157e2
4467.6699	5.161e2
4468.1733	2.147e3
4468.4604	8.998e2
4468.8159	1.130e3
4469.3691	1.258e3
4469.5605	7.849e2
4470.1685	1.041e3
4470.6895	8.607e2
4471.2822	9.284e2
4471.5200	1.283e3
4472.1230	2.101e3
4472.6455	4.660e2
4473.1299	7.152e2
4473.6592	3.149e2
4474.1309	1.170e3
4474.5776	2.860e3
4475.1641	3.391e2
4475.6587	1.394e3
4476.0508	5.308e2
4476.8066	6.445e2
4477.2334	7.583e2
4477.5625	1.791e2
4478.1318	2.451e3
4478.8530	3.957e3
4479.4604	3.920e2
4479.9907	4.263e2
4480.3447	1.782e3
4480.6655	6.929e2
4481.0391	6.944e2
4481.7456	1.356e3
4482.1196	6.112e2
4482.6895	7.255e2
4483.2080	6.708e2
4483.5625	4.447e2
4483.9165	1.216e2
4484.3794	2.803e2
4485.0840	8.351e2
4486.0830	3.342e3
4486.9512	7.850e2
4487.2163	7.048e2
4487.7085	4.583e2
4488.3745	1.610e3
4488.9067	2.100e3
4489.4429	1.986e3
4490.0234	8.575e2
4490.4814	8.274e2
4490.7793	1.306e3
4491.4971	1.006e3
4492.0098	1.818e3
4492.6284	7.596e2
4493.0942	1.560e3
4493.7295	1.639e3
4494.2881	1.391e3
4494.8076	7.592e2
4495.2295	5.639e2
4495.4614	3.163e2
4496.4580	9.825e2
4497.0825	3.817e2
4497.6572	1.123e3
4498.2324	2.828e3
4498.6504	9.265e2
4499.0347	5.089e2
4499.4043	8.659e2
