3500.2185	6.848e2
3500.7766	2.124e2
3501.2537	1.043e3
3501.9221	3.012e3
3502.4587	1.272e3
3502.8098	9.446e2
3503.2209	1.930e3
3503.6614	7.039e2
3504.2905	1.349e3
3504.7275	9.798e2
3505.1768	5.528e2
3505.6372	9.699e2
3506.0227	2.019e3
3506.4973	9.083e2
3506.9016	1.243e3
3507.1633	1.572e2
3507.8191	7.946e2
3508.2539	1.415e3
3508.7217	3.524e3
3509.6143	1.885e3
3510.2524	3.346e3
3510.8765	5.105e3
3511.4788	1.292e3
3512.0269	2.227e3
3512.4336	1.815e3
3512.8081	3.775e2
3513.2688	2.099e3
3513.6616	7.094e2
3514.4111	2.026e3
3514.8145	8.877e2
3515.1606	3.745e2
3515.8416	9.939e2
3516.3362	2.421e2
3516.8818	2.404e2
3517.1240	2.959e2
3517.5122	7.701e2
3518.4470	2.960e3
3518.9004	2.972e3
3519.2339	1.608e3
3519.7803	2.113e3
3520.2021	2.108e3
3520.4658	1.434e3
3520.9995	2.231e3
3521.5410	2.140e3
3522.2195	2.090e3
3522.4644	1.076e3
3522.8152	1.295e3
3523.4055	9.051e2
3523.7871	2.319e2
3524.0632	4.293e2
3524.3330	5.024e2
3524.8340	1.723e3
3525.2251	6.679e2
3525.6753	6.760e2
3526.2695	1.628e3
3527.1099	1.790e3
3527.7090	5.089e2
3527.9729	1.648e2
3528.3250	1.256e3
3528.8030	2.535e3
3529.3425	1.207e3
3529.7163	2.155e3
3530.1777	4.300e3
3530.5210	1.525e3
3530.9890	2.321e3
3531.5767	4.639e2
3531.8896	1.040e3
3532.3235	5.106e2
3532.8679	1.057e3
3533.7476	1.215e3
3534.3782	2.573e3
3535.3528	2.485e3
3535.7749	1.239e3
3536.1147	1.323e3
3536.6843	2.165e2
3537.1235	1.303e3
3537.6714	9.148e2
3538.0142	1.925e3
3538.5361	2.734e3
3538.7603	1.049e3
3539.1753	4.058e3
3539.6294	1.042e3
3540.0986	6.506e2
3540.4441	2.700e3
3540.8721	1.437e3
3541.7578	1.339e3
3542.2917	5.583e2
3542.7556	2.582e3
3543.3096	1.139e3
3543.7112	7.200e2
3544.2712	1.994e3
3545.2622	1.410e3
3546.1387	1.059e3
3546.4409	1.094e3
3546.9141	1.291e3
3548.0752	3.237e3
3548.8413	2.759e3
3549.7327	1.048e3
3550.2666	1.146e3
3551.0254	1.217e3
3551.3179	8.266e2
3551.6968	1.165e2
3552.2224	9.982e2
3552.7114	1.662e3
3553.3394	8.211e2
3553.7854	1.816e3
3554.2117	1.336e3
3554.6152	2.711e2
3555.1406	9.340e2
3556.2646	1.641e3
3556.8179	1.462e3
3557.1624	2.950e2
3558.0854	1.284e3
3558.5046	7.464e3
3558.9260	1.043e3
3559.2446	1.485e3
3559.7920	4.166e3
3560.4014	7.022e2
3560.7983	1.206e3
3561.1528	4.703e3
3561.6331	7.978e2
3562.2085	3.712e3
3562.4617	1.008e3
3562.7976	1.964e3
3563.0703	3.973e2
3563.4089	2.804e3
3563.9465	3.752e3
3564.2656	1.088e3
3564.8545	1.661e3
3565.1233	2.217e3
3566.0510	1.753e3
3566.5693	1.046e3
3566.9949	1.800e3
3567.7400	1.739e3
3568.1409	9.726e2
3568.5227	1.825e3
3568.9458	3.747e3
3569.4727	1.876e3
3570.2083	1.065e3
3570.7515	7.940e2
3571.2554	9.246e2
3571.5386	7.821e2
3571.9446	2.304e3
3572.8215	3.935e2
3573.2141	2.306e2
3573.8313	1.029e3
3574.2764	5.467e2
3574.6406	1.562e3
3575.1250	1.913e3
3575.4604	4.971e2
3575.8950	1.673e3
3576.4075	2.041e3
3576.8679	2.143e3
3577.2461	4.568e2
3577.6631	8.679e2
3578.1875	2.672e3
3579.2263	2.003e3
3579.5486	1.100e3
3579.8589	1.340e3
3580.3696	3.254e3
3580.8499	2.567e3
3581.2432	1.312e3
3581.5608	5.187e2
3581.9021	1.098e3
3582.2776	6.745e2
3582.6345	1.305e3
3583.3696	3.127e3
3584.0833	5.675e3
3584.6846	9.236e2
3585.0151	4.380e2
3586.1191	3.995e3
3586.4631	5.923e2
3586.9851	1.370e3
3587.3611	3.188e2
3587.6631	1.802e2
3588.0439	6.652e2
3588.3796	9.742e2
3588.8154	1.474e3
3589.1270	1.110e3
3589.7305	2.290e3
3590.1060	2.947e3
3590.5173	1.303e3
3590.9272	9.039e2
3591.4021	2.241e3
3591.7646	3.653e2
3592.2273	2.369e3
3592.7263	6.405e2
3593.1516	1.220e3
3593.6929	1.374e3
3594.2332	5.174e3
3595.2495	6.092e2
3595.6062	2.408e3
3596.2871	1.545e3
3596.8977	1.240e3
3597.1614	2.580e2
3597.7549	6.897e2
3598.2534	3.644e3
3598.6394	3.248e3
3599.0801	1.839e3
3599.4116	7.144e2
3600.0508	1.317e3
3600.4724	2.719e3
3600.9502	1.271e3
3601.1648	1.211e3
3601.8240	1.007e3
3602.1851	1.389e3
3602.7190	7.169e2
3603.2656	6.125e2
3604.1475	1.989e3
3604.6809	2.048e2
3605.0107	5.202e2
3605.3994	2.472e2
3605.7649	2.933e2
3606.3528	1.451e1
3606.7397	4.493e2
3607.3511	2.330e3
3608.0825	2.550e3
3608.8079	6.943e2
3609.2659	6.987e2
3609.7476	1.866e3
3610.1577	9.854e2
3610.5251	2.215e3
3610.7620	8.977e2
3611.0574	1.784e3
3611.3635	8.508e2
3612.1455	6.964e3
3613.2207	1.328e3
3613.7979	1.676e3
3614.1680	4.519e3
3615.0261	2.203e3
3615.2629	1.112e3
3615.7595	3.281e2
3616.1453	2.080e3
3616.3606	1.153e3
3616.8018	1.753e3
3617.2439	1.207e3
3617.5793	2.132e3
3618.1709	2.086e3
3618.6721	2.184e3
3619.0142	1.206e3
3619.4346	8.673e2
3620.1289	3.885e3
3620.9810	3.536e2
3621.5183	3.415e3
3622.2546	1.349e3
3622.5901	1.992e3
3623.3760	2.478e3
3624.1018	1.920e3
3624.6365	2.135e3
3625.3875	2.877e3
3626.1968	1.951e3
3626.9785	2.310e3
3628.0291	2.258e3
3628.5217	1.653e3
3629.0635	1.588e3
3629.8596	7.422e2
3630.4341	2.032e3
3630.7778	1.122e3
3631.0603	7.680e2
3631.6453	4.125e3
3632.0159	1.325e3
3632.9839	1.974e3
3633.3643	6.105e2
3633.6992	1.532e3
3634.2827	4.708e3
3634.6799	9.263e2
3635.1150	1.633e3
3635.6187	8.337e2
3635.8606	2.772e2
3636.1956	1.605e3
3636.5735	5.703e2
3636.9004	1.059e3
3637.2878	7.965e2
3637.6453	3.908e2
3638.1860	2.451e3
3638.8081	2.608e3
3639.5205	2.802e3
3640.2654	1.532e3
3640.7593	1.458e3
3641.1658	1.176e3
3641.7126	3.626e2
3642.1885	8.972e0
3642.7949	1.611e1
3643.5139	1.216e3
3643.8862	9.859e2
3644.2617	2.841e2
3644.7773	1.773e2
3645.0796	3.657e2
3645.3792	6.889e2
3645.7766	5.044e2
3646.0522	7.981e2
3646.4900	1.350e3
3647.1755	9.936e2
3647.7781	1.438e3
3648.3591	2.522e3
3648.8352	2.188e3
3649.2310	1.420e3
3649.6570	7.383e2
3650.2688	1.330e3
3650.9104	1.040e3
3651.3188	7.593e2
3651.7603	1.310e2
3652.3098	1.257e3
3652.8157	2.335e3
3653.2695	1.275e3
3653.6772	3.466e2
3653.9287	5.914e2
3654.4070	2.507e3
3654.6609	1.121e3
3654.9604	6.863e2
3655.4929	3.289e2
3655.8655	1.505e3
3656.1602	8.283e2
3657.1113	1.861e3
3657.6353	4.230e2
3658.3430	1.928e3
3658.7019	2.359e3
3659.1206	1.110e3
3659.9973	4.701e3
3660.8792	1.157e3
3661.3206	1.696e3
3661.7815	2.781e3
3662.1257	1.372e3
3662.6189	2.857e3
3663.1577	1.760e3
3663.4275	1.659e3
3663.8899	1.666e3
3664.2126	8.472e2
3664.4629	3.512e2
3664.8140	1.058e3
3665.2061	1.077e3
3665.8528	8.659e2
3666.2388	2.177e3
3666.4619	1.094e3
3666.7964	3.351e2
3667.1555	1.445e3
3667.7261	5.077e2
3668.2942	6.994e2
3669.0383	1.428e3
3669.6169	3.878e2
3670.1941	3.762e3
3670.7141	1.657e3
3671.0325	1.661e3
3671.5913	2.886e3
3672.0405	1.719e3
3672.3210	2.194e3
3672.9155	2.530e3
3673.5015	3.280e3
3674.2385	3.027e3
3675.0847	1.204e3
3675.5659	1.059e3
3676.0112	9.255e2
3676.3618	3.606e2
3677.1228	1.057e3
3678.1790	5.763e2
3678.5632	1.238e3
3678.8953	6.506e2
3679.2668	2.874e3
3679.8496	1.848e3
3680.2075	3.857e3
3680.8474	2.198e3
3681.4270	2.299e3
3681.8162	8.981e2
3682.2515	1.350e3
3682.5852	1.145e3
3682.8896	2.908e3
3683.2717	1.866e3
3683.7603	7.570e2
3684.1445	1.644e3
3684.4709	1.561e2
3684.9980	1.485e3
3685.3203	7.015e2
3685.8330	1.499e3
3686.2708	1.305e3
3686.7847	3.313e2
3687.0620	5.334e2
3688.0356	1.170e3
3688.4441	3.138e3
3688.9902	6.213e3
3689.6895	2.909e3
3690.2854	4.513e3
3690.8882	1.395e3
3691.1157	1.782e3
3691.6013	4.198e3
3692.2334	3.423e3
3692.8770	2.267e3
3693.1624	4.482e3
3693.7610	6.444e2
3694.3208	4.631e3
3694.7629	6.343e2
3695.2307	2.510e3
3695.7556	2.324e2
3696.1272	8.143e2
3696.6970	1.385e2
3697.4497	3.389e3
3698.1655	1.489e3
3698.7332	2.252e3
3699.0605	1.137e3
3699.5364	1.637e2
3700.1079	1.151e3
3700.8003	9.058e2
3701.3215	1.582e3
3701.8613	9.604e2
3702.1541	6.749e2
3702.5322	1.474e3
3702.7612	9.568e2
3703.1208	9.027e2
3703.6121	1.214e3
3704.0737	1.583e3
3704.5603	1.753e2
3705.0537	1.049e3
3705.7998	5.721e2
3706.3235	1.343e3
3706.6602	5.412e2
3707.2056	1.069e3
3707.5151	6.761e2
3707.9597	1.260e3
3708.1609	9.181e2
3708.8374	2.801e3
3709.1936	2.359e3
3709.7156	1.635e3
3710.2988	3.923e3
3710.6497	1.425e3
3711.0664	2.191e3
3711.6072	1.106e3
3712.2883	3.041e3
3712.8289	2.383e3
3713.4331	1.186e3
3713.7427	9.352e2
3714.1660	8.343e2
3714.5151	7.722e2
3714.9333	3.535e2
3715.2988	7.525e2
3716.1907	2.448e3
3716.9253	7.807e2
3717.3345	5.702e2
3717.8789	3.269e2
3718.4182	2.664e3
3719.3159	5.416e3
3719.8228	1.823e3
3721.0862	1.706e3
3721.6689	1.020e3
3722.2178	2.380e3
3722.7808	1.294e3
3723.2568	2.241e3
3724.2664	2.500e3
3724.8655	4.612e2
3725.2307	1.453e3
3726.2366	2.644e3
3726.9434	1.360e3
3727.5728	2.182e3
3728.3433	1.571e3
3728.9285	2.470e3
3729.4238	2.010e3
3729.8679	3.988e2
3730.3613	3.980e3
3731.0435	7.962e2
3731.4761	1.771e3
3731.8618	2.736e2
3732.2947	2.636e3
3733.0664	1.072e3
3733.3254	1.043e3
3733.8303	1.616e3
3734.3125	1.650e3
3734.7910	1.434e3
3735.7451	1.388e2
3736.2534	5.558e2
3736.5239	9.717e2
3737.3059	3.113e3
3737.8364	2.718e2
3738.3616	1.476e3
3738.5608	1.275e3
3739.2312	6.917e2
3739.8018	2.297e3
3740.5227	3.088e2
3741.0872	5.580e2
3741.8711	5.762e2
3742.3384	1.708e3
3742.6189	1.690e3
3743.2251	1.498e3
3743.5920	2.476e3
3744.7576	1.505e3
3745.2629	5.931e2
3745.7864	6.778e2
3746.2922	5.226e3
3746.8486	6.690e2
3747.1211	1.014e3
3747.5300	9.216e2
3748.2058	1.768e3
3748.5999	1.749e3
3748.9211	1.177e3
3749.3562	2.586e3
3750.2751	2.068e3
3750.7485	1.686e3
3751.1296	2.384e3
3751.5774	1.962e3
3751.8572	2.773e3
3752.3313	3.388e3
3752.9617	7.403e2
3753.6821	1.944e3
3754.2964	3.105e3
3754.9099	1.519e3
3755.4973	1.816e3
3756.0933	1.919e3
3756.8203	1.566e3
3757.1973	1.556e3
3757.6055	1.302e3
3758.3401	3.563e3
3758.7314	1.325e3
3759.2219	1.147e3
3760.1355	4.173e3
3760.9050	2.953e3
3761.3108	2.674e3
3761.7593	1.375e3
3762.2178	1.912e3
3762.4602	1.145e3
3763.6038	3.833e3
3764.2249	1.654e3
3764.9006	1.586e3
3765.3076	1.505e3
3766.2749	3.391e3
3766.6621	1.443e3
3767.2874	2.686e3
3767.8372	1.268e3
3768.0615	7.898e2
3768.8340	5.433e3
3769.4351	3.966e3
3770.2346	2.005e3
3770.8137	1.255e3
3771.4695	1.589e3
3771.8345	2.452e3
3772.6758	5.632e2
3773.3909	2.969e3
3774.0388	2.414e3
3774.4690	1.923e3
3775.3201	4.371e3
3776.0891	2.131e3
3776.8015	4.195e3
3777.6943	1.476e3
3778.2634	7.443e3
3778.7053	3.210e3
3779.0972	2.168e3
3779.5623	4.703e3
3780.0901	1.848e3
3780.5991	3.580e2
3780.9119	3.044e3
3781.2397	1.297e3
3781.8276	1.080e3
3782.2498	2.659e3
3782.7134	1.760e3
3782.9602	9.748e2
3783.4832	3.007e3
3784.4207	1.363e3
3785.0298	1.087e3
3785.3691	1.231e3
3785.7922	7.212e2
3786.1257	1.935e3
3786.9402	1.340e3
3787.5938	7.098e2
3787.8669	1.117e3
3788.2771	2.789e3
3788.7830	1.945e3
3789.3831	1.475e3
3789.7405	8.329e2
3790.2305	1.575e3
3790.7080	2.698e3
3791.1184	1.405e3
3791.6252	2.427e3
3792.2039	3.491e3
3792.8306	8.059e2
3793.3948	2.620e3
3793.8201	7.956e2
3794.1147	1.097e3
3794.5874	2.804e2
3794.9995	1.053e3
3795.3823	5.606e2
3795.6926	1.950e3
3796.2378	2.249e3
3796.5701	3.071e2
3796.9116	3.876e3
3797.5234	2.453e3
3798.3062	3.493e3
3798.6172	2.211e3
3799.0691	2.562e3
3799.5981	6.369e3
3800.0222	1.613e3
3800.4280	1.854e3
3800.9583	2.917e3
3801.4102	1.229e3
3801.7246	1.133e3
3802.2156	1.905e3
3802.8093	1.717e3
3803.3555	2.234e3
3804.1353	9.922e2
3805.0188	1.308e3
3805.3147	7.726e2
3805.7783	9.859e2
3806.2634	2.795e3
3806.9873	9.298e2
3807.2671	1.015e3
3807.6096	1.451e3
3807.9321	8.990e2
3808.3232	2.065e3
3808.7847	4.010e3
3809.3206	1.395e3
3809.6731	7.372e2
3810.2314	2.150e3
3810.5620	6.382e2
3810.9563	1.349e3
3811.2175	1.405e3
3811.7246	8.270e2
3812.3025	1.350e3
3812.7444	8.482e2
3813.0798	1.333e3
3813.5598	1.138e3
3813.7615	7.132e2
3814.5349	6.231e3
3815.0300	2.407e3
3815.2612	1.863e3
3815.9829	4.237e3
3816.4695	8.225e2
3816.9143	2.207e3
3817.2883	3.072e3
3817.8618	4.357e2
3818.4773	4.652e3
3818.9602	1.211e3
3819.5588	2.610e3
3819.8604	6.424e2
3820.3367	3.501e3
3820.9719	1.389e3
3821.2930	3.468e3
3821.6614	2.197e2
3822.3066	4.926e3
3823.2822	3.994e3
3823.6155	2.826e3
3824.2852	2.795e3
3824.9421	1.087e3
3825.1611	8.310e2
3825.8657	4.298e2
3826.3455	2.829e3
3827.2024	1.889e3
3827.7002	1.609e3
3828.1970	6.875e2
3828.5220	2.231e3
3829.1133	2.365e3
3829.6853	1.684e2
3830.2424	2.288e3
3830.7136	1.092e3
3831.2971	9.978e2
3831.9565	1.646e3
3832.4058	1.917e3
3832.8286	1.446e3
3833.2529	1.840e3
3833.6201	1.437e3
3833.8608	8.408e2
3834.3022	3.000e3
3834.9312	1.718e3
3835.5034	2.296e3
3835.9236	1.819e3
3836.2778	2.225e3
3836.5908	2.280e2
3836.9224	1.851e3
3837.3193	3.826e3
3837.8584	9.092e2
3838.3335	5.281e3
3839.3123	3.455e3
3840.2480	1.821e3
3840.6938	3.638e2
3841.0200	2.657e3
3841.3311	1.885e3
3841.8616	1.005e3
3842.4402	4.871e3
3842.8501	1.256e3
3843.2048	2.932e3
3843.6128	1.161e3
3844.2581	1.707e3
3844.6401	7.991e2
3844.8621	5.786e2
3845.2754	3.545e2
3845.6245	5.636e2
3846.1672	1.420e3
3846.6160	1.431e3
3847.1187	1.168e3
3847.4626	5.610e2
3847.9973	1.523e3
3848.2751	2.862e3
3848.6975	3.713e3
3849.2947	2.617e3
3849.7202	3.057e3
3850.3064	4.319e3
3850.6975	9.325e2
3851.0178	3.341e3
3851.3372	3.140e3
3851.8528	1.539e3
3852.3284	4.688e3
3853.0811	4.564e3
3853.8948	2.397e3
3854.2983	4.332e3
3854.9856	5.230e2
3855.3994	6.410e3
3856.3582	2.913e3
3856.6689	1.273e3
3856.9614	7.560e2
3857.3359	2.474e3
3857.9258	8.548e2
3858.3721	2.792e3
3859.2795	5.401e3
3859.6980	2.755e3
3860.3132	2.891e3
3860.8503	2.164e3
3861.3315	2.405e3
3861.7141	8.300e2
3862.3491	6.536e3
3862.8149	1.986e3
3863.3530	4.366e3
3863.9395	1.077e3
3864.3359	3.162e3
3864.6943	3.544e2
3864.9866	7.514e2
3865.3149	2.848e3
3865.7288	8.495e2
3865.9619	5.348e2
3866.3057	2.521e3
3866.8313	8.440e2
3867.3079	1.411e3
3867.5630	8.628e2
3868.2271	2.473e3
3868.7227	5.158e3
3869.2617	1.216e3
3869.6819	1.621e3
3870.0852	1.680e3
3870.5632	3.600e3
3871.1282	2.153e3
3871.5186	2.510e3
3872.3804	2.727e3
3872.8455	1.283e3
3873.0789	7.105e2
3873.4429	2.158e3
3873.8198	5.795e2
3874.2446	1.026e3
3874.7803	4.900e3
3875.2341	1.029e3
3875.4631	6.511e2
3876.2681	5.225e3
3876.8904	1.543e3
3877.3833	8.725e3
3877.8613	1.161e3
3878.3552	1.162e4
3878.8926	3.057e3
3879.3218	8.653e3
3879.7244	1.109e3
3879.9614	6.160e2
3880.3601	8.403e3
3880.6897	8.924e2
3880.9390	1.534e3
3881.3308	5.704e3
3881.7629	1.004e3
3882.2913	4.637e3
3882.7620	3.018e2
3883.2397	3.406e3
3883.5605	9.337e2
3883.8552	1.388e3
3884.3708	3.130e3
3884.9624	1.251e3
3885.6846	4.451e3
3886.4297	2.188e3
3886.8613	3.733e3
3887.2642	1.309e3
3887.5603	7.989e2
3888.0254	2.082e3
3888.4197	2.047e3
3889.1555	2.680e3
3889.4617	9.711e2
3889.8838	1.399e3
3890.3093	2.877e3
3890.8054	1.547e3
3891.4346	2.864e3
3891.9243	8.020e2
3892.3850	4.561e3
3892.8608	8.445e2
3893.3630	2.313e3
3893.9526	1.542e3
3894.3091	2.514e3
3894.8320	1.630e3
3895.3372	3.502e3
3895.6606	1.418e3
3896.0613	4.077e2
3896.4102	1.610e3
3896.8037	2.942e3
3897.2300	2.018e3
3897.4602	7.834e2
3897.8977	1.120e3
3898.2666	3.637e3
3898.6609	1.692e3
3899.2292	1.884e3
3899.6033	2.254e3
3899.9185	1.042e3
3900.2566	9.943e2
3900.5857	4.262e2
3900.9246	1.752e3
3901.1619	1.004e3
3901.4609	7.836e2
3901.8711	7.269e2
3902.2651	1.793e3
3902.8164	1.400e3
3903.4172	2.779e3
3904.3782	3.223e3
3904.8381	2.921e3
3905.3784	3.121e3
3905.9243	1.105e3
3906.3679	3.984e3
3906.7722	1.603e3
3907.3611	3.825e3
3908.1104	7.998e3
3908.3608	2.147e3
3908.8354	2.415e3
3909.3247	8.593e2
3909.7163	1.593e3
3910.2830	2.349e3
3910.7078	1.548e3
3911.1958	2.476e3
3911.7861	1.590e3
3912.2937	9.477e2
3912.6616	2.610e2
3913.3826	3.116e3
3913.9712	2.395e3
3914.2141	2.213e3
3914.6199	8.782e2
3914.9604	2.281e2
3915.4478	2.029e3
3915.6602	1.390e3
3916.2654	1.759e3
3916.7839	2.259e3
3917.3179	2.994e3
3918.2961	6.591e3
3918.8459	1.087e3
3919.3989	4.326e3
3919.8691	1.548e3
3920.3977	5.303e3
3920.8848	1.263e3
3921.3484	2.898e3
3921.9282	1.467e3
3922.3762	5.927e3
3922.8604	9.671e2
3923.4644	4.766e3
3924.4109	2.449e3
3925.2114	4.565e3
3925.9202	2.916e3
3926.3101	3.517e3
3926.7625	1.016e3
3927.2527	1.339e3
3927.4614	8.320e2
3927.8809	6.211e2
3928.2917	1.535e3
3928.5752	3.117e3
3929.2441	2.729e3
3929.6184	1.367e3
3930.2642	2.681e3
3930.8499	3.010e3
3931.3599	2.379e3
3931.6877	2.635e3
3932.2832	6.736e3
3933.0466	3.084e3
3933.4070	4.590e3
3933.9106	2.980e3
3934.4260	6.015e3
3935.3501	5.223e3
3935.7522	1.330e3
3936.2710	4.160e3
3936.8389	2.429e3
3937.3572	3.093e3
3937.9019	1.446e3
3938.4292	4.850e3
3939.2581	3.109e3
3939.8691	1.958e3
3940.3889	4.768e3
3940.8486	1.328e3
3941.2065	3.129e3
3941.9326	1.379e3
3942.3081	2.306e3
3942.7568	2.718e3
3943.3113	2.834e3
3943.7673	1.394e3
3944.3069	1.840e3
3944.7761	2.294e3
3945.3176	1.632e3
3945.7310	7.870e2
3946.3188	6.198e3
3946.8108	1.433e3
3947.4231	3.950e3
3947.9314	2.247e3
3948.3967	6.490e3
3948.9270	1.942e3
3949.3909	8.668e3
3949.9290	3.128e3
3950.3982	9.549e3
3950.7532	2.019e3
3951.3989	6.705e3
3951.6626	1.451e3
3951.9961	5.559e2
3952.4160	5.983e3
3952.8118	1.425e3
3953.3398	5.528e3
3953.6965	9.323e2
3953.9392	1.531e3
3954.4314	5.437e3
3954.9624	4.755e2
3955.3982	3.277e3
3956.0071	3.359e3
3956.4614	1.083e3
3956.8289	1.125e3
3957.3818	2.524e3
3957.8611	8.438e2
3958.2820	2.852e3
3958.5635	3.656e3
3959.4841	4.112e3
3960.3745	4.760e3
3961.4075	6.109e3
3962.3452	4.891e3
3962.9143	2.662e3
3963.4014	5.323e3
3963.6606	2.177e3
3964.3899	9.878e3
3964.8210	1.563e3
3965.4116	6.265e3
3965.7241	3.999e3
3966.4036	5.508e3
3966.6616	8.195e2
3967.2661	9.100e3
3967.8381	1.442e3
3968.4966	7.663e3
3969.0557	1.852e3
3969.4304	3.617e3
3970.0181	4.652e3
3970.3284	3.136e3
3970.8459	1.717e3
3971.3633	4.081e3
3971.9690	5.267e2
3972.3455	2.768e3
3972.8076	1.309e3
3973.4465	4.969e3
3974.3103	5.661e3
3974.9270	1.527e3
3975.3950	5.951e3
3976.3862	5.545e3
3976.6714	8.226e2
3976.9890	2.363e3
3977.3914	5.379e3
3977.6875	6.580e2
3977.9832	1.170e3
3978.3918	7.710e3
3979.3928	8.520e3
3979.8879	1.702e3
3980.3953	4.583e3
3980.8462	2.366e3
3981.3572	6.342e3
3982.2546	8.678e3
3983.3386	3.303e3
3983.6245	2.728e3
3983.9624	1.553e3
3984.3831	2.067e3
3984.9829	1.792e3
3985.3701	6.459e3
3985.6609	2.887e3
3986.3503	2.813e3
3986.6758	4.168e3
3987.3960	2.937e3
3988.3115	1.094e4
3988.7749	9.774e2
3989.4192	1.350e4
3989.9390	1.438e3
3990.3972	1.072e4
3990.9990	4.332e3
3991.4041	2.550e4
3991.8320	1.825e3
3992.4060	4.114e4
3992.9067	1.858e3
3993.4041	3.977e4
3993.8721	2.871e3
3994.4065	3.569e4
3995.4097	2.215e4
3995.9087	2.933e3
3996.4055	1.091e4
3996.8215	3.038e3
3997.4004	6.840e3
3997.7607	1.245e3
3998.4001	5.626e3
3998.8423	1.286e3
3999.3660	6.846e3
3999.9961	5.844e2
4000.3914	3.373e3
4000.7717	2.992e3
4001.3467	4.185e3
4001.9551	1.649e3
4002.3965	6.022e3
4003.4568	1.029e4
4003.9604	2.743e3
4004.3984	8.495e3
4004.8831	3.410e3
4005.4207	2.781e5
4005.9092	4.147e3
4006.4229	5.605e5
4006.8647	5.031e3
4007.4255	6.169e5
4007.8638	5.843e3
4008.4246	4.905e5
4008.9426	5.829e3
4009.4285	2.970e5
4009.9150	5.484e3
4010.4326	1.557e5
4010.9175	3.580e3
4011.4343	6.678e4
4011.9976	3.900e3
4012.4404	2.702e4
4012.9680	3.646e3
4013.4143	1.290e4
4013.9441	3.691e3
4014.4165	7.330e3
4014.7615	2.608e3
4015.3899	5.438e3
4015.8608	1.629e3
4016.3469	6.433e3
4016.9163	2.534e3
4017.4221	5.995e3
4017.9902	1.294e3
4018.4023	8.246e3
4018.9153	2.922e3
4019.4155	1.362e4
4019.9158	3.175e3
4020.4192	2.012e4
4020.9436	2.525e3
4021.4355	2.445e4
4021.7610	2.255e3
4022.4192	2.240e4
4022.7920	8.548e2
4023.0520	1.674e3
4023.4146	1.904e4
4024.0293	1.403e3
4024.4199	1.317e4
4024.8894	2.118e3
4025.4209	9.900e3
4025.9399	2.050e3
4026.4116	8.430e3
4027.4048	8.770e3
4027.9927	1.008e3
4028.4138	8.496e3
4028.9612	6.415e2
4029.3987	8.071e3
4029.9653	2.106e3
4030.3984	1.273e4
4031.3958	6.016e3
4031.7107	1.290e3
4032.0774	1.893e3
4032.3875	4.813e3
4032.6606	6.275e2
4033.0432	2.380e3
4033.4014	8.528e3
4033.9302	1.096e3
4034.4084	1.631e4
4035.0383	7.094e2
4035.4138	1.420e4
4035.8174	2.698e3
4036.4407	1.320e4
4037.4094	1.213e4
4038.0256	2.211e3
4038.4126	1.270e4
4038.9993	7.419e2
4039.4097	1.120e4
4039.9106	2.372e3
4040.4026	7.817e3
4040.8154	1.749e3
4041.3977	7.357e3
4041.9001	1.937e3
4042.3953	7.170e3
4042.6614	2.142e3
4043.4031	1.140e4
4043.9600	1.159e3
4044.3789	1.446e4
4045.3826	1.994e4
4045.9607	6.261e2
4046.4443	1.991e4
4046.9622	1.015e3
4047.4050	1.473e4
4048.0977	3.071e3
4048.4185	2.053e4
4048.9089	1.991e3
4049.4363	2.383e4
4049.8123	1.531e3
4050.4224	1.786e4
4051.0850	4.278e3
4051.4224	1.268e4
4051.8186	2.508e3
4052.4158	8.419e3
4053.0068	1.802e3
4053.4124	5.496e3
4053.9514	1.994e3
4054.4192	5.262e3
4055.3865	5.417e3
4056.3862	4.160e3
4056.8660	2.360e3
4057.3569	3.831e3
4057.8635	1.961e3
4058.3428	9.555e3
4058.8613	1.676e3
4059.3765	1.105e4
4059.8779	2.005e3
4060.3699	1.534e4
4060.8201	1.569e3
4061.3713	1.632e4
4061.7207	2.105e3
4062.3970	1.891e4
4062.9097	1.537e3
4063.4351	2.364e4
4064.4216	1.779e4
4065.4155	1.689e4
4065.8958	3.722e3
4066.4463	1.521e4
4067.0728	1.224e3
4067.4248	8.316e3
4067.8745	1.477e3
4068.2268	1.020e4
4068.4622	5.127e3
4069.0662	3.317e3
4069.4277	6.563e3
4069.9917	6.256e2
4070.4539	1.003e4
4070.9392	2.078e3
4071.4063	4.267e3
4072.4307	1.112e4
4072.9314	1.460e3
4073.4141	6.495e3
4073.8164	1.388e3
4074.0603	7.655e2
4074.4287	4.469e3
4074.9229	1.889e3
4075.4202	5.760e3
4075.9285	1.874e3
4076.4377	1.210e4
4077.4517	1.276e4
4077.9204	1.509e3
4078.4377	1.710e4
4078.9602	2.807e3
4079.4338	1.687e4
4079.8774	1.061e3
4080.4204	1.498e4
4081.0916	2.368e3
4081.4153	8.719e3
4081.9324	1.927e3
4082.3982	7.168e3
4082.7620	8.534e2
4083.3928	5.747e3
4083.7239	3.601e3
4084.4185	5.044e3
4084.8975	1.491e3
4085.3845	5.996e3
4086.3855	9.001e3
4086.9199	2.188e3
4087.3997	1.033e4
4087.9617	6.279e2
4088.4111	1.005e4
4089.0190	1.647e3
4089.4077	7.758e3
4090.0298	3.145e3
4090.4207	1.011e4
4090.9409	1.487e3
4091.4180	7.748e3
4091.8159	1.696e3
4092.4333	7.549e3
4093.3279	9.488e3
4093.9473	3.433e3
4094.4290	7.671e3
4094.9202	1.757e3
4095.4016	5.174e3
4095.8582	3.056e3
4096.3994	5.909e3
4096.9043	1.587e3
4097.3853	8.811e3
4097.9385	9.947e2
4098.3599	4.851e3
4098.7212	1.736e3
4099.3501	5.873e3
4099.9951	5.006e2
4100.3481	4.351e3
4100.9385	1.294e3
4101.4053	7.076e3
4101.9487	2.006e3
4102.4019	1.130e4
4102.9058	2.410e3
4103.4033	2.772e4
4103.8608	1.457e3
4104.4014	4.456e4
4104.9258	9.842e2
4105.4004	4.896e4
4105.9307	1.405e3
4106.4033	3.849e4
4106.9302	1.355e3
4107.4014	2.664e4
4107.9180	1.720e3
4108.3999	1.803e4
4109.0186	1.348e3
4109.4092	9.893e3
4110.4219	6.834e3
4111.0117	2.624e3
4111.4292	5.822e3
4111.9229	1.780e3
4112.4141	5.498e3
4113.0366	1.651e3
4113.4214	3.788e3
4113.9355	2.425e3
4114.3745	5.315e3
4115.4482	6.539e3
4115.9375	8.668e2
4116.4624	5.743e3
4116.9351	8.989e2
4117.4810	6.706e3
4117.9575	1.476e3
4118.4546	9.323e3
4118.9272	1.602e3
4119.4512	6.155e3
4119.7656	9.755e2
4120.4463	7.833e3
4120.9478	1.149e3
4121.4375	7.801e3
4122.0396	1.367e3
4122.4429	7.452e3
4123.0000	8.819e2
4123.4004	6.048e3
4123.9209	2.627e3
4124.3965	4.031e3
4124.8262	6.775e2
4125.3799	5.561e3
4125.9683	1.396e3
4126.4370	8.705e3
4127.4077	8.371e3
4128.4150	9.206e3
4128.9556	3.593e3
4129.4028	1.036e4
4129.9204	1.440e3
4130.4321	8.461e3
4130.9678	9.688e2
4131.4141	6.998e3
4131.9941	2.156e3
4132.3804	5.337e3
4133.4365	7.264e3
4134.4180	6.277e3
4134.7607	1.715e3
4135.4502	7.150e3
4135.9604	5.159e2
4136.4844	6.083e3
4136.8623	9.661e2
4137.4360	5.198e3
4138.0518	2.752e3
4138.4570	1.133e4
4139.4321	6.955e3
4139.8618	9.189e2
4140.4395	5.741e3
4140.9492	1.460e3
4141.3643	9.209e3
4141.9351	1.427e3
4142.3784	1.626e4
4143.3867	1.642e4
4143.9214	1.252e3
4144.3940	1.501e4
4144.9565	1.139e3
4145.3994	1.141e4
4145.8989	9.171e2
4146.4077	8.791e3
4146.9663	7.626e2
4147.4204	1.008e4
4148.4224	1.014e4
4148.8584	1.585e3
4149.4097	7.575e3
4150.0889	3.574e3
4150.3965	6.744e3
4150.8379	2.429e3
4151.5029	1.043e4
4152.3862	4.877e3
4153.0830	3.589e3
4153.3418	5.500e3
4153.9946	8.191e2
4154.4878	7.547e3
4155.3994	5.515e3
4155.8984	1.261e3
4156.3633	9.230e3
4156.8306	2.618e3
4157.3975	1.161e4
4158.3433	1.666e4
4159.3574	1.365e4
4159.9229	2.311e3
4160.3896	1.112e4
4160.8638	1.029e3
4161.4043	7.702e3
4161.8735	1.476e3
4162.4263	1.056e4
4162.9619	1.253e3
4163.4829	8.387e3
4164.4604	5.641e3
4165.4185	5.809e3
4165.8613	1.188e3
4166.4316	6.977e3
4167.0601	1.038e3
4167.4385	5.196e3
4168.0679	1.905e3
4168.4648	6.277e3
4168.9824	9.022e2
4169.4058	6.010e3
4169.9497	1.158e3
4170.4014	5.633e3
4170.9302	1.297e3
4171.4263	1.061e4
4171.8628	1.123e3
4172.4375	1.775e4
4173.4414	2.042e4
4173.9434	1.538e3
4174.4312	1.811e4
4174.9561	1.582e3
4175.4404	1.447e4
4176.4106	7.082e3
4176.9424	1.322e3
4177.4233	8.012e3
4177.9868	1.201e3
4178.4434	8.356e3
4178.8613	1.537e3
4179.3721	5.033e3
4179.9189	1.647e3
4180.3564	5.619e3
4180.9106	9.975e2
4181.3970	5.818e3
4181.9727	9.837e2
4182.3887	5.616e3
4183.3735	7.597e3
4184.3662	6.486e3
4185.3955	6.603e3
4186.3682	6.168e3
4186.9502	8.912e2
4187.3984	4.902e3
4187.8145	8.736e2
4188.4224	4.371e3
4188.7632	7.176e2
4189.3032	7.187e3
4190.2383	7.515e3
4190.8242	2.038e3
4191.3745	4.294e3
4191.9717	2.955e3
4192.4067	4.643e3
4192.7607	6.565e2
4193.3521	6.301e3
4194.2959	5.207e3
4194.8901	7.899e2
4195.3315	5.211e3
4196.3140	4.281e3
4196.8188	1.225e3
4197.3364	3.840e3
4197.8975	8.172e2
4198.4097	5.976e3
4198.7607	1.211e3
4199.3496	4.688e3
4199.7217	3.290e3
4200.4297	5.340e3
4200.8604	9.955e2
4201.3755	7.743e3
4202.3828	9.959e3
4202.8618	5.865e2
4203.3730	8.005e3
4203.9355	2.080e3
4204.3774	6.512e3
4204.9155	1.269e3
4205.3716	6.353e3
4206.3809	5.809e3
4206.9297	8.253e2
4207.4126	3.642e3
4208.3853	5.198e3
4209.0825	1.267e3
4209.3955	2.245e3
4210.0454	1.906e3
4210.3950	2.767e3
4210.8594	2.036e3
4211.2939	3.977e3
4211.8174	2.335e3
4212.3716	4.379e3
4212.7944	4.597e2
4213.3867	5.564e3
4214.2627	6.875e3
4214.8281	1.101e3
4215.3511	3.815e3
4216.4360	5.775e3
4216.8853	1.126e3
4217.3037	1.572e3
4218.3525	4.293e3
4219.3169	3.655e3
4219.7183	1.427e3
4220.0991	5.496e2
4220.3223	1.362e3
4221.3115	2.393e3
4222.3477	6.164e3
4222.7607	1.900e3
4223.3667	2.824e3
4223.6597	3.653e3
4224.3691	4.205e3
4224.6851	6.528e2
4224.9526	1.064e3
4225.3667	3.972e3
4225.8940	9.249e2
4226.3677	7.206e3
4226.9829	3.525e2
4227.3848	5.634e3
4227.9893	2.379e3
4228.3945	6.592e3
4228.9282	1.691e3
4229.4111	5.854e3
4230.3989	6.778e3
4230.7783	3.895e2
4231.3813	5.339e3
4231.8613	7.672e2
4232.4185	5.092e3
4232.9985	7.770e2
4233.4141	5.664e3
4234.3638	7.543e3
4235.4468	4.121e3
4236.4766	3.690e3
4237.0977	1.473e3
4237.5122	4.806e3
4237.9648	7.698e2
4238.4819	9.082e3
4239.3008	6.483e3
4239.9976	1.700e3
4240.3145	6.282e3
4240.8428	1.856e3
4241.3638	6.716e3
4242.3413	7.482e3
4243.3730	6.793e3
4244.3872	5.263e3
4245.4048	3.784e3
4246.0430	3.782e3
4246.4058	4.850e3
4246.7627	1.168e3
4247.5190	6.829e3
4247.8613	1.329e3
4248.3862	4.736e3
4249.0781	5.544e3
4249.4180	4.493e3
4250.1919	1.615e3
4250.4800	4.208e3
4251.0498	1.468e3
4251.4253	4.297e3
4251.9873	1.272e3
4252.3354	2.833e3
4252.8384	1.657e3
4253.4751	5.345e3
4254.4043	7.251e3
4255.3550	1.010e4
4256.3936	7.556e3
4257.3677	5.623e3
4258.3013	8.711e3
4259.4292	8.398e3
4260.4419	3.664e3
4260.9780	1.355e3
4261.3452	3.967e3
4262.4126	5.280e3
4263.2974	3.489e3
4263.8491	8.111e2
4264.2983	4.178e3
4264.8975	4.589e2
4265.3193	2.590e3
4266.3701	4.303e3
4266.8809	1.759e3
4267.4326	3.077e3
4267.8770	8.437e2
4268.2979	2.791e3
4268.5151	3.924e3
4268.8628	1.098e3
4269.3838	3.553e3
4269.9990	4.025e3
4270.4336	5.737e3
4271.4883	1.023e4
4271.9194	1.103e3
4272.4268	4.849e3
4273.2744	7.540e3
4273.9790	1.039e3
4274.4751	5.523e3
4275.3506	2.887e3
4275.9805	1.938e3
4276.4038	2.313e3
4276.9653	1.366e3
4277.3721	1.547e3
4277.6279	2.134e3
4278.3403	4.907e3
4279.2817	6.564e3
4280.2334	2.504e3
4280.5625	1.331e3
4280.8608	8.263e2
4281.3770	2.908e3
4282.3452	5.002e3
4282.9111	6.929e3
4283.2627	3.065e3
4284.3115	2.532e3
4284.7314	1.064e3
4285.3735	3.471e3
4286.3604	3.013e3
4287.3042	1.877e3
4288.1416	3.299e3
4288.4453	5.042e3
4289.4438	3.740e3
4290.4214	3.978e3
4290.9487	7.972e2
4291.3667	2.517e3
4292.3721	5.882e3
4293.2876	4.272e3
4293.8623	1.907e3
4294.2490	4.354e3
4294.6240	1.975e3
4295.2734	4.974e3
4295.8140	7.406e2
4296.3594	4.431e3
4297.2500	3.059e3
4297.8599	9.676e2
4298.4717	4.645e3
4299.3311	3.435e3
4300.3340	5.980e3
4301.3149	4.779e3
4302.3872	5.145e3
4303.0347	2.195e3
4303.3916	3.922e3
4304.3188	3.819e3
4305.3154	1.913e3
4306.4287	5.329e3
4306.7612	1.634e3
4307.4063	2.703e3
4308.3657	3.511e3
4309.2915	2.438e3
4309.7778	3.068e3
4310.4512	6.529e3
4310.9404	1.410e3
4311.3457	4.520e3
4312.1523	2.924e3
4312.4619	2.024e3
4313.1514	4.666e3
4314.3091	3.341e3
4314.7207	3.609e3
4315.2729	1.862e3
4315.9395	2.257e3
4316.3296	3.098e3
4316.9927	7.590e2
4317.3047	2.284e3
4317.8408	1.558e3
4318.5166	4.770e3
4319.2593	4.888e3
4320.3159	2.464e3
4321.2749	5.563e3
4321.8389	2.205e3
4322.3809	3.244e3
4322.8804	1.599e3
4323.3057	2.934e3
4324.2490	5.570e3
4325.3379	4.113e3
4325.8257	1.455e3
4326.3301	2.869e3
4326.8730	1.011e3
4327.2847	3.417e3
4327.6621	1.453e3
4328.3496	3.744e3
4328.7158	2.011e3
4329.3159	2.512e3
4330.0913	2.009e3
4330.3853	2.960e3
4331.2559	2.830e3
4331.8315	9.020e2
4332.2666	1.683e3
4332.4619	1.426e3
4333.0024	2.157e3
4333.3403	1.206e3
4333.5601	6.917e2
4333.8931	1.518e3
4334.4106	2.930e3
4335.0801	1.679e3
4335.4395	1.218e3
4336.2964	2.661e3
4336.6606	4.684e2
4336.9863	9.178e2
4337.3599	3.158e3
4338.3618	7.297e3
4339.1367	2.575e3
4339.5156	1.764e3
4340.3286	3.940e3
4341.3257	2.610e3
4342.2334	1.927e3
4342.4604	7.603e2
4343.0146	1.250e3
4343.5659	3.013e3
4344.3359	1.857e3
4344.6631	4.523e2
4345.0728	1.614e3
4345.3477	2.182e3
4345.8989	2.604e3
4346.5215	4.002e3
4347.2495	1.828e3
4347.7173	3.640e3
4348.2886	4.009e3
4349.3086	2.818e3
4349.6162	2.221e3
4350.3804	2.433e3
4350.8735	1.636e3
4351.3950	1.881e3
4351.8428	5.686e2
4352.1880	9.220e2
4352.4326	1.435e3
4353.2808	2.620e3
4354.3281	5.204e3
4354.8018	2.788e3
4355.2871	1.827e3
4355.7256	1.037e3
4356.3315	3.019e3
4357.1064	2.183e3
4357.5869	4.343e2
4357.9814	4.551e3
4358.5337	2.857e3
4358.8198	3.303e3
4359.4570	2.547e3
4360.0591	4.542e3
4360.7954	2.841e2
4361.2559	3.115e3
4362.2202	1.877e3
4362.7676	1.898e3
4363.3770	3.087e3
4364.3608	3.634e3
4365.2959	2.774e3
4365.8931	1.094e3
4366.2666	4.113e3
4367.2339	2.151e3
4367.6455	2.850e3
4368.1768	2.961e3
4368.7349	2.153e3
4369.2388	2.311e3
4369.8999	2.071e3
4370.3535	2.034e3
4370.7153	1.450e3
4371.2271	1.431e3
4372.2017	4.190e3
4373.3042	1.971e3
4373.8125	9.534e2
4374.2334	2.323e3
4374.8340	1.034e3
4375.2690	2.611e3
4376.2529	1.007e3
4376.5146	9.565e2
4377.0840	1.663e3
4377.8403	1.129e3
4378.3647	3.983e3
4378.8340	1.824e3
4379.4878	4.498e3
4379.7749	4.530e2
4380.2646	2.650e3
4380.7349	8.876e2
4381.2212	3.901e3
4381.7188	2.018e3
4382.4478	4.135e3
4383.2427	2.455e3
4384.2705	4.472e3
4385.3149	1.134e3
4386.3179	9.050e2
4386.7529	2.254e2
4387.4551	1.785e3
4388.2861	2.088e3
4389.1694	9.605e2
4389.5244	8.941e2
4390.1450	3.075e3
4390.4126	2.138e3
4391.0552	2.742e3
4391.4404	1.652e3
4391.7607	2.148e2
4392.3218	2.032e3
4392.6616	8.057e2
4393.2749	2.895e3
4394.3491	3.425e3
4395.1655	1.058e3
4395.3613	4.936e2
4395.7241	1.056e3
4396.2842	2.062e3
4397.0552	3.110e3
4397.6060	1.019e3
4398.0996	1.613e3
4398.4966	4.073e3
4399.1987	3.355e3
4399.9556	1.115e3
4400.3218	1.645e3
4400.5610	9.520e2
4401.1406	1.854e3
4401.4253	1.816e3
4401.7788	7.669e2
4402.2358	4.387e3
4403.2969	1.262e3
4403.7085	1.260e3
4404.2256	1.866e3
4404.5601	9.317e1
4405.2021	1.117e3
4405.4604	3.283e2
4405.8955	1.239e3
4406.8198	7.117e2
4407.1733	3.697e2
4407.4932	8.859e2
4407.8945	1.720e2
4408.2964	5.007e3
4409.2998	3.656e3
4410.1826	2.095e3
4410.7222	5.611e2
4411.2720	2.530e2
4411.6895	1.046e3
4412.2383	1.481e3
4413.3110	1.320e3
4413.9976	1.421e3
4414.4209	1.370e3
4415.1641	9.373e2
4415.4380	1.024e3
4415.9663	5.519e1
4416.6597	2.465e2
4416.9263	2.993e2
4417.3647	9.776e2
4418.0557	1.626e3
4418.5303	2.879e3
4419.4883	4.194e3
4420.2524	2.963e3
4420.7207	1.375e3
4421.2026	2.006e3
4421.7939	1.634e3
4422.2383	1.518e3
4422.6289	1.322e3
4423.2246	1.618e3
4423.7725	2.034e2
4424.2500	9.125e2
4424.8062	3.240e2
4425.2871	9.647e2
4425.9834	1.424e3
4426.2954	2.906e2
4426.7192	3.116e3
4426.9614	1.139e3
4427.4272	8.430e2
4427.8525	1.079e3
4428.4063	5.530e3
4428.8174	5.680e2
4429.3115	2.375e3
4429.9697	2.526e3
4430.2451	3.411e3
4430.6138	1.272e3
4430.9932	4.136e3
4431.5918	4.524e3
4432.1807	2.717e3
4433.2002	1.321e3
4433.7490	2.507e3
4434.1196	6.882e2
4434.8867	1.627e3
4435.1621	4.453e2
4435.8530	1.511e3
4436.2876	1.923e3
4437.1865	5.145e3
4438.3506	4.084e3
4439.4502	2.573e3
4440.2803	1.431e3
4440.7969	1.258e3
4441.2422	8.971e2
4441.4609	4.178e2
4442.0552	1.377e3
4442.5063	1.422e3
4443.0693	5.551e3
4443.6973	6.447e2
4444.2129	1.792e3
4444.4609	9.711e2
4445.1362	1.876e3
4445.8877	1.377e3
4446.3774	9.550e2
4446.6611	3.104e2
4447.1406	2.054e3
4447.6240	5.638e2
4448.2412	1.009e3
4448.5649	1.390e2
4449.3677	1.176e3
4449.8613	1.376e3
4450.4541	1.086e3
4450.8662	2.353e2
4451.2856	7.683e2
4451.5796	1.738e3
4452.3276	1.183e3
4452.9189	7.031e3
4453.8022	5.146e3
4454.3848	2.435e3
4454.9224	2.881e3
4455.4561	5.300e2
4456.0718	3.707e3
4456.7461	8.177e2
4457.1899	1.842e3
4457.6631	1.710e3
4458.2021	1.809e3
4458.7905	1.127e3
4459.2910	2.178e3
4460.2114	1.389e3
4460.6045	9.537e2
4461.2432	9.102e2
4462.3384	3.218e3
4462.8975	2.373e2
4463.2515	1.030e3
4463.4614	9.261e2
4464.1626	2.442e3
4465.1675	2.881e3
4466.2759	7.044e2
4467.0542	2.330e3
4467.7461	6.203e2
4468.2773	5.007e3
4469.4126	1.723e3
4469.8188	3.118e2
4470.2798	9.556e2
4470.8232	8.573e2
4471.1626	1.279e3
4471.6099	4.582e3
4472.6650	6.527e1
4473.1982	2.583e3
4473.7998	5.113e2
4474.2773	1.402e3
4474.5293	1.956e3
4474.9751	2.918e3
4475.5908	2.483e2
4475.9365	6.129e2
4476.3613	9.665e2
4477.1563	5.548e2
4477.7490	6.741e2
4478.1030	2.334e3
4478.7847	6.555e3
4479.2617	8.046e2
4480.2144	1.924e3
4480.5210	1.444e3
4481.1172	1.221e3
4481.6885	5.613e3
4482.2935	1.112e3
4482.7163	2.838e3
4483.1172	1.189e3
4484.3853	1.075e3
4484.7925	8.823e2
4485.1699	5.125e2
4486.0869	4.167e3
4487.1772	1.764e3
4487.6172	6.136e2
4488.0845	1.969e3
4488.7529	1.503e3
4489.1318	1.992e3
4489.4229	1.752e3
4489.9873	1.346e3
4490.4697	2.518e3
4490.8623	1.862e3
4491.4189	6.894e2
4492.0459	2.051e3
4492.4463	6.865e2
4492.7808	1.294e3
4493.1919	9.935e2
4493.5176	6.360e2
4494.0767	2.881e2
4494.4463	2.603e3
4495.1895	1.035e3
4496.1523	1.561e3
4496.7021	2.701e2
4497.1563	1.340e3
4497.8379	1.533e3
4498.1997	2.305e3
4498.5786	2.601e3
4499.6807	4.341e2
