3500.1638	1.869e2
3500.7822	1.145e2
3501.1748	1.533e3
3501.9060	4.098e3
3502.7256	2.475e3
3503.2434	3.233e3
3503.9673	5.909e2
3504.2559	6.427e2
3504.7144	4.086e2
3505.2039	4.922e2
3505.6509	1.497e3
3506.0281	1.303e3
3506.4983	6.206e2
3506.9216	1.779e3
3507.8020	6.651e2
3508.2966	1.537e3
3508.7136	1.910e3
3509.0835	1.231e3
3509.6880	2.290e3
3510.2288	4.171e3
3510.9229	5.584e3
3511.4185	1.413e3
3512.0759	2.067e3
3512.4172	1.281e3
3512.8237	7.562e2
3513.2312	2.194e3
3513.6587	1.063e3
3514.4363	1.257e3
3514.8213	1.103e3
3515.1104	9.951e2
3515.7637	6.841e2
3515.9626	5.466e2
3516.4609	1.462e1
3516.9827	8.778e2
3517.5024	9.343e2
3517.8235	5.374e2
3518.3550	1.926e3
3518.8188	3.181e3
3519.2158	7.710e2
3519.4607	4.273e2
3519.7969	1.914e3
3520.3381	2.959e3
3521.0735	2.764e3
3521.5928	1.577e3
3522.2170	2.294e3
3522.4624	8.911e2
3522.7859	4.886e2
3523.1484	1.789e3
3523.5623	4.781e2
3524.0117	1.713e3
3524.4502	4.973e2
3524.8782	1.118e3
3525.1641	4.162e2
3525.5403	3.257e2
3526.5835	3.934e3
3527.0310	2.279e3
3527.7012	8.190e2
3528.5200	3.038e3
3529.2346	5.805e3
3529.7332	1.810e3
3530.1592	3.018e3
3530.6099	1.488e3
3530.9897	1.740e3
3531.2603	4.039e2
3531.7905	7.606e2
3532.1265	8.766e2
3532.8052	1.070e3
3533.1130	4.576e2
3533.6208	1.187e3
3534.4316	1.443e3
3534.8413	4.822e2
3535.0603	2.996e2
3535.4165	1.728e3
3535.8279	1.119e3
3536.0613	7.263e2
3537.1387	2.072e3
3537.6707	4.713e2
3538.0273	2.101e3
3538.6780	4.105e3
3539.1287	3.021e3
3539.6768	5.952e2
3540.4504	3.359e3
3540.8823	1.765e3
3541.7415	1.145e3
3542.0649	6.148e2
3542.3621	3.117e2
3542.8679	2.857e3
3543.2966	2.173e3
3544.3376	2.528e3
3545.3198	2.039e3
3545.8757	2.250e2
3546.1980	9.952e2
3546.5464	9.707e2
3547.3218	1.807e3
3547.7222	1.189e3
3548.3811	7.327e2
3548.8438	1.736e3
3549.1147	1.431e3
3549.7429	1.069e3
3550.2119	8.194e2
3550.7000	3.627e2
3551.0364	1.104e3
3551.3318	1.051e3
3552.0906	1.605e3
3552.7358	1.547e3
3553.3994	1.147e3
3553.7073	2.625e3
3554.2092	1.239e3
3554.5444	1.075e3
3555.0078	5.435e2
3555.5408	4.672e2
3556.0701	8.440e2
3556.4277	5.536e2
3556.8125	9.864e2
3557.1272	6.090e2
3558.4941	7.820e3
3558.9885	1.455e3
3559.4077	8.045e2
3559.7979	3.021e3
3560.3762	1.311e3
3561.1985	6.233e3
3561.6946	1.886e3
3562.1990	3.466e3
3562.8767	3.006e3
3563.4785	1.409e3
3563.9697	3.887e3
3564.2659	6.565e2
3564.8389	2.339e3
3565.1609	1.830e3
3565.9187	2.139e3
3566.5737	1.262e3
3567.0454	2.357e3
3567.7295	1.269e3
3568.4224	3.302e3
3568.9949	2.874e3
3569.5063	1.476e3
3570.3425	8.985e2
3570.8494	1.557e3
3571.1604	5.110e2
3571.5725	1.422e3
3571.9082	2.288e3
3572.7373	5.526e2
3573.0603	1.334e2
3573.4990	1.093e2
3573.8152	5.325e2
3574.2263	3.279e2
3574.6077	1.336e3
3575.0969	1.736e3
3575.5002	1.619e3
3575.8877	1.523e3
3576.4202	2.117e3
3576.9031	1.942e3
3577.2944	1.174e3
3577.7512	3.292e2
3578.1853	2.440e3
3578.5684	4.908e2
3579.0508	1.845e3
3579.7480	1.941e3
3580.3945	2.497e3
3580.8555	2.603e3
3581.2202	1.015e3
3581.8298	1.433e3
3582.2668	5.726e2
3582.6445	1.507e3
3583.3503	2.522e3
3583.7788	1.526e3
3584.1174	4.513e3
3584.6038	1.359e3
3585.1262	1.957e2
3586.1174	3.824e3
3586.4624	7.651e2
3587.0310	2.242e3
3588.2917	1.924e3
3588.6816	1.774e3
3589.0986	1.628e3
3589.7322	1.932e3
3590.1077	2.357e3
3590.4600	1.671e3
3590.9307	1.320e3
3591.4714	1.550e3
3592.2180	1.656e3
3592.7344	1.029e3
3593.1472	5.429e2
3593.6091	1.658e3
3594.2664	3.613e3
3594.8179	6.324e2
3595.6509	2.641e3
3596.0359	6.462e2
3596.3308	8.689e2
3596.8843	1.704e3
3597.8252	1.191e3
3598.3079	2.938e3
3598.6755	2.985e3
3599.0996	2.058e3
3599.4131	7.459e2
3599.9521	1.461e3
3600.4915	2.296e3
3600.8625	8.344e2
3601.2268	1.596e3
3601.7075	5.665e2
3602.1570	1.555e3
3602.6265	6.476e2
3603.3635	1.394e3
3603.6216	1.124e3
3604.1389	8.566e2
3604.6362	9.751e2
3605.1624	2.717e1
3605.4663	1.612e2
3605.8257	5.382e2
3606.1228	3.774e2
3606.7332	3.986e2
3607.3303	2.236e3
3608.1135	1.857e3
3608.8215	6.685e2
3609.0608	3.048e2
3609.7275	1.394e3
3610.2424	1.375e3
3610.6465	1.638e3
3610.8604	1.586e3
3611.8674	1.662e3
3612.2095	4.874e3
3612.9199	4.646e2
3613.7637	2.393e3
3614.1729	4.315e3
3615.0769	1.589e3
3615.2615	9.097e2
3616.1409	4.866e3
3617.6814	2.538e3
3618.1467	1.570e3
3618.5947	2.560e3
3619.1309	8.622e2
3619.5156	1.109e3
3620.1157	2.876e3
3620.9512	3.609e2
3621.5291	2.684e3
3621.8843	2.969e2
3622.3572	2.468e3
3622.8687	4.386e2
3623.4243	3.567e3
3624.0291	1.033e3
3624.5276	9.570e2
3624.8237	9.609e2
3625.2874	1.589e3
3625.6575	4.856e2
3625.8608	2.776e2
3626.2412	1.383e3
3626.8508	1.453e3
3627.1641	8.388e2
3627.6697	4.748e2
3628.0549	1.809e3
3628.6128	1.293e3
3629.1660	1.526e3
3629.8721	3.206e2
3630.1377	4.234e2
3630.5867	1.532e3
3631.0020	1.549e3
3631.6182	2.701e3
3631.9673	1.564e3
3632.9622	2.283e3
3633.3923	1.368e3
3633.6606	5.274e2
3634.2649	4.434e3
3634.5667	5.742e2
3635.1702	2.141e3
3635.5857	1.376e3
3635.8643	3.581e2
3636.1824	1.124e3
3636.8750	1.289e3
3637.2141	4.258e2
3637.6602	5.985e2
3638.1953	2.145e3
3638.6592	1.086e3
3639.0132	1.700e3
3639.5334	2.885e3
3640.2473	6.327e2
3640.7412	9.913e2
3641.0613	7.509e2
3641.6836	1.367e2
3642.1904	2.474e2
3642.6528	1.403e2
3643.5391	1.006e3
3643.7627	5.755e2
3644.2351	2.898e2
3644.7964	1.984e2
3645.4036	4.678e2
3645.8027	5.753e2
3646.3564	9.950e2
3647.2729	1.242e3
3647.7456	1.735e3
3648.4355	1.942e3
3648.9028	2.242e3
3649.3391	7.323e2
3649.6423	9.090e2
3650.2478	1.141e3
3650.8333	6.503e2
3651.1787	7.923e2
3651.4602	3.938e2
3652.2505	1.084e3
3652.7927	2.373e3
3653.2832	9.833e2
3654.3733	1.937e3
3654.6628	1.808e3
3655.2766	1.381e3
3656.0156	2.002e3
3656.4602	1.225e2
3656.7610	1.456e2
3657.1648	8.271e2
3657.8059	8.172e2
3658.3931	2.510e3
3658.8120	1.921e3
3659.1423	1.233e3
3659.5193	1.126e3
3659.9773	3.395e3
3660.3354	3.396e2
3660.9075	9.926e2
3661.3401	9.754e2
3661.7229	2.999e3
3662.2300	1.494e3
3662.6228	2.674e3
3663.0154	1.185e3
3663.5220	1.681e3
3663.8184	1.271e3
3664.2805	1.337e3
3664.5623	6.486e2
3665.1616	1.567e3
3665.8281	8.338e2
3666.1809	1.088e3
3666.4187	2.052e3
3667.0212	1.459e3
3667.6658	2.152e2
3668.2983	2.350e2
3668.7493	1.151e3
3669.1160	9.508e2
3669.7559	6.059e2
3670.2329	4.432e3
3670.5620	9.682e2
3670.8838	6.085e2
3671.1958	3.982e3
3671.6113	4.157e3
3672.2793	3.117e3
3672.9673	3.098e3
3673.6306	3.266e3
3674.2048	2.437e3
3674.4636	9.675e2
3674.9792	1.664e3
3675.5322	7.582e2
3675.9575	6.783e2
3676.1606	4.243e2
3677.0493	9.011e2
3677.7317	2.923e2
3678.2029	1.073e3
3678.7786	2.004e3
3679.2439	2.917e3
3679.6455	1.244e3
3680.1938	4.437e3
3680.7354	1.381e3
3681.2478	5.155e3
3682.2476	1.312e3
3682.7512	3.758e3
3683.2751	1.125e3
3683.4607	1.040e3
3683.7642	9.935e2
3684.1194	1.398e3
3684.8755	7.572e2
3685.3262	9.773e2
3685.6487	9.991e2
3686.2830	1.150e3
3686.7073	7.917e2
3687.0117	2.923e2
3687.6294	5.115e2
3688.4519	4.288e3
3688.9675	6.144e3
3689.6658	2.220e3
3690.2546	4.397e3
3690.8875	1.118e3
3691.1357	1.960e3
3691.6162	2.922e3
3692.2722	4.180e3
3693.1082	6.448e3
3693.6919	4.659e2
3694.2827	4.144e3
3694.6982	1.887e3
3695.2581	2.496e3
3695.5630	2.351e2
3696.1731	7.856e2
3697.4851	2.997e3
3698.1331	1.631e3
3698.7649	2.289e3
3699.0608	7.945e2
3699.5186	1.713e2
3699.9800	5.602e2
3700.2424	8.589e2
3700.6890	5.380e2
3701.2900	1.677e3
3701.7671	1.127e3
3702.4207	2.049e3
3702.7144	1.635e3
3703.3291	8.851e2
3703.6179	7.940e2
3704.1619	1.371e3
3705.1104	1.503e3
3705.5603	4.019e2
3705.8303	4.805e2
3706.3472	1.407e3
3706.5615	8.888e2
3707.2097	1.478e3
3707.6243	1.231e3
3708.2080	2.482e3
3708.8950	1.853e3
3709.2012	2.457e3
3709.7822	1.431e3
3710.2944	3.780e3
3710.6709	1.497e3
3711.1028	1.406e3
3711.6130	6.945e2
3712.0818	8.450e2
3712.4565	1.722e3
3712.8203	9.579e2
3713.2815	1.811e3
3713.8245	1.060e3
3714.3184	1.215e3
3714.9700	1.148e3
3715.4583	5.616e2
3716.1646	1.808e3
3716.9932	7.178e2
3717.3269	4.898e2
3718.2000	8.387e2
3718.4893	2.210e3
3718.9897	4.175e2
3719.3601	3.387e3
3719.7617	1.102e3
3720.8293	9.052e2
3721.1509	6.285e2
3721.6567	6.621e2
3722.1802	2.478e3
3722.8303	7.320e2
3723.2241	1.417e3
3723.5308	1.791e3
3724.2341	2.068e3
3724.9072	1.079e3
3725.2649	3.058e2
3726.2231	2.092e3
3726.9167	1.416e3
3727.2629	4.900e2
3727.6919	1.159e3
3728.3179	2.405e3
3728.9629	2.051e3
3729.4883	1.607e3
3729.8694	1.990e2
3730.2246	2.415e3
3730.5603	1.423e3
3731.5222	1.301e3
3732.3132	2.801e3
3733.0066	1.088e3
3733.4712	1.157e3
3733.8369	1.577e3
3734.2734	2.559e3
3734.7947	2.146e3
3735.6335	1.537e2
3736.3743	1.440e3
3736.7168	8.426e2
3737.2700	2.593e3
3737.7971	1.887e1
3738.2546	1.579e3
3738.5630	1.271e3
3739.5276	1.000e3
3739.8757	1.600e3
3741.1936	6.264e2
3741.8689	7.892e2
3742.2720	2.060e3
3742.6736	1.284e3
3743.1948	9.721e2
3743.4917	1.966e3
3743.9314	9.038e2
3744.5229	7.917e2
3745.0186	1.164e3
3745.5205	6.219e2
3746.3406	5.392e3
3746.7610	6.387e2
3747.0847	3.613e2
3747.5032	1.409e3
3748.0278	1.256e3
3748.5146	2.699e3
3748.9158	1.091e3
3749.3264	2.656e3
3750.2451	1.696e3
3750.8250	2.398e3
3751.2627	1.311e3
3751.5923	1.773e3
3751.8174	2.674e3
3752.2148	2.301e3
3752.8154	6.616e2
3753.3989	6.589e2
3753.7090	1.456e3
3754.2676	3.209e3
3754.9590	2.222e3
3755.5898	1.615e3
3756.2092	1.612e3
3756.9697	2.972e3
3757.6294	1.844e3
3758.3247	3.850e3
3758.9360	3.283e3
3759.6921	6.124e2
3760.0720	1.600e3
3760.3374	1.764e3
3760.9136	3.210e3
3761.3213	1.882e3
3761.6614	8.015e2
3762.1975	2.095e3
3762.5623	5.706e2
3763.5364	2.487e3
3763.8384	1.354e3
3764.2917	1.928e3
3764.9407	2.267e3
3765.2156	1.514e3
3765.7964	5.038e2
3766.2981	3.526e3
3766.6733	4.955e2
3767.2866	3.285e3
3767.7280	1.299e3
3768.8210	6.491e3
3769.4470	3.526e3
3770.2061	1.713e3
3770.8184	1.100e3
3771.5808	1.953e3
3772.0227	1.787e3
3772.6155	5.875e2
3773.4045	2.769e3
3774.1340	3.921e3
3774.5615	1.368e3
3775.3896	3.266e3
3775.6626	1.544e3
3776.1267	1.300e3
3776.8467	4.394e3
3777.6919	7.493e2
3778.2693	8.988e3
3778.7026	3.422e3
3779.1177	2.098e3
3779.5754	5.054e3
3780.1008	2.118e3
3780.9270	4.621e3
3781.8208	1.064e3
3782.2800	4.594e3
3782.7620	1.404e3
3783.5178	3.603e3
3784.3721	5.694e2
3784.6160	8.323e2
3785.2468	2.170e3
3786.2219	2.509e3
3786.7190	1.007e3
3787.1606	2.900e2
3787.6545	1.614e3
3787.9287	1.375e3
3788.3193	2.179e3
3788.6912	2.449e3
3789.4399	1.631e3
3790.3042	1.962e3
3790.7017	1.809e3
3791.1150	8.927e2
3791.6145	3.497e3
3792.3918	2.386e3
3792.6606	9.416e2
3793.1355	9.619e2
3793.5664	2.613e3
3794.1807	1.360e3
3794.9558	1.606e3
3795.6372	2.607e3
3795.9978	7.105e2
3796.2717	2.101e3
3796.9314	3.653e3
3797.3989	1.984e3
3797.6653	1.385e3
3798.2449	2.011e3
3798.6321	2.431e3
3799.1482	3.168e3
3799.6208	4.276e3
3799.9612	1.081e3
3800.4126	2.391e3
3800.9265	2.742e3
3801.3418	9.223e2
3801.7444	1.502e3
3802.1816	1.067e3
3802.6592	1.146e3
3803.3804	1.636e3
3803.6609	7.002e2
3804.2424	9.907e2
3804.5608	3.200e2
3805.0747	1.515e3
3806.2039	5.110e3
3806.9724	1.412e3
3807.2285	1.270e3
3807.5229	1.558e3
3807.9827	9.488e2
3808.3782	2.512e3
3808.9163	1.883e3
3809.4490	1.967e3
3810.2822	2.659e3
3810.5605	6.258e2
3810.9915	1.830e3
3811.6904	1.925e3
3812.2639	1.794e3
3813.0986	1.842e3
3813.6426	2.000e3
3814.5413	6.338e3
3815.0227	2.565e3
3815.5103	1.468e3
3815.9736	3.278e3
3816.5554	9.404e2
3817.2390	4.810e3
3817.6616	8.404e2
3818.4841	4.573e3
3818.9150	1.715e3
3819.5181	1.591e3
3819.9429	1.411e3
3820.2920	2.748e3
3820.5615	1.155e3
3821.2920	4.654e3
3821.8828	5.271e2
3822.3018	4.464e3
3823.3228	5.741e3
3823.6614	2.195e3
3824.2905	2.145e3
3824.9116	1.022e3
3825.2952	6.104e2
3825.6714	2.437e2
3826.2988	3.127e3
3826.7725	5.420e2
3827.2224	1.922e3
3827.5840	2.288e3
3828.1787	8.006e2
3828.5330	2.474e3
3828.8604	1.276e3
3829.2620	5.542e2
3830.1357	2.402e3
3830.9890	8.961e2
3831.2554	7.859e2
3831.6902	5.844e2
3831.9185	8.131e2
3832.4102	3.333e3
3832.9626	9.228e2
3833.5706	3.464e3
3834.2803	3.656e3
3834.8711	1.326e3
3835.3413	1.715e3
3835.5610	9.048e2
3835.8284	1.225e3
3836.2717	3.352e3
3836.9048	2.291e3
3837.3152	3.719e3
3837.6606	4.449e2
3838.3018	5.065e3
3838.5603	1.685e3
3839.3027	2.531e3
3839.6138	9.443e2
3840.2075	4.460e3
3841.0015	3.051e3
3841.3870	2.212e3
3841.9219	1.427e3
3842.4368	3.912e3
3842.8477	1.078e3
3843.2358	3.378e3
3843.7925	2.481e3
3844.4053	1.177e3
3844.7356	1.375e3
3845.3826	1.223e3
3846.3093	2.976e3
3847.3374	1.797e3
3847.6152	1.210e3
3848.3430	4.493e3
3848.6226	4.728e3
3849.3413	3.145e3
3849.6340	2.352e3
3849.9612	4.415e2
3850.3362	4.532e3
3850.8635	1.474e3
3851.2129	7.329e3
3851.6626	5.778e2
3851.9785	1.001e3
3852.3787	4.233e3
3852.9353	3.032e3
3853.3625	1.564e3
3853.8831	1.976e3
3854.3594	3.166e3
3854.7717	9.612e2
3855.3237	5.650e3
3855.7620	1.182e3
3856.5376	4.865e3
3857.3518	2.521e3
3857.9275	1.231e3
3858.3647	2.921e3
3858.9121	2.264e3
3859.3315	3.601e3
3859.6621	1.410e3
3859.9612	6.901e2
3860.3374	2.240e3
3860.8435	2.007e3
3861.3359	2.257e3
3861.7322	7.609e2
3862.2581	8.705e3
3862.8633	1.283e3
3863.3621	4.830e3
3863.9734	1.174e3
3864.3037	3.365e3
3865.2874	4.090e3
3865.8459	1.185e3
3866.3528	3.098e3
3866.7830	6.354e2
3867.4028	2.143e3
3867.8828	8.874e2
3868.2957	2.085e3
3868.5474	2.899e3
3868.9185	2.353e3
3869.4846	2.350e3
3870.1189	2.348e3
3870.5608	3.830e3
3871.0220	2.155e3
3871.4524	1.121e3
3871.7253	1.940e3
3872.3655	2.477e3
3872.8691	1.071e3
3873.1477	1.470e3
3873.4609	1.956e3
3873.7644	8.282e2
3874.7654	6.154e3
3875.3857	1.537e3
3876.2871	5.289e3
3876.9082	1.651e3
3877.3743	8.943e3
3877.9333	1.171e3
3878.3442	1.074e4
3878.6858	8.104e2
3878.9187	1.697e3
3879.3252	9.259e3
3879.8210	1.284e3
3880.3430	8.479e3
3880.6975	9.723e2
3880.9285	1.705e3
3881.3374	5.215e3
3881.9968	2.376e3
3882.3308	4.917e3
3883.2073	2.752e3
3883.6191	2.205e3
3883.9604	4.983e2
3884.3809	3.209e3
3885.1003	8.976e2
3885.6580	2.869e3
3886.4453	3.563e3
3886.7192	3.047e3
3887.2336	3.558e3
3888.0408	2.248e3
3888.4080	2.559e3
3888.7632	1.072e3
3889.2378	1.775e3
3889.7654	1.325e3
3890.3774	3.083e3
3890.6624	9.778e2
3890.9888	6.701e2
3891.3943	2.677e3
3891.8823	1.061e3
3892.3933	4.475e3
3892.9238	1.421e3
3893.3191	2.357e3
3893.9338	1.474e3
3894.3215	3.285e3
3894.8889	1.596e3
3895.3347	2.573e3
3895.7163	1.387e3
3896.4182	1.843e3
3896.8044	2.907e3
3897.2312	2.552e3
3897.8423	1.545e3
3898.4263	5.742e3
3899.2495	1.650e3
3899.5151	3.076e3
3900.2617	6.486e2
3900.5664	3.533e2
3900.9192	1.727e3
3901.2122	1.346e3
3901.7029	1.116e3
3902.3225	2.450e3
3902.7229	1.032e3
3903.4143	2.318e3
3903.7195	1.074e3
3903.9985	6.911e2
3904.3669	2.478e3
3904.8293	3.183e3
3905.3499	2.981e3
3905.8264	1.513e3
3906.3362	4.998e3
3906.9500	1.081e3
3907.3958	4.302e3
3908.1130	6.333e3
3908.3623	3.149e3
3908.8713	2.021e3
3909.3623	2.282e3
3909.8120	1.315e3
3910.2522	1.104e3
3910.5610	1.599e3
3911.2788	3.361e3
3911.9971	1.641e3
3912.5232	8.660e2
3912.9802	7.597e2
3913.3354	2.171e3
3913.8818	1.815e3
3914.2129	2.392e3
3914.5618	3.769e2
3914.8611	8.147e2
3915.4380	1.680e3
3915.7229	1.237e3
3916.2620	1.689e3
3916.7261	1.832e3
3917.2334	3.627e3
3918.3486	8.314e3
3919.3904	5.180e3
3919.7864	1.862e3
3920.3940	5.474e3
3920.8943	1.258e3
3921.3735	2.576e3
3921.8735	1.230e3
3922.3613	6.311e3
3923.3630	3.818e3
3923.7861	1.874e3
3924.3286	2.193e3
3924.9111	1.924e3
3925.3850	2.408e3
3925.8408	2.759e3
3926.3411	3.378e3
3926.9946	7.988e2
3927.3870	2.671e3
3927.8955	6.092e2
3928.1865	1.251e3
3928.6360	5.002e3
3929.3118	2.493e3
3929.8135	1.562e3
3930.4009	1.876e3
3930.9063	3.311e3
3931.4551	2.732e3
3932.2546	7.564e3
3933.2959	6.227e3
3933.6819	4.153e3
3934.3882	7.656e3
3935.3506	5.163e3
3935.7285	1.695e3
3936.3306	4.155e3
3936.8958	2.807e3
3937.3679	3.489e3
3937.8130	1.171e3
3938.3933	5.703e3
3939.3843	2.887e3
3939.7883	1.894e3
3940.4006	5.140e3
3940.9314	1.303e3
3941.2271	2.310e3
3941.9490	1.570e3
3942.3921	2.679e3
3942.8152	2.083e3
3943.3289	3.716e3
3943.7217	1.361e3
3944.3625	1.386e3
3944.7886	2.534e3
3945.3433	2.027e3
3945.7847	9.053e2
3946.2778	8.293e3
3947.4519	4.589e3
3947.9326	1.757e3
3948.3899	5.888e3
3948.9285	2.193e3
3949.3975	9.022e3
3949.9790	2.438e3
3950.3948	9.793e3
3950.6606	1.971e3
3951.4050	7.581e3
3951.7605	7.257e2
3952.3933	9.029e3
3953.3301	7.586e3
3953.8611	1.336e3
3954.4272	6.152e3
3955.4150	2.741e3
3956.0371	4.204e3
3956.5603	1.245e3
3956.9622	3.570e2
3957.3633	2.977e3
3958.3303	4.654e3
3958.6211	3.472e3
3959.1975	1.440e3
3959.4670	2.919e3
3960.3774	5.037e3
3960.9019	1.391e3
3961.4133	4.969e3
3961.9382	7.172e2
3962.3967	4.969e3
3962.9226	2.098e3
3963.4016	6.964e3
3963.9609	6.939e2
3964.3948	1.049e4
3964.9070	1.922e3
3965.3984	6.695e3
3965.7388	4.187e3
3966.3958	6.373e3
3966.6731	6.811e2
3967.2732	1.066e4
3967.8623	1.391e3
3968.4949	8.944e3
3969.0508	2.404e3
3969.4182	2.922e3
3969.9692	4.317e3
3970.3948	6.427e3
3970.8315	1.306e3
3971.3611	4.300e3
3971.9683	7.423e2
3972.3630	2.872e3
3972.7153	1.588e3
3973.3948	3.590e3
3973.6604	8.887e2
3974.3594	6.857e3
3974.9209	1.797e3
3975.4084	6.413e3
3976.3848	7.072e3
3976.9177	2.178e3
3977.3872	6.159e3
3977.9607	2.061e3
3978.3872	8.700e3
3978.9133	1.985e3
3979.3940	1.025e4
3979.8403	1.961e3
3980.3945	5.119e3
3980.8623	2.393e3
3981.3630	8.109e3
3982.2773	1.002e4
3983.3257	2.830e3
3983.7183	2.742e3
3983.9631	1.604e3
3984.3784	1.630e3
3985.3208	7.291e3
3985.6606	3.060e3
3986.3574	2.534e3
3986.6731	4.265e3
3987.3477	2.503e3
3988.3257	1.175e4
3988.7712	1.000e3
3989.4060	1.376e4
3989.9792	1.507e3
3990.3987	1.183e4
3990.9092	3.286e3
3991.4060	4.776e4
3991.8230	2.590e3
3992.4075	8.696e4
3992.8645	2.595e3
3993.4065	8.787e4
3993.8242	3.332e3
3994.4084	7.211e4
3994.9153	1.853e3
3995.4087	4.456e4
3995.9231	2.063e3
3996.4109	2.389e4
3996.9607	1.377e3
3997.4119	1.169e4
3997.9136	1.891e3
3998.4116	7.074e3
3999.3767	7.511e3
3999.7607	1.099e3
4000.4529	5.032e3
4000.8611	1.631e3
4001.3738	3.891e3
4001.9861	1.721e3
4002.4028	5.310e3
4002.9182	2.815e3
4003.4172	7.982e3
4003.7612	1.891e3
4004.3914	1.105e4
4004.8176	3.750e3
4005.4231	2.762e5
4005.8625	5.415e3
4006.4246	5.679e5
4006.8635	5.129e3
4007.4277	6.255e5
4007.9231	6.137e3
4008.4277	5.029e5
4008.9270	7.605e3
4009.4275	3.053e5
4009.9265	5.346e3
4010.4331	1.552e5
4010.8850	4.931e3
4011.4368	6.668e4
4011.9783	3.307e3
4012.4385	2.801e4
4012.9424	3.522e3
4013.4199	1.324e4
4013.9150	3.324e3
4014.4050	8.493e3
4014.7632	2.756e3
4015.3816	5.356e3
4015.7891	9.337e2
4016.3301	7.144e3
4016.8411	2.082e3
4017.4202	5.426e3
4017.9795	1.221e3
4018.4004	6.228e3
4018.8350	4.070e3
4019.4121	1.176e4
4019.9414	2.366e3
4020.4143	1.662e4
4020.9341	2.600e3
4021.4441	2.042e4
4021.8608	1.494e3
4022.4158	2.200e4
4023.0310	2.788e3
4023.4114	1.791e4
4023.9265	2.032e3
4024.4202	1.335e4
4024.9563	2.264e3
4025.4170	1.059e4
4025.9478	1.717e3
4026.4087	8.329e3
4026.7634	1.305e3
4027.4087	8.501e3
4027.8730	1.162e3
4028.4006	9.007e3
4029.0183	1.618e3
4029.3999	7.839e3
4029.9202	2.775e3
4030.3997	1.109e4
4030.7605	2.241e3
4031.3877	7.769e3
4031.7610	9.384e2
4032.3464	7.412e3
4033.0540	2.533e3
4033.4014	7.778e3
4033.8828	1.412e3
4034.4175	1.751e4
4034.8967	1.021e3
4035.4182	1.479e4
4035.8154	2.998e3
4036.4583	1.504e4
4036.9995	1.001e3
4037.4075	1.198e4
4037.9885	1.750e3
4038.3860	1.827e4
4038.8118	2.168e3
4039.4067	1.152e4
4039.8906	2.618e3
4040.4065	8.406e3
4040.9355	1.934e3
4041.4021	7.099e3
4041.9126	2.395e3
4042.4006	6.689e3
4042.6606	2.176e3
4043.3955	1.147e4
4043.9663	1.248e3
4044.3804	1.468e4
4044.6614	9.565e2
4045.3840	1.974e4
4045.8616	1.260e3
4046.4426	2.084e4
4047.4016	1.632e4
4048.0701	3.248e3
4048.4148	2.106e4
4048.9856	1.854e3
4049.4395	2.503e4
4049.9102	1.126e3
4050.4282	1.867e4
4051.0930	4.338e3
4051.4351	1.290e4
4051.8699	2.250e3
4052.4297	9.669e3
4053.0322	1.564e3
4053.4189	5.016e3
4053.7603	6.146e2
4054.0444	1.271e3
4054.4082	4.180e3
4054.8833	1.673e3
4055.3865	3.520e3
4055.8093	1.510e3
4056.3577	3.161e3
4056.8054	2.197e3
4057.3726	3.952e3
4057.9465	2.080e3
4058.3530	9.221e3
4058.8601	1.381e3
4059.3645	1.158e4
4059.8245	1.115e3
4060.3694	1.612e4
4060.8186	1.366e3
4061.3765	1.521e4
4061.7275	1.819e3
4062.4004	1.739e4
4062.9497	1.575e3
4063.4453	2.280e4
4064.4194	1.897e4
4064.9937	2.028e3
4065.4185	1.558e4
4065.9294	4.117e3
4066.4565	1.652e4
4067.4219	1.052e4
4067.8303	1.161e3
4068.2236	1.014e4
4068.4626	5.447e3
4068.9478	3.223e3
4069.4131	8.930e3
4070.4700	9.891e3
4071.0227	2.212e3
4071.3977	4.507e3
4071.8418	1.764e3
4072.4294	9.199e3
4072.8601	1.305e3
4073.4016	7.998e3
4074.4363	5.609e3
4074.9355	1.540e3
4075.4229	6.339e3
4075.9148	1.235e3
4076.4463	1.101e4
4077.4431	1.338e4
4077.9617	8.621e2
4078.4460	1.896e4
4078.9622	1.628e3
4079.4346	1.652e4
4079.9519	1.383e3
4080.4170	1.468e4
4081.4102	1.071e4
4081.8198	1.860e3
4082.4048	8.311e3
4082.9851	9.410e2
4083.3906	5.441e3
4083.7266	2.077e3
4084.3606	6.716e3
4084.9785	1.265e3
4085.3936	5.921e3
4086.3694	9.172e3
4086.9470	2.666e3
4087.3972	7.267e3
4087.8184	1.482e3
4088.4158	9.900e3
4088.9436	1.445e3
4089.3992	9.244e3
4089.9712	2.049e3
4090.4045	1.242e4
4090.9333	1.609e3
4091.4036	1.034e4
4091.9316	1.316e3
4092.4143	9.493e3
4093.3523	1.110e4
4093.9280	2.244e3
4094.4128	7.693e3
4094.7625	1.093e3
4095.3894	6.054e3
4095.9067	2.543e3
4096.3936	6.231e3
4096.8232	1.499e3
4097.3608	8.513e3
4097.9180	1.376e3
4098.3672	4.896e3
4098.7124	1.695e3
4099.3691	5.631e3
4100.3408	4.599e3
4100.7876	5.542e2
4101.4014	8.123e3
4101.9297	1.630e3
4102.4160	1.080e4
4102.7627	2.137e3
4103.4014	2.639e4
4103.8652	2.011e3
4104.3970	4.445e4
4104.9160	1.014e3
4105.4014	4.777e4
4105.9321	1.053e3
4106.4028	4.055e4
4106.8628	1.311e3
4107.3999	2.654e4
4107.9521	1.872e3
4108.4077	1.763e4
4108.9180	1.110e3
4109.4102	8.590e3
4109.9585	1.004e3
4110.4072	5.702e3
4110.9722	1.786e3
4111.3618	4.428e3
4111.6611	9.000e2
4111.9199	1.199e3
4112.4321	4.881e3
4113.3799	4.804e3
4113.9175	1.930e3
4114.3760	4.470e3
4114.6621	1.034e3
4115.4326	5.981e3
4115.9531	9.188e2
4116.4531	5.838e3
4116.8950	6.224e2
4117.4795	6.847e3
4118.4624	1.002e4
4119.0088	1.456e3
4119.4536	6.332e3
4119.8623	8.772e2
4120.4575	7.112e3
4121.4370	8.558e3
4122.0586	1.277e3
4122.4487	6.205e3
4122.9585	1.131e3
4123.4019	5.908e3
4123.7622	1.669e3
4124.4385	4.546e3
4124.8872	6.434e2
4125.3950	5.232e3
4125.9902	1.238e3
4126.3862	8.355e3
4127.3906	7.250e3
4127.8159	1.506e3
4128.4028	1.066e4
4128.9175	3.463e3
4129.4058	1.302e4
4129.8311	9.486e2
4130.4438	1.066e4
4131.4170	9.259e3
4132.0610	3.493e3
4132.3965	7.562e3
4133.4653	8.554e3
4134.4082	8.135e3
4134.9727	1.344e3
4135.4614	7.702e3
4135.8623	8.314e2
4136.4751	6.827e3
4137.4419	4.613e3
4138.4526	1.161e4
4139.4224	5.390e3
4140.3940	3.018e3
4140.7109	1.360e3
4141.3652	8.294e3
4141.8638	1.058e3
4142.3682	1.615e4
4143.3833	1.678e4
4143.9126	9.993e2
4144.3887	1.469e4
4144.8623	8.576e2
4145.3896	1.012e4
4145.8208	1.104e3
4146.3945	8.572e3
4146.7627	1.052e3
4147.4277	8.258e3
4147.8491	1.883e3
4148.4375	1.024e4
4148.9448	1.485e3
4149.4214	8.116e3
4150.0630	3.130e3
4150.4375	7.234e3
4150.8911	2.280e3
4151.4917	8.605e3
4152.4082	4.971e3
4153.2129	8.873e3
4153.8613	7.150e2
4154.5005	5.259e3
4155.3545	3.172e3
4156.3169	9.622e3
4156.8203	2.002e3
4157.3589	1.202e4
4158.3394	1.377e4
4158.7134	2.755e3
4159.3413	1.287e4
4159.9468	2.123e3
4160.3833	1.107e4
4160.9512	9.084e2
4161.4067	8.234e3
4161.8271	1.584e3
4162.4526	1.117e4
4163.4580	9.702e3
4164.4424	6.201e3
4165.4243	5.117e3
4165.7617	1.396e3
4166.4238	5.465e3
4166.9312	8.001e2
4167.4160	4.734e3
4168.3257	7.406e3
4169.3574	5.307e3
4169.8613	7.848e2
4170.3716	4.798e3
4171.4175	7.236e3
4171.8701	9.749e2
4172.4341	1.050e4
4172.9102	5.941e2
4173.4390	1.204e4
4173.9678	1.484e3
4174.4272	1.144e4
4174.9365	1.629e3
4175.4307	9.322e3
4175.8608	6.138e2
4176.4077	5.787e3
4177.0698	2.324e3
4177.4116	6.011e3
4178.4194	8.465e3
4179.3423	7.431e3
4179.8184	1.661e3
4180.3418	5.094e3
4180.9438	9.717e2
4181.3901	4.962e3
4182.3745	5.714e3
4182.8140	1.211e3
4183.3887	5.012e3
4183.7617	1.460e3
4184.3569	4.902e3
4185.3477	5.311e3
4186.3794	6.256e3
4186.7617	7.988e2
4187.4087	5.181e3
4187.7944	4.954e2
4188.3799	5.378e3
4188.7637	1.213e3
4189.3652	1.567e4
4189.7778	6.855e2
4190.2759	6.111e3
4190.7974	2.224e3
4191.3501	4.218e3
4192.3354	7.125e3
4193.3774	7.038e3
4194.2949	5.334e3
4195.3198	5.466e3
4196.3096	3.953e3
4196.8203	1.375e3
4197.2998	4.417e3
4197.7837	6.220e2
4198.3711	7.317e3
4199.3745	3.579e3
4199.7871	3.479e3
4200.3936	4.340e3
4200.9116	1.163e3
4201.3882	9.118e3
4201.6606	1.394e3
4201.9619	7.377e2
4202.3813	8.974e3
4203.3750	8.554e3
4203.9380	1.401e3
4204.3760	6.503e3
4204.9551	1.298e3
4205.3696	6.411e3
4205.9526	9.992e2
4206.3916	5.121e3
4207.3945	3.643e3
4207.8496	2.325e3
4208.3711	3.257e3
4208.7964	3.265e2
4209.0986	7.636e2
4209.3804	2.248e3
4209.7183	4.283e2
4210.3486	5.145e3
4210.8481	1.626e3
4211.2764	4.362e3
4211.8120	1.553e3
4212.3374	4.052e3
4212.6611	9.536e2
4213.3213	5.514e3
4213.7935	7.450e2
4214.2622	7.771e3
4215.3032	3.739e3
4216.4106	5.527e3
4217.2222	3.074e3
4218.3252	4.947e3
4219.3662	4.278e3
4220.0957	2.093e3
4220.8994	2.542e2
4221.2935	1.749e3
4222.2012	4.954e3
4222.7031	3.490e3
4223.2734	2.575e3
4223.6177	3.753e3
4224.3726	3.743e3
4224.9580	1.808e3
4225.3276	3.971e3
4226.3823	8.672e3
4227.3491	6.058e3
4228.3120	1.090e4
4229.4224	5.932e3
4230.3535	5.368e3
4230.8247	7.059e2
4231.3525	3.913e3
4231.9976	1.002e3
4232.3882	3.577e3
4233.3140	5.001e3
4234.3281	6.546e3
4235.3828	2.991e3
4236.2690	1.393e3
4236.5273	1.224e3
4237.0259	1.551e3
4237.3242	1.667e3
4237.6968	2.177e3
4237.9604	7.710e2
4238.4863	8.211e3
4239.2935	6.298e3
4239.9863	1.891e3
4240.3159	6.184e3
4240.7231	1.406e3
4241.3774	9.514e3
4242.3481	7.965e3
4243.3481	5.115e3
4243.6606	1.256e3
4244.3760	5.296e3
4245.3408	2.702e3
4246.0293	3.155e3
4246.3809	5.751e3
4247.4390	6.098e3
4247.9614	1.352e3
4248.3232	3.582e3
4249.0479	5.187e3
4249.4590	4.214e3
4250.4590	6.374e3
4251.3535	4.858e3
4252.0210	2.756e3
4252.3887	2.534e3
4252.8843	1.094e3
4253.4761	5.824e3
4253.8960	4.276e2
4254.4053	7.201e3
4254.9673	1.452e3
4255.3901	6.143e3
4255.9058	1.371e3
4256.3784	6.912e3
4256.8608	3.707e2
4257.3442	5.720e3
4258.2861	9.191e3
4258.8760	7.526e2
4259.2822	2.755e3
4259.5244	4.071e3
4260.4595	3.036e3
4260.7632	6.406e2
4261.2544	4.436e3
4262.4287	5.566e3
4263.2939	3.485e3
4263.8618	1.038e3
4264.2886	3.164e3
4265.2617	4.313e3
4265.9351	9.493e2
4266.4038	3.563e3
4266.8979	6.093e2
4267.3340	3.205e3
4268.4771	5.705e3
4268.9292	1.020e3
4269.3848	3.288e3
4269.9517	2.678e3
4270.4170	5.671e3
4271.4678	8.132e3
4271.9150	9.700e2
4272.4375	3.878e3
4273.1997	7.690e3
4273.9937	9.179e2
4274.4800	5.177e3
4275.3691	2.559e3
4275.9546	1.850e3
4276.3447	1.852e3
4276.9653	1.101e3
4277.2822	1.357e3
4277.6162	2.759e3
4278.3384	5.116e3
4279.2422	5.317e3
4279.5601	1.114e3
4279.8945	3.042e2
4280.3179	2.174e3
4280.5601	1.043e3
4281.2593	2.338e3
4281.6201	5.300e2
4282.4072	6.698e3
4282.9863	3.663e3
4283.3296	2.697e3
4283.8164	9.906e2
4284.2842	2.761e3
4284.7227	9.347e2
4285.3179	1.918e3
4285.5640	8.207e2
4285.8613	2.631e2
4286.3652	3.407e3
4287.2905	1.641e3
4288.1133	3.426e3
4288.4990	2.860e3
4288.8145	2.248e3
4289.3828	3.618e3
4290.3159	2.974e3
4290.8193	9.840e2
4291.4360	2.480e3
4292.3228	4.898e3
4293.2319	4.132e3
4293.5625	8.111e2
4293.9419	2.685e3
4294.2202	3.430e3
4294.6968	1.531e3
4295.2544	5.291e3
4296.3159	4.097e3
4297.2080	3.793e3
4297.8911	4.197e2
4298.4487	4.483e3
4299.2729	3.236e3
4299.8535	1.332e3
4300.3906	5.063e3
4301.2803	2.433e3
4301.5610	1.276e3
4302.3716	4.150e3
4302.9355	2.277e3
4303.4009	2.650e3
4303.9541	8.025e2
4304.3428	2.465e3
4304.8867	4.789e2
4305.3301	1.597e3
4305.9907	9.915e2
4306.5576	4.475e3
4307.2686	1.793e3
4307.4614	9.444e2
4308.3345	3.133e3
4309.2319	4.025e3
4309.8130	2.582e3
4310.4683	5.262e3
4310.9722	1.192e3
4311.3452	2.878e3
4311.7632	5.729e2
4312.3696	4.309e3
4313.1621	3.836e3
4314.2202	3.752e3
4314.6777	3.707e3
4315.2837	1.596e3
4315.9707	1.679e3
4316.2852	2.279e3
4316.6396	6.427e2
4316.8862	4.447e2
4317.3066	2.489e3
4317.8091	1.333e3
4318.3438	2.717e3
4318.7871	1.820e3
4319.2231	1.926e3
4319.5615	8.535e2
4319.9697	7.135e2
4320.3486	1.704e3
4320.6616	9.389e2
4321.2080	3.628e3
4321.8311	1.521e3
4322.2505	2.224e3
4322.5527	1.751e3
4322.9209	1.055e3
4323.2954	2.722e3
4324.2544	3.796e3
4324.6611	8.671e2
4325.3315	3.462e3
4326.3174	3.998e3
4326.8828	1.313e3
4327.5127	3.796e3
4328.3159	3.191e3
4328.7920	2.344e3
4329.2876	2.170e3
4329.6606	3.432e2
4330.3389	3.813e3
4330.7612	4.013e2
4331.2290	3.522e3
4331.8408	8.524e2
4332.4058	2.815e3
4333.0430	4.228e3
4333.5132	1.499e3
4333.9429	9.576e2
4334.3809	2.472e3
4334.9678	1.312e3
4335.3110	1.910e3
4335.9224	1.243e3
4336.2202	9.935e2
4336.5747	1.271e3
4337.3081	3.986e3
4338.3208	6.310e3
4339.1680	3.106e3
4339.8223	5.590e2
4340.3096	3.775e3
4340.7607	2.074e2
4341.3521	2.583e3
4341.8516	7.249e2
4342.2183	1.389e3
4342.4609	6.091e2
4343.0195	1.603e3
4343.2607	5.981e2
4343.6284	1.924e3
4344.3149	1.532e3
4345.2231	4.761e3
4345.9146	1.953e3
4346.2266	1.998e3
4346.6133	2.263e3
4347.3228	1.698e3
4347.7134	2.909e3
4348.2573	3.021e3
4348.6177	1.556e3
4349.3071	2.728e3
4349.6138	1.557e3
4350.3091	2.421e3
4350.9502	1.837e3
4351.3760	2.109e3
4352.2397	1.929e3
4352.5605	7.573e2
4353.2725	3.489e3
4354.2988	5.221e3
4354.7783	2.099e3
4355.2295	1.803e3
4355.5615	6.598e2
4356.2061	2.557e3
4357.1084	2.930e3
4357.5684	3.584e2
4357.9893	4.495e3
4358.4302	2.383e3
4358.8252	4.033e3
4359.1816	6.568e2
4359.4883	1.853e3
4360.1108	3.429e3
4360.5605	6.244e2
4361.2393	3.883e3
4361.7607	2.810e2
4362.2163	1.888e3
4362.7686	1.234e3
4363.3081	4.582e3
4364.3086	3.002e3
4364.6279	1.210e3
4365.3564	2.388e3
4366.1621	3.345e3
4366.4604	1.992e3
4367.2236	2.268e3
4367.6245	9.880e2
4368.1440	3.799e3
4368.6787	1.618e3
4369.1250	1.021e3
4369.5166	1.033e3
4369.9102	2.010e3
4370.1836	7.956e2
4370.5981	3.125e3
4371.1763	1.112e3
4371.7603	9.842e2
4372.1895	2.844e3
4372.7295	7.206e2
4373.4712	2.824e3
4374.1831	2.399e3
4374.6611	6.022e2
4375.2686	2.273e3
4376.2744	2.052e3
4377.0708	1.651e3
4378.1445	3.251e3
4378.4243	2.592e3
4378.7612	1.206e3
4379.4829	2.929e3
4379.8271	6.640e2
4380.2949	2.308e3
4380.8110	1.058e3
4381.2788	2.668e3
4381.6836	1.494e3
4382.2280	2.041e3
4382.5884	2.154e3
4383.2471	2.685e3
4384.2822	3.120e3
4385.0811	1.117e3
4386.1704	8.806e2
4386.5127	2.376e2
4387.2041	1.959e3
4387.7520	4.836e2
4388.3936	2.288e3
4389.1704	1.176e3
4389.4619	4.505e2
4390.1094	2.439e3
4390.4980	2.102e3
4391.1313	2.685e3
4391.5161	1.341e3
4392.1846	1.715e3
4393.2588	2.518e3
4393.7153	3.256e2
4394.3779	2.727e3
4395.2310	1.304e3
4395.8223	5.424e2
4396.2588	1.792e3
4396.8511	1.905e3
4397.1631	1.490e3
4397.6621	4.217e2
4398.1567	1.353e3
4398.5830	2.755e3
4399.1729	3.430e3
4399.8047	1.922e3
4400.3535	2.289e3
4401.1689	2.143e3
4401.4609	1.206e3
4401.7822	8.412e2
4402.1519	3.228e3
4402.6294	1.112e3
4403.2686	1.564e3
4403.7842	1.502e3
4404.3071	1.926e3
4405.0757	8.319e2
4405.3628	5.739e2
4405.8574	1.351e3
4406.7617	2.353e2
4407.1787	6.726e2
4407.5347	1.397e3
4408.2998	2.716e3
4408.7251	7.983e2
4409.2231	2.985e3
4409.8232	4.779e2
4410.3745	1.587e3
4410.7109	8.152e2
4411.2842	3.316e2
4411.6050	3.850e3
4412.2217	1.674e3
4413.2808	1.391e3
4413.9556	9.669e2
4414.3599	1.429e3
4415.2559	1.902e3
4415.6602	4.291e2
4416.0117	1.683e2
4416.6050	1.341e2
4417.0850	5.653e2
4417.5796	1.081e3
4418.3794	2.891e3
4418.6611	7.813e2
4419.5156	3.517e3
4420.0308	1.048e3
4420.4038	2.014e3
4421.5171	4.961e3
4422.2300	1.962e3
4422.6729	1.144e3
4423.2036	1.071e3
4423.7466	2.150e2
4424.2397	9.487e2
4424.5576	7.500e2
4425.3950	1.060e3
4426.0688	1.168e3
4426.6929	3.147e3
4426.9634	6.501e2
4427.2124	9.312e2
4427.6787	2.291e3
4428.3647	4.490e3
4428.6641	7.336e2
4429.3999	2.665e3
4430.1938	6.807e3
4431.0020	4.487e3
4431.5645	4.338e3
4432.1289	1.598e3
4432.4194	1.104e3
4433.1880	1.517e3
4433.7598	2.356e3
4434.1235	1.063e3
4434.9072	2.212e3
4435.1631	6.436e2
4435.8877	9.915e2
4436.1826	2.306e3
4437.1816	5.736e3
4438.2222	2.682e3
4438.8213	1.133e3
4439.1719	7.652e2
4439.5103	1.740e3
4440.0195	5.687e2
4440.4917	6.776e2
4440.8379	5.471e2
4441.1880	1.059e3
4441.5088	5.372e2
4441.9165	1.398e2
4442.5762	1.328e3
4443.0332	3.890e3
4443.7466	1.132e3
4444.2500	2.314e3
4444.7979	6.151e2
4445.1406	1.504e3
4445.8159	7.784e2
4446.1836	7.910e2
4446.4619	5.440e2
4447.0518	1.432e3
4447.4233	1.004e3
4448.2026	9.364e2
4448.6870	2.390e2
4449.2349	5.977e2
4449.5767	6.469e2
4449.8989	2.020e3
4450.5142	1.947e3
4451.1924	8.036e2
4451.5205	2.634e3
4452.3091	1.062e3
4452.9595	8.765e3
4453.8013	4.397e3
4454.3896	2.904e3
4454.9146	1.961e3
4455.4229	3.712e2
4456.0762	3.892e3
4456.7886	3.939e2
4457.1963	2.130e3
4457.6147	2.371e3
4458.1099	1.305e3
4458.8018	1.072e3
4459.3042	2.299e3
4460.2163	1.671e3
4461.1294	1.800e3
4461.9761	1.064e3
4462.3306	2.705e3
4463.2227	1.001e3
4463.5186	9.771e2
4464.1841	2.183e3
4465.1411	2.267e3
4465.5610	3.758e2
4466.1465	6.613e2
4467.0806	1.508e3
4467.5991	2.124e2
4468.2656	2.802e3
4468.7002	6.589e2
4469.1177	7.039e2
4469.5518	1.331e3
4470.1992	5.767e2
4470.6240	9.692e2
4471.1260	1.768e3
4471.5166	1.644e3
4471.8901	6.465e2
4472.1182	1.190e3
4472.4609	4.929e1
4473.1660	1.986e3
4473.8550	3.474e2
4474.4673	2.695e3
4474.6611	3.305e3
4475.7666	5.757e2
4476.1060	1.180e3
4476.6509	4.905e2
4477.2109	1.056e3
4478.0869	3.230e3
4478.3608	5.203e2
4478.7988	4.812e3
4479.1621	9.325e2
4479.7754	6.357e1
4480.3013	2.725e3
4481.1025	1.399e3
4481.7183	5.125e3
4482.2500	1.604e3
4482.7490	2.835e3
4483.1138	1.121e3
4484.3086	9.785e2
4484.7764	7.479e2
4485.0591	1.008e3
4485.4155	4.448e2
4486.0742	4.850e3
4487.1328	9.864e2
4487.5811	4.377e2
4488.0522	1.050e3
4488.3164	1.077e3
4488.7261	7.407e2
4489.2305	2.921e3
4490.0757	8.031e2
4490.4229	1.611e3
4490.8501	7.551e2
4491.1567	6.539e2
4491.5283	4.040e2
4491.9790	8.957e2
4492.2349	9.801e2
4492.7715	2.639e3
4493.2134	1.546e3
4493.6611	4.360e2
4494.4048	2.467e3
4494.8994	1.143e2
4495.2651	7.276e2
4496.1655	1.458e3
4496.6123	8.622e2
4497.1440	1.514e3
4497.8267	2.151e3
4498.2290	2.320e3
4498.6567	9.912e2
4499.0254	1.351e3
