3500.1240	3.759e2
3500.7920	5.594e1
3501.3198	1.187e3
3501.9036	3.332e3
3502.5974	1.792e3
3502.8203	2.448e3
3503.2959	1.372e3
3503.8411	5.388e2
3504.1943	7.912e2
3504.7009	3.518e2
3505.1331	6.075e2
3505.6770	6.595e2
3506.0188	1.536e3
3506.4849	4.967e2
3506.9075	1.025e3
3507.8069	8.560e2
3508.2773	1.126e3
3508.7271	4.540e3
3509.6536	1.224e3
3509.9961	5.664e2
3510.3232	2.952e3
3510.9028	7.130e3
3511.4604	7.141e2
3511.9893	1.512e3
3512.3777	1.469e3
3512.8149	7.752e2
3513.3315	2.151e3
3513.8013	1.341e3
3514.5459	1.130e3
3514.8228	1.794e3
3515.5918	3.186e2
3515.9807	1.436e3
3516.7524	4.626e1
3517.4973	1.222e3
3517.9517	9.110e2
3518.3557	1.414e3
3518.8762	4.660e3
3519.3613	8.286e2
3519.8389	1.754e3
3520.2375	2.045e3
3520.5159	2.669e3
3521.1323	6.996e2
3521.5327	2.181e3
3522.2095	2.425e3
3522.6738	2.209e3
3523.4023	1.163e3
3523.9854	1.969e3
3524.3647	3.846e2
3524.8098	1.599e3
3525.3276	5.025e2
3525.7104	1.199e3
3526.1812	7.657e2
3526.5190	9.568e2
3526.9526	3.149e3
3527.7952	7.809e2
3528.3835	1.659e3
3528.7222	1.458e3
3529.3428	1.160e3
3529.7605	1.811e3
3530.1221	4.581e3
3530.5447	1.163e3
3530.9788	3.508e3
3531.8298	8.610e2
3532.2048	9.119e2
3532.8423	5.723e2
3533.0618	3.508e2
3533.6519	1.170e3
3534.4016	1.753e3
3535.3560	2.902e3
3535.7444	1.309e3
3536.0620	9.495e2
3536.9932	1.295e3
3537.9561	2.056e3
3538.4890	4.308e3
3539.0728	6.409e3
3539.6404	8.847e2
3540.3181	2.766e3
3540.8396	2.666e3
3541.8530	1.234e3
3542.1619	8.559e2
3542.8481	3.563e3
3543.2676	1.422e3
3543.7620	1.002e3
3544.2212	1.939e3
3545.3201	5.853e2
3546.1245	6.987e2
3546.5122	2.985e3
3547.1238	1.577e3
3547.9651	3.545e3
3548.8445	2.884e3
3549.1641	1.906e3
3549.6721	6.067e2
3550.3025	1.125e3
3551.1047	2.915e3
3552.0635	1.142e3
3552.7397	8.545e2
3553.6448	2.603e3
3553.9631	7.702e2
3554.5042	1.347e3
3554.8247	1.092e3
3555.1604	6.997e2
3555.7278	5.347e1
3556.1550	4.053e3
3556.8850	1.904e3
3558.1494	1.861e3
3558.5000	6.627e3
3558.7607	9.846e2
3559.1611	3.147e2
3559.8105	4.207e3
3560.3311	1.312e3
3560.8420	2.393e3
3561.2771	3.206e3
3561.8145	6.079e2
3562.1997	4.496e3
3562.7598	3.079e3
3563.0703	2.590e3
3563.3647	2.139e3
3563.9629	4.141e3
3564.8708	1.785e3
3565.1328	2.400e3
3566.0330	1.441e3
3566.9072	3.033e3
3567.7344	7.057e2
3568.2229	1.013e3
3568.5344	9.512e2
3568.9126	3.875e3
3569.5010	2.510e3
3570.1819	2.792e3
3570.7139	1.839e3
3571.2048	1.118e3
3571.8921	3.572e3
3572.8911	3.613e2
3573.2871	5.409e2
3573.8066	1.017e3
3574.2959	4.277e2
3574.6836	1.892e3
3575.1011	2.251e3
3575.8391	1.461e3
3576.3955	1.761e3
3576.8396	1.302e3
3577.2002	2.031e3
3578.1819	2.871e3
3578.7271	1.453e3
3579.0212	1.920e3
3579.5544	9.700e2
3579.9314	1.963e3
3580.3870	2.525e3
3580.8555	3.380e3
3581.3831	2.461e3
3582.2129	3.140e3
3582.6829	7.809e2
3583.2451	1.761e3
3583.4614	8.858e2
3584.0632	8.118e3
3584.6914	1.171e3
3585.2168	7.067e2
3586.1284	3.849e3
3586.6824	8.157e2
3586.9231	1.492e3
3587.6958	2.984e2
3588.0547	7.287e2
3588.6902	2.763e3
3589.1335	2.126e3
3589.7043	2.453e3
3590.1118	3.521e3
3590.4785	1.934e3
3591.0188	1.254e3
3591.3250	1.077e3
3591.7400	8.315e2
3592.2144	1.147e3
3592.7339	5.026e2
3593.2051	8.972e2
3593.6155	9.344e2
3594.2974	2.847e3
3594.6555	8.411e2
3595.6006	2.360e3
3596.0981	1.733e3
3596.4175	7.898e2
3596.8560	1.781e3
3597.7659	6.700e2
3598.2373	2.203e3
3598.6501	6.315e3
3599.0688	5.291e3
3600.2249	4.474e3
3600.6377	2.238e3
3601.2317	9.547e2
3601.8804	4.796e2
3602.2039	8.263e2
3602.7185	1.037e3
3603.2583	6.916e2
3603.5972	1.525e3
3604.3369	3.022e3
3605.4905	1.032e2
3605.8228	5.424e2
3606.3459	1.536e2
3606.7085	9.217e2
3607.3086	2.412e3
3608.0686	3.189e3
3608.9077	1.060e3
3609.2947	1.003e3
3609.7258	1.834e3
3610.1992	1.087e3
3610.5642	3.286e3
3611.0332	1.476e3
3611.3630	4.753e2
3611.7871	8.422e2
3612.1816	5.023e3
3613.0239	1.086e3
3613.7239	2.605e3
3614.1396	4.693e3
3615.1548	1.680e3
3615.6841	1.226e3
3616.0886	3.323e3
3616.4622	6.814e2
3616.8267	2.480e3
3617.3647	9.426e2
3617.7290	1.987e3
3618.1184	2.074e3
3618.5586	3.456e3
3619.3906	1.813e3
3619.7461	4.994e2
3620.1035	2.366e3
3620.4617	3.112e2
3620.9380	6.530e2
3621.5212	2.533e3
3622.2883	2.010e3
3622.6584	1.481e3
3623.3533	3.047e3
3623.9419	1.457e3
3624.2634	6.649e2
3624.7959	1.255e3
3625.2031	1.452e3
3625.6284	3.593e2
3626.2463	1.524e3
3627.0852	1.245e3
3627.6890	4.313e2
3628.0105	1.728e3
3628.6147	2.359e3
3629.1045	2.567e3
3630.0205	9.245e2
3630.8079	4.089e3
3631.6484	7.515e3
3632.0276	1.861e3
3632.9417	2.325e3
3633.2605	4.777e2
3633.6292	1.399e3
3634.2744	3.104e3
3635.0557	2.375e3
3635.5095	1.611e3
3636.1838	2.180e3
3636.8435	7.343e2
3637.2249	7.934e2
3637.6252	9.030e2
3638.1824	2.258e3
3638.7664	2.079e3
3639.0608	2.372e3
3639.5640	3.743e3
3639.8838	2.219e2
3640.2878	8.069e2
3640.7188	2.678e3
3641.4146	5.420e2
3641.8125	3.031e2
3642.1958	2.366e2
3642.7192	3.932e2
3643.1692	3.951e2
3643.5400	7.012e2
3643.9504	1.090e3
3644.1611	7.145e2
3644.8052	2.329e2
3645.3706	6.617e2
3645.6958	1.292e3
3646.0635	5.129e2
3646.4404	8.941e2
3646.8127	1.123e3
3647.2822	7.780e2
3647.8008	1.713e3
3648.4426	1.960e3
3648.8096	2.362e3
3649.2644	1.610e3
3649.6125	9.476e2
3650.2063	1.664e3
3651.0154	1.065e3
3651.3623	3.416e2
3651.7754	3.276e2
3652.4346	1.601e3
3652.8325	2.307e3
3653.2363	1.470e3
3654.0911	1.389e3
3654.3259	1.980e3
3654.6628	1.065e3
3655.1477	1.826e3
3655.6160	1.624e3
3655.9980	1.891e3
3656.8455	1.239e3
3657.1123	8.066e2
3657.5491	4.311e2
3657.9263	8.559e2
3658.4541	1.698e3
3658.8276	4.174e3
3659.1658	5.948e2
3659.5383	1.812e3
3659.9197	3.352e3
3660.2651	3.140e2
3661.0378	4.792e2
3661.3777	5.190e2
3661.8142	3.232e3
3662.1431	1.388e3
3662.6240	2.813e3
3663.1318	1.914e3
3663.4834	2.032e3
3663.8877	1.444e3
3664.2751	1.416e3
3664.7378	1.355e3
3665.2039	1.112e3
3665.8000	3.212e2
3666.1826	1.766e3
3666.4297	3.222e3
3667.1155	1.965e3
3667.8054	2.677e2
3668.1958	3.117e1
3668.7202	7.692e2
3669.0212	5.548e2
3669.4619	4.385e1
3670.2283	4.553e3
3670.5994	9.873e2
3670.8311	2.626e3
3671.1643	1.494e3
3671.6477	2.464e3
3672.1882	1.729e3
3672.5498	9.543e2
3672.9421	2.877e3
3673.3181	1.907e3
3673.7131	1.834e3
3674.1824	2.208e3
3674.7051	1.406e3
3675.1951	9.443e2
3675.5237	5.633e2
3675.8838	4.538e2
3676.1230	6.081e2
3676.9446	8.486e2
3677.6646	1.440e2
3678.1323	9.466e2
3678.6846	2.650e3
3679.2888	4.121e3
3679.7412	2.522e3
3680.2231	4.318e3
3680.6516	1.587e3
3680.8623	1.178e3
3681.3662	2.038e3
3681.6609	8.437e2
3682.2891	2.085e3
3682.5200	2.334e3
3682.8926	3.156e3
3683.1995	5.059e2
3683.5293	1.340e3
3683.9209	1.162e3
3684.2705	1.807e3
3684.8452	6.335e2
3685.1960	9.192e2
3685.5439	9.664e2
3685.9360	8.247e2
3686.2234	1.206e3
3686.8406	1.141e3
3687.1624	3.555e2
3687.6003	6.404e2
3688.0769	8.404e2
3688.5195	4.688e3
3688.9565	6.908e3
3689.2612	1.652e3
3689.6663	2.570e3
3690.2898	5.032e3
3690.9392	2.458e3
3691.1633	1.607e3
3691.5498	2.355e3
3692.2502	2.946e3
3693.0452	4.575e3
3693.4604	7.977e2
3693.7642	1.365e3
3694.2876	4.332e3
3694.6633	2.695e3
3695.2312	3.067e3
3696.2222	1.956e3
3697.4236	3.529e3
3698.1733	2.295e3
3698.7356	1.966e3
3699.0552	2.318e3
3699.7849	2.848e2
3700.1196	8.969e2
3700.7100	8.670e2
3701.2261	8.521e2
3701.5830	3.323e2
3702.0249	1.596e3
3702.5991	4.600e3
3703.5215	2.688e3
3704.2224	1.221e3
3704.6313	2.783e2
3705.0012	4.769e2
3705.5840	7.429e2
3706.3240	1.911e3
3706.8669	6.855e2
3707.4167	2.712e3
3708.2854	1.843e3
3708.9023	3.286e3
3709.2297	2.793e3
3709.7842	1.450e3
3710.3069	3.730e3
3710.7078	2.879e3
3711.1765	2.274e3
3711.7480	5.909e2
3712.1711	1.499e3
3712.4922	2.301e3
3712.8635	1.130e3
3713.3157	1.319e3
3713.7649	1.427e3
3714.2271	1.246e3
3714.5540	9.550e2
3715.0215	1.205e3
3715.4844	2.062e3
3716.1572	1.636e3
3716.6812	6.373e1
3717.1152	3.494e2
3717.5774	1.423e2
3718.4949	3.424e3
3718.9285	2.327e3
3719.3745	4.369e3
3719.9604	2.323e3
3721.0198	2.158e3
3721.7217	7.516e2
3722.2241	1.812e3
3722.7468	1.925e3
3723.1797	8.747e2
3723.4641	7.768e2
3724.2781	1.976e3
3724.7961	1.267e3
3725.2131	1.239e3
3725.7732	1.242e2
3726.2183	1.816e3
3726.9116	1.510e3
3727.5017	6.212e2
3727.8838	9.715e2
3728.3940	2.600e3
3728.9211	1.999e3
3729.3975	3.214e3
3730.2876	3.359e3
3730.5620	1.244e3
3730.9092	1.106e3
3731.4895	6.629e2
3731.8096	2.489e2
3732.3140	1.919e3
3733.0713	1.251e3
3733.4202	1.621e3
3733.9314	1.309e3
3734.2961	1.267e3
3734.7664	2.427e3
3735.1797	3.292e1
3735.6760	5.904e2
3736.4790	1.234e3
3736.8538	1.601e3
3737.2883	2.968e3
3738.2192	1.814e3
3738.6050	2.088e3
3739.2910	3.122e2
3739.9287	2.963e3
3741.1147	4.963e2
3741.4175	2.194e2
3741.8306	8.542e2
3742.2942	2.162e3
3742.7305	1.655e3
3743.4292	3.478e3
3743.7600	1.917e3
3744.1343	7.200e2
3744.6035	1.793e3
3745.0901	1.299e3
3745.7043	8.693e2
3746.2925	4.695e3
3746.7671	7.017e2
3747.4033	2.020e3
3748.5242	4.683e3
3749.3113	1.881e3
3749.7224	1.263e2
3750.3486	2.870e3
3750.7361	1.729e3
3751.1306	2.387e3
3751.4812	2.124e3
3751.8113	5.388e3
3752.1611	1.144e3
3752.4324	2.081e3
3752.8149	1.547e3
3753.6736	2.106e3
3754.2742	3.069e3
3754.8640	2.429e3
3755.5271	1.573e3
3756.1650	2.121e3
3756.9319	2.201e3
3757.1611	1.032e3
3757.6492	1.443e3
3757.8623	6.452e2
3758.3755	4.730e3
3758.7629	1.679e3
3759.1587	1.503e3
3759.8674	1.596e3
3760.3933	4.038e3
3760.8450	7.703e3
3761.3347	3.244e3
3761.8030	1.541e3
3762.2139	2.107e3
3762.6621	3.115e2
3763.5596	3.739e3
3764.2576	2.339e3
3764.9438	2.044e3
3765.2654	1.497e3
3766.2490	3.734e3
3766.6155	1.718e3
3767.2749	1.899e3
3767.7590	1.349e3
3768.7698	6.959e3
3769.4429	5.517e3
3770.2217	2.241e3
3770.8350	2.098e3
3771.2585	6.046e2
3771.6641	2.334e3
3772.0161	2.052e3
3772.4612	1.104e3
3772.9285	5.474e2
3773.3831	2.001e3
3773.9224	1.957e3
3774.3027	2.307e3
3774.6484	2.079e3
3775.3752	4.225e3
3775.9814	1.929e3
3776.7908	4.003e3
3777.7004	9.821e2
3778.2590	9.093e3
3778.7100	6.608e3
3779.0632	2.496e3
3779.5715	6.108e3
3780.0918	2.144e3
3780.4656	1.537e3
3780.9094	3.259e3
3781.1624	8.447e2
3781.4617	3.678e2
3781.8618	1.177e3
3782.2200	3.201e3
3782.5513	1.391e3
3782.8352	2.033e3
3783.5027	3.874e3
3784.2305	1.472e3
3785.1641	1.867e3
3785.4626	7.487e2
3786.1252	2.952e3
3786.7898	3.780e2
3787.0254	7.405e2
3787.8772	3.745e3
3788.3347	2.771e3
3788.7402	5.344e3
3789.6284	1.841e3
3790.3110	1.833e3
3790.8831	2.711e3
3791.5999	3.293e3
3792.0430	2.708e3
3792.4263	2.107e3
3792.9492	7.691e2
3793.4878	2.770e3
3793.8179	1.489e3
3794.2927	2.344e3
3794.9248	8.747e2
3795.1631	4.933e2
3795.6289	2.044e3
3796.2627	2.555e3
3796.9058	2.769e3
3797.3970	1.853e3
3797.8044	1.152e3
3798.3684	3.779e3
3798.7432	2.634e3
3799.0400	3.056e3
3799.5933	5.091e3
3799.8618	2.144e3
3800.4050	2.450e3
3800.9126	3.198e3
3801.2637	4.929e2
3801.6572	1.461e3
3802.2380	1.498e3
3802.8403	1.130e3
3803.4548	2.064e3
3804.2043	1.193e3
3804.6216	3.510e2
3804.9617	4.044e2
3805.2844	7.185e2
3805.8389	1.267e3
3806.2769	3.325e3
3806.7495	1.314e3
3807.1152	1.880e3
3807.3611	7.641e2
3807.6450	1.602e3
3807.9678	8.006e2
3808.4309	3.439e3
3808.8013	3.761e3
3809.3076	1.456e3
3809.7231	9.531e2
3810.2849	3.163e3
3810.8481	1.234e3
3811.1504	1.716e3
3811.7256	8.802e2
3812.2188	1.329e3
3812.7551	6.877e2
3813.1372	1.533e3
3813.5107	1.454e3
3813.9651	7.283e2
3814.5376	8.357e3
3815.0125	3.130e3
3815.5596	1.293e3
3815.9778	4.185e3
3816.5020	1.170e3
3816.7927	5.384e2
3817.2959	2.409e3
3817.6316	7.453e2
3818.4746	5.094e3
3819.1079	5.158e3
3819.5603	7.292e2
3819.8962	1.092e3
3820.3066	3.690e3
3820.8560	2.216e3
3821.2983	3.055e3
3821.8611	3.606e2
3822.3015	3.439e3
3823.3274	5.190e3
3823.5608	2.312e3
3823.9229	1.876e3
3824.2190	3.006e3
3824.8220	1.361e3
3825.2432	9.544e2
3825.9043	8.197e2
3826.3672	8.767e2
3826.5613	8.293e2
3827.2271	2.000e3
3827.5474	1.653e3
3827.9395	1.056e3
3828.4858	3.647e3
3829.0144	2.476e3
3829.6926	2.159e2
3830.1860	2.671e3
3830.8435	7.065e2
3831.2056	1.568e3
3831.9841	2.344e3
3832.3818	2.913e3
3832.6606	2.010e3
3833.2446	1.644e3
3833.5813	2.691e3
3834.2783	3.686e3
3834.9106	1.852e3
3835.5125	2.536e3
3835.9287	1.199e3
3836.2808	2.766e3
3836.9138	2.424e3
3837.2996	4.313e3
3838.3000	4.977e3
3838.9514	1.843e3
3839.3105	2.381e3
3839.5605	1.415e3
3840.2876	1.598e3
3841.0256	3.563e3
3841.3198	2.175e3
3841.8660	2.136e3
3842.4429	5.591e3
3843.0608	3.785e2
3843.5742	2.178e3
3844.0012	1.737e3
3844.4175	1.223e3
3844.9229	1.429e3
3845.4512	6.046e2
3846.3057	3.192e3
3846.7354	1.165e3
3847.0623	4.789e2
3847.4565	1.717e3
3848.3337	5.516e3
3848.6965	4.797e3
3849.2803	3.405e3
3849.7800	3.261e3
3850.3279	4.809e3
3850.6877	1.130e3
3850.9939	3.011e3
3851.3201	2.875e3
3851.6841	7.771e2
3851.9314	1.351e3
3852.3469	4.416e3
3852.9290	1.080e3
3853.3823	2.011e3
3853.8057	2.301e3
3854.3069	3.196e3
3854.6824	4.404e2
3855.3274	5.297e3
3855.5608	2.846e3
3856.4041	3.015e3
3856.8271	1.267e3
3857.3145	2.605e3
3858.3054	3.936e3
3858.8333	2.423e3
3859.3840	5.220e3
3859.7214	3.198e3
3860.2861	2.422e3
3860.8240	2.856e3
3861.3391	2.380e3
3862.3682	6.124e3
3862.6606	3.162e3
3863.3538	5.164e3
3863.9885	1.173e3
3864.3054	3.358e3
3864.8438	9.715e2
3865.2883	3.622e3
3865.7441	7.536e2
3866.3198	3.692e3
3866.7188	5.451e2
3867.3408	1.828e3
3867.5608	9.822e2
3867.9426	7.453e2
3868.4880	4.480e3
3868.8242	3.335e3
3869.3811	1.885e3
3869.7678	1.179e3
3870.1482	2.202e3
3870.5225	3.895e3
3870.9675	2.309e3
3871.4768	2.192e3
3871.7610	1.152e3
3872.3828	2.790e3
3872.8704	2.031e3
3873.4128	3.477e3
3873.8550	8.527e2
3874.2446	1.329e3
3874.7930	4.257e3
3875.3027	1.721e3
3875.9001	5.911e2
3876.2849	4.963e3
3876.7917	2.166e3
3877.3701	7.904e3
3877.9275	1.683e3
3878.3425	1.062e4
3878.8689	4.167e3
3879.3196	7.522e3
3879.8621	1.636e3
3880.3350	8.065e3
3880.9058	2.602e3
3881.3223	4.217e3
3881.7310	2.398e3
3882.2344	5.745e3
3883.2607	3.423e3
3883.6187	2.852e3
3884.3547	3.714e3
3885.0396	5.809e2
3885.7048	3.243e3
3886.2097	1.974e3
3886.7559	3.587e3
3887.2183	3.593e3
3888.0178	2.826e3
3888.2605	3.625e3
3889.0242	2.216e3
3889.7996	1.083e3
3890.3235	4.204e3
3890.8792	1.604e3
3891.4448	2.711e3
3891.9436	9.341e2
3892.4011	5.403e3
3892.8210	1.345e3
3893.3225	2.196e3
3893.8445	1.987e3
3894.3450	2.943e3
3894.9502	1.456e3
3895.3743	3.236e3
3895.7302	2.187e3
3896.4304	1.686e3
3896.7305	2.587e3
3897.2197	2.092e3
3897.5842	6.793e2
3897.8435	1.556e3
3898.3091	3.704e3
3898.5615	1.884e3
3898.8623	8.774e2
3899.2090	2.218e3
3899.6143	2.615e3
3900.1792	2.346e3
3901.0981	3.043e3
3901.7451	9.615e2
3902.2764	1.861e3
3902.6521	1.119e3
3903.4895	4.005e3
3904.3149	3.139e3
3904.7910	3.351e3
3905.3376	4.237e3
3905.9119	1.449e3
3906.3416	3.846e3
3906.8337	2.007e3
3907.3828	3.698e3
3908.1055	8.216e3
3908.3611	2.442e3
3908.8521	3.732e3
3909.2637	1.012e3
3909.5630	8.289e2
3910.3328	2.253e3
3910.7043	2.028e3
3911.1633	1.190e3
3911.4282	1.328e3
3911.7112	1.143e3
3911.9602	7.039e2
3912.4224	1.083e3
3912.7625	3.217e2
3913.0889	8.411e2
3913.4871	2.789e3
3913.9875	3.238e3
3914.2607	1.501e3
3914.6899	4.384e2
3914.9175	6.756e2
3915.3838	2.173e3
3915.6636	8.702e2
3916.3274	2.030e3
3916.7854	2.409e3
3917.3035	2.891e3
3918.1807	3.916e3
3918.4189	5.597e3
3918.9617	5.617e2
3919.4060	4.737e3
3919.9390	2.242e3
3920.3894	4.501e3
3920.8923	1.061e3
3921.3613	3.567e3
3921.9836	1.506e3
3922.3918	6.086e3
3922.7632	1.064e3
3923.3455	3.287e3
3923.5613	2.133e3
3924.0327	1.031e3
3924.4070	1.548e3
3924.9270	2.040e3
3925.2981	2.686e3
3925.5630	1.006e3
3926.0515	3.088e3
3926.4954	2.399e3
3927.1309	2.449e3
3927.4607	9.617e2
3927.8623	7.320e2
3928.5854	5.110e3
3928.9968	4.584e2
3929.3606	2.329e3
3930.2422	3.170e3
3930.8950	1.831e3
3931.3335	2.207e3
3931.6895	5.327e2
3931.9998	1.798e3
3932.2952	4.980e3
3932.9778	3.226e3
3933.3464	4.887e3
3933.9241	2.837e3
3934.4011	6.384e3
3934.9124	1.646e3
3935.3374	4.136e3
3935.8862	2.527e3
3936.3169	3.206e3
3936.8770	2.499e3
3937.3127	2.398e3
3937.7002	1.336e3
3938.4573	5.769e3
3939.2791	2.933e3
3939.5615	1.353e3
3939.9460	1.454e3
3940.4397	4.848e3
3940.9465	1.372e3
3941.2266	2.308e3
3941.8823	2.263e3
3942.2095	2.357e3
3942.6272	3.948e3
3943.3091	3.535e3
3943.7144	1.856e3
3944.3267	1.564e3
3944.7144	2.491e3
3945.3069	2.218e3
3945.7422	7.661e2
3946.2830	5.481e3
3946.6604	2.220e3
3947.4468	4.464e3
3947.8206	2.846e3
3948.3965	7.294e3
3948.9495	2.010e3
3949.3979	8.242e3
3949.9902	2.607e3
3950.3850	9.615e3
3950.7104	2.597e3
3951.3879	6.368e3
3951.6624	1.193e3
3951.9604	5.370e2
3952.4070	5.950e3
3952.7622	8.399e2
3953.3535	7.503e3
3953.9294	1.572e3
3954.4336	5.512e3
3954.9619	8.269e2
3955.3943	1.575e3
3956.0276	4.857e3
3956.7419	1.359e3
3957.4163	2.364e3
3957.9131	5.587e2
3958.4944	8.932e3
3959.4495	5.091e3
3960.4146	5.302e3
3960.9329	1.030e3
3961.3806	4.457e3
3961.9768	7.980e2
3962.3774	3.753e3
3962.9265	2.322e3
3963.3989	7.233e3
3964.3914	1.058e4
3964.8994	2.025e3
3965.3901	6.123e3
3965.7361	3.707e3
3966.3948	6.364e3
3966.6619	9.647e2
3967.2913	9.917e3
3968.0132	2.329e3
3968.5054	8.013e3
3969.0471	2.036e3
3969.4641	5.322e3
3970.0283	5.061e3
3970.3467	3.341e3
3970.7673	1.024e3
3970.9624	6.990e2
3971.3384	3.408e3
3971.7734	6.475e2
3972.3511	2.871e3
3972.7952	1.044e3
3973.4519	5.181e3
3974.3459	6.382e3
3974.8213	1.826e3
3975.3972	5.550e3
3976.3643	7.210e3
3976.9309	1.627e3
3977.3672	6.002e3
3977.8979	1.001e3
3978.3928	8.626e3
3978.9524	1.970e3
3979.3904	6.479e3
3979.8274	1.389e3
3980.3928	5.367e3
3980.9316	4.623e3
3981.3828	7.449e3
3981.9890	2.273e3
3982.3142	6.428e3
3982.9844	1.044e3
3983.3311	3.196e3
3983.7239	1.880e3
3983.9609	1.451e3
3984.3411	1.712e3
3984.9214	1.921e3
3985.3999	7.052e3
3985.9158	1.661e3
3986.3591	2.989e3
3986.6887	4.928e3
3987.3867	2.257e3
3987.6982	5.005e2
3988.3125	1.031e4
3989.4211	1.324e4
3989.9238	3.156e3
3990.3931	1.112e4
3990.9309	3.384e3
3991.4009	3.323e4
3991.8865	2.560e3
3992.4036	5.547e4
3992.8616	1.123e3
3993.4058	5.836e4
3993.8335	3.086e3
3994.4031	4.756e4
3994.7615	2.929e3
3995.4058	3.099e4
3995.9060	2.287e3
3996.4146	1.691e4
3996.9189	2.241e3
3997.4124	8.444e3
3997.9351	1.708e3
3998.4038	5.501e3
3998.8804	1.700e3
3999.3735	6.422e3
4000.4004	4.076e3
4000.6604	2.233e3
4001.3501	3.915e3
4001.9089	1.750e3
4002.4111	6.123e3
4002.9202	2.089e3
4003.5293	1.191e4
4004.3699	8.300e3
4004.9001	2.969e3
4005.4167	2.364e5
4005.8647	4.988e3
4006.4189	4.815e5
4006.8650	4.821e3
4007.4209	5.342e5
4007.8655	6.037e3
4008.4214	4.282e5
4008.9185	7.556e3
4009.4224	2.620e5
4009.9734	5.676e3
4010.4238	1.348e5
4010.8950	4.550e3
4011.4280	5.791e4
4011.9788	3.748e3
4012.4404	2.454e4
4013.0251	3.449e3
4013.4260	1.184e4
4013.9004	4.804e3
4014.4148	8.211e3
4014.8364	2.994e3
4015.3643	5.984e3
4016.3152	8.201e3
4016.9604	1.505e3
4017.4429	5.347e3
4017.9482	1.205e3
4018.4038	6.067e3
4019.0178	4.119e3
4019.4148	1.046e4
4019.9768	2.902e3
4020.4116	1.622e4
4020.9490	1.263e3
4021.4285	1.963e4
4021.8333	1.988e3
4022.4138	2.008e4
4022.7769	8.895e2
4023.0510	1.947e3
4023.4104	1.674e4
4023.9287	2.758e3
4024.4192	1.122e4
4024.8440	1.662e3
4025.3921	8.859e3
4025.8999	1.548e3
4026.4019	6.779e3
4026.7161	2.166e3
4027.4077	8.760e3
4027.9141	8.879e2
4028.3989	1.062e4
4029.3887	8.294e3
4029.7986	1.789e3
4030.3977	1.284e4
4030.6606	4.231e3
4031.3911	9.398e3
4032.0811	2.030e3
4032.3818	5.167e3
4033.0352	2.767e3
4033.4028	1.027e4
4033.9167	1.312e3
4034.4097	1.709e4
4034.8826	1.026e3
4035.4160	1.634e4
4035.8813	2.586e3
4036.4351	1.576e4
4037.3987	1.327e4
4038.0454	1.870e3
4038.4092	1.249e4
4038.8831	2.564e3
4039.4089	1.031e4
4039.8174	2.436e3
4040.3879	7.243e3
4040.7683	1.743e3
4041.3784	7.715e3
4041.8220	1.776e3
4042.4080	7.539e3
4042.8616	1.152e3
4043.3984	1.040e4
4043.8618	1.050e3
4044.3762	1.452e4
4044.9692	2.254e3
4045.3777	1.583e4
4045.9119	8.730e2
4046.4465	2.075e4
4047.3967	1.363e4
4048.4111	2.265e4
4048.9292	1.810e3
4049.4326	2.236e4
4049.9285	1.018e3
4050.4109	1.689e4
4051.0681	5.001e3
4051.4097	1.524e4
4051.8845	2.818e3
4052.4160	1.108e4
4052.9717	1.027e3
4053.4089	6.898e3
4053.9780	1.247e3
4054.3848	5.472e3
4054.7627	1.060e3
4055.3855	4.715e3
4055.7285	1.263e3
4056.3835	3.727e3
4056.9194	1.729e3
4057.3611	3.914e3
4057.8142	3.039e3
4058.3484	9.117e3
4058.8215	2.864e3
4059.3484	1.192e4
4060.3467	1.644e4
4060.7292	2.200e3
4061.3538	1.501e4
4061.7329	2.548e3
4062.3872	1.584e4
4062.8772	1.708e3
4063.4495	2.223e4
4064.4060	1.921e4
4065.4160	1.425e4
4065.9148	3.585e3
4066.4358	1.449e4
4067.4519	1.185e4
4068.2556	1.130e4
4068.4602	6.804e3
4068.9685	2.341e3
4069.4026	1.073e4
4069.9907	8.154e2
4070.4346	1.399e4
4070.9280	2.714e3
4071.4006	7.863e3
4071.8862	1.695e3
4072.4170	1.239e4
4072.9614	9.165e2
4073.4182	9.709e3
4074.4116	5.828e3
4074.7607	2.232e3
4075.4160	6.191e3
4075.9001	1.969e3
4076.4441	1.056e4
4077.4351	1.133e4
4077.7605	7.883e2
4078.0479	1.309e3
4078.4448	1.526e4
4078.9045	2.514e3
4079.4380	1.541e4
4079.7915	1.489e3
4080.4014	1.629e4
4081.4150	9.123e3
4081.8367	1.837e3
4082.4021	6.568e3
4083.4050	6.738e3
4083.7871	3.869e3
4084.3862	5.248e3
4084.9299	1.789e3
4085.3984	6.568e3
4086.3884	9.655e3
4086.9050	2.256e3
4087.3982	7.643e3
4087.9258	1.125e3
4088.4241	9.678e3
4088.9216	1.708e3
4089.4016	7.259e3
4089.9485	2.106e3
4090.4063	1.098e4
4090.9294	1.364e3
4091.4131	1.110e4
4092.4128	9.542e3
4093.3557	1.296e4
4093.8635	2.193e3
4094.4172	1.030e4
4094.8616	1.334e3
4095.3884	7.602e3
4095.9219	2.423e3
4096.3877	8.514e3
4096.9053	1.681e3
4097.3809	1.036e4
4097.8877	7.546e2
4098.3643	9.142e3
4099.3755	5.778e3
4100.3569	6.307e3
4100.8940	8.970e2
4101.4238	7.235e3
4101.9600	1.778e3
4102.4004	9.598e3
4102.8125	3.589e3
4103.4331	2.531e4
4103.9258	1.494e3
4104.3965	3.008e4
4104.9370	9.086e2
4105.3989	3.201e4
4105.9180	9.687e2
4106.3975	3.007e4
4106.8447	1.735e3
4107.3892	2.385e4
4107.8838	2.457e3
4108.3931	2.001e4
4108.7622	1.765e3
4109.3945	1.296e4
4110.3867	8.948e3
4110.9287	2.358e3
4111.3789	7.176e3
4111.8618	1.865e3
4112.3955	5.487e3
4112.8813	2.465e3
4113.3838	4.127e3
4113.8389	1.729e3
4114.3638	5.367e3
4114.7612	8.902e2
4115.4336	6.058e3
4115.9653	8.391e2
4116.4414	5.924e3
4117.4736	8.063e3
4118.4473	1.089e4
4119.0503	1.657e3
4119.4585	5.322e3
4119.8154	1.353e3
4120.4282	8.859e3
4121.4302	8.159e3
4121.8843	5.060e2
4122.4346	7.564e3
4122.9609	1.062e3
4123.3721	6.728e3
4123.8896	2.580e3
4124.3452	4.790e3
4124.8848	3.441e2
4125.3672	5.615e3
4125.9692	1.561e3
4126.3965	9.587e3
4127.3672	8.215e3
4127.8906	2.357e3
4128.3979	1.102e4
4128.8994	4.970e3
4129.3999	1.238e4
4129.9160	1.148e3
4130.4409	9.827e3
4131.4126	8.377e3
4132.3633	7.192e3
4132.8755	6.495e2
4133.4116	6.578e3
4133.8511	1.710e3
4134.4209	8.542e3
4135.4165	8.872e3
4135.9136	1.211e3
4136.4458	5.943e3
4136.9277	1.110e3
4137.4419	5.414e3
4137.9751	1.762e3
4138.4243	8.591e3
4138.7632	3.891e3
4139.3677	5.205e3
4139.8643	1.145e3
4140.3691	4.862e3
4141.3716	6.980e3
4141.8120	1.186e3
4142.3462	1.425e4
4143.3760	1.632e4
4144.3794	1.223e4
4144.9854	1.909e3
4145.3774	1.091e4
4145.9590	7.681e2
4146.3950	8.945e3
4147.3867	9.896e3
4147.9121	2.256e3
4148.3994	1.403e4
4148.9941	1.263e3
4149.3691	9.445e3
4150.0854	3.868e3
4150.3262	7.002e3
4150.7197	3.628e3
4151.4561	1.143e4
4152.3774	5.163e3
4153.1890	8.378e3
4153.6616	1.562e3
4154.4731	6.416e3
4154.9648	8.721e2
4155.3433	3.733e3
4155.9990	2.136e3
4156.3286	6.816e3
4156.8276	2.652e3
4157.4038	9.524e3
4157.8872	1.147e3
4158.3340	1.193e4
4158.7822	5.414e3
4159.3159	9.102e3
4159.9766	3.236e3
4160.3706	1.070e4
4160.9961	1.091e3
4161.3896	7.707e3
4161.9331	1.768e3
4162.4424	1.007e4
4163.4209	8.550e3
4163.9927	9.326e2
4164.4399	5.532e3
4165.3936	5.706e3
4166.4180	8.809e3
4167.3701	5.174e3
4167.8481	1.870e3
4168.3779	7.735e3
4168.9771	9.259e2
4169.3579	6.192e3
4169.7603	8.614e2
4170.3604	7.944e3
4170.8354	1.256e3
4171.3970	8.289e3
4171.9253	1.324e3
4172.4155	1.103e4
4173.4268	1.272e4
4174.0474	2.754e3
4174.4150	1.136e4
4175.4102	1.117e4
4175.7637	9.079e2
4176.4121	5.598e3
4177.0000	1.175e3
4177.4014	5.829e3
4178.0947	1.632e3
4178.4351	7.544e3
4179.0254	3.028e3
4179.3740	4.767e3
4180.3130	6.861e3
4180.9331	1.163e3
4181.3853	4.955e3
4181.8633	8.505e2
4182.3486	5.596e3
4183.3672	6.704e3
4183.8667	3.001e3
4184.3145	5.442e3
4184.8638	4.648e2
4185.3833	4.530e3
4186.3369	7.337e3
4187.3667	5.244e3
4187.8608	4.855e2
4188.3428	4.772e3
4188.9004	2.968e3
4189.3994	6.207e3
4190.2031	8.955e3
4190.8042	2.317e3
4191.3330	4.557e3
4192.3423	1.218e4
4193.3442	9.567e3
4194.3281	6.417e3
4195.3042	5.489e3
4196.3452	4.597e3
4196.8530	1.140e3
4197.2949	4.573e3
4198.3721	8.614e3
4199.3477	3.889e3
4199.7749	3.272e3
4200.4351	4.950e3
4200.9292	1.557e3
4201.3799	5.789e3
4201.8271	1.942e3
4202.3579	7.588e3
4202.9761	6.839e2
4203.3555	5.666e3
4203.8203	1.301e3
4204.3647	5.830e3
4204.8755	1.824e3
4205.3613	7.336e3
4205.9419	1.214e3
4206.3623	6.604e3
4207.3364	5.961e3
4207.9409	2.122e3
4208.3892	5.127e3
4209.2900	3.854e3
4210.3521	5.522e3
4210.9380	3.184e3
4211.3306	3.718e3
4211.7002	3.587e3
4212.3345	4.547e3
4212.8350	9.022e2
4213.3257	5.256e3
4214.2534	7.944e3
4214.8438	1.483e3
4215.3066	3.879e3
4216.4272	6.216e3
4216.9473	6.919e2
4217.2974	1.611e3
4217.5605	5.072e2
4218.3242	4.250e3
4218.8096	2.008e3
4219.3628	3.765e3
4219.6606	1.373e3
4220.3062	2.573e3
4220.8853	1.550e2
4221.3105	2.200e3
4222.1978	5.517e3
4222.5200	3.923e3
4222.8604	2.006e3
4223.3242	4.094e3
4223.6230	4.666e3
4224.3154	5.627e3
4224.9707	1.241e3
4225.3384	4.331e3
4225.8887	7.224e2
4226.3638	7.522e3
4227.3252	4.062e3
4227.9565	3.143e3
4228.3667	8.742e3
4228.8613	1.702e3
4229.3921	5.828e3
4230.3442	6.047e3
4231.3345	4.271e3
4232.3730	3.864e3
4233.3403	5.023e3
4233.7202	2.201e3
4234.3301	7.165e3
4235.3730	3.712e3
4236.3750	3.216e3
4236.9985	4.436e2
4237.3350	2.870e3
4237.7280	2.559e3
4238.2944	2.828e3
4238.5508	5.737e3
4239.2910	5.635e3
4239.9741	2.327e3
4240.3062	5.360e3
4240.8135	2.100e3
4241.3584	5.475e3
4242.3472	5.823e3
4243.3359	5.946e3
4244.3057	5.566e3
4245.3433	4.212e3
4245.9883	1.714e3
4246.3291	6.018e3
4246.8804	1.980e3
4247.3550	4.866e3
4247.5620	3.578e3
4248.3208	7.400e3
4249.1455	8.420e3
4249.7612	1.346e3
4250.4160	5.565e3
4251.3115	5.094e3
4252.0366	1.777e3
4252.3784	2.640e3
4252.8188	1.015e3
4253.4595	4.737e3
4254.3691	6.449e3
4255.2827	8.207e3
4255.8350	1.101e3
4256.3584	5.386e3
4257.3628	4.554e3
4258.2681	9.694e3
4259.4019	8.310e3
4260.3081	3.208e3
4260.6616	1.737e3
4261.2627	4.493e3
4262.2739	2.999e3
4262.5220	3.021e3
4263.2808	3.564e3
4263.7905	1.161e3
4264.3223	4.098e3
4264.9360	1.508e3
4265.2871	3.332e3
4266.3735	4.626e3
4266.8252	1.134e3
4267.3540	4.737e3
4268.3901	6.253e3
4268.8638	1.004e3
4269.3164	3.179e3
4270.0439	4.274e3
4270.4209	7.959e3
4271.4585	9.827e3
4271.9521	7.137e2
4272.4277	4.721e3
4272.9688	3.338e3
4273.3296	4.349e3
4273.9980	1.108e3
4274.4399	5.007e3
4275.3350	2.635e3
4275.9292	1.016e3
4276.3472	3.091e3
4277.2202	3.020e3
4277.6870	1.533e3
4278.3506	5.824e3
4279.2119	5.607e3
4280.4380	4.904e3
4281.2813	2.301e3
4281.6240	1.025e3
4282.3110	6.736e3
4282.9185	4.387e3
4283.2334	4.999e3
4284.2739	3.242e3
4284.8154	1.146e3
4285.3120	3.178e3
4285.6616	9.091e2
4286.3389	3.046e3
4287.2969	2.204e3
4288.2041	4.853e3
4288.5220	4.707e3
4289.3315	4.486e3
4289.8862	2.519e2
4290.3057	3.591e3
4290.8281	7.444e2
4291.3062	2.303e3
4292.3057	4.765e3
4293.2329	4.306e3
4293.8599	2.426e3
4294.2490	4.812e3
4294.6333	2.949e3
4295.2227	3.819e3
4295.4604	1.480e3
4295.8770	6.926e2
4296.2939	3.584e3
4296.6626	9.083e2
4297.2358	3.646e3
4298.4087	4.652e3
4299.3516	4.558e3
4300.3354	5.319e3
4301.2896	3.842e3
4302.3950	5.385e3
4303.3184	5.914e3
4304.3774	2.790e3
4304.5601	1.383e3
4305.2480	2.519e3
4305.8540	1.299e3
4306.4033	4.588e3
4307.3125	3.437e3
4308.3872	4.562e3
4309.2803	3.837e3
4309.7979	2.418e3
4310.4443	8.468e3
4310.9243	2.478e3
4311.3115	3.738e3
4312.3750	5.536e3
4313.1909	4.269e3
4314.2520	3.816e3
4314.6289	3.378e3
4315.2217	1.788e3
4315.9873	1.454e3
4316.2881	2.259e3
4316.5610	9.945e2
4317.3101	3.299e3
4317.8120	1.708e3
4318.4404	6.987e3
4319.2241	2.958e3
4319.7207	1.140e3
4320.3457	2.884e3
4320.7598	1.656e3
4321.2925	4.413e3
4321.8042	2.454e3
4322.4106	4.336e3
4322.9482	1.328e3
4323.3701	3.658e3
4324.2700	4.053e3
4324.7710	6.632e2
4325.3618	3.694e3
4326.3179	4.621e3
4326.8628	5.469e2
4327.3330	3.362e3
4327.7598	1.612e3
4328.3379	3.976e3
4328.8076	2.902e3
4329.3193	1.974e3
4330.3101	4.463e3
4331.2686	3.602e3
4331.9185	2.375e3
4332.4243	3.308e3
4332.9414	2.866e3
4333.3271	3.041e3
4334.0908	2.633e3
4334.5361	1.553e3
4335.1465	2.685e3
4335.6255	8.028e2
4336.2446	2.206e3
4336.7354	1.559e3
4337.2876	3.273e3
4338.3745	7.634e3
4338.9238	1.546e3
4339.3418	7.808e2
4339.7207	1.232e3
4340.3086	3.454e3
4341.3135	1.893e3
4341.7886	4.517e2
4342.2505	2.693e3
4342.9038	2.121e3
4343.5527	5.268e3
4344.3062	2.272e3
4344.5615	8.831e2
4344.9976	1.440e3
4345.2139	3.573e3
4345.9063	2.722e3
4346.3394	3.375e3
4346.7627	1.117e3
4347.2900	2.127e3
4347.7314	3.191e3
4348.3970	4.667e3
4349.3057	4.682e3
4350.1899	2.859e3
4350.8257	2.016e3
4351.2900	2.767e3
4352.3237	1.593e3
4353.2363	2.996e3
4353.7778	7.098e2
4354.3486	3.929e3
4354.8442	4.567e3
4355.2783	2.139e3
4355.8721	8.357e2
4356.2563	3.049e3
4357.2163	1.480e3
4357.5957	3.884e2
4357.9678	2.791e3
4358.1616	1.530e3
4358.4897	3.689e3
4358.8677	4.164e3
4359.2305	1.976e3
4360.0688	4.919e3
4360.6201	1.066e3
4361.2739	3.528e3
4361.8813	6.472e2
4362.2534	1.781e3
4362.7036	1.453e3
4363.2593	3.878e3
4364.2881	3.187e3
4364.5620	1.163e3
4365.2896	2.823e3
4365.8623	1.290e3
4366.2964	5.549e3
4367.2588	2.242e3
4367.6284	3.437e3
4368.2368	4.867e3
4368.7163	1.717e3
4369.3506	2.234e3
4369.9023	3.110e3
4370.5894	3.086e3
4370.9380	2.615e3
4372.2285	3.401e3
4372.6396	1.286e3
4373.3281	3.041e3
4373.7290	1.139e3
4374.2339	3.160e3
4374.8101	5.822e2
4375.2798	1.966e3
4376.3677	1.832e3
4377.1304	1.064e3
4377.8755	1.857e3
4378.2070	2.625e3
4378.4614	1.421e3
4378.9429	6.657e2
4379.4961	3.766e3
4380.2373	2.815e3
4381.2441	3.961e3
4381.7144	2.606e3
4382.2456	2.528e3
4382.5137	1.978e3
4383.2935	2.678e3
4384.2070	3.182e3
4384.8457	4.506e2
4385.2852	1.441e3
4386.2529	9.053e2
4387.2827	2.344e3
4387.7129	4.722e2
4388.2769	2.209e3
4389.2598	1.297e3
4390.1396	3.691e3
4390.4971	3.365e3
4391.1250	2.471e3
4391.4385	1.593e3
4392.2280	2.574e3
4392.8833	1.213e3
4393.3008	2.154e3
4393.6606	1.794e2
4394.3877	3.910e3
4395.2231	1.818e3
4396.3296	2.887e3
4396.8828	1.016e3
4397.2061	2.010e3
4397.7690	8.234e2
4398.4575	4.649e3
4399.2583	4.822e3
4399.9673	9.794e2
4400.4141	2.007e3
4401.1353	2.248e3
4401.4673	1.215e3
4401.7676	1.426e3
4402.1260	3.050e3
4402.5112	1.919e3
4403.3066	3.430e3
4403.7295	1.540e3
4404.2212	1.542e3
4405.2144	1.813e3
4405.8267	9.960e2
4406.2183	2.257e2
4406.7334	6.431e2
4407.1216	5.643e2
4407.5220	1.275e3
4408.2915	4.705e3
4409.1602	4.219e3
4409.8223	1.204e3
4410.3120	2.440e3
4410.7202	1.079e3
4411.2720	6.883e2
4411.7969	8.689e2
4412.2563	9.024e2
4413.2861	2.001e3
4414.2441	2.370e3
4415.2842	2.694e3
4416.1553	1.886e2
4416.5815	6.174e2
4417.2432	1.094e3
4417.6167	1.532e3
4418.4063	4.519e3
4419.4912	3.137e3
4420.3179	4.681e3
4420.6621	1.721e3
4421.1543	7.563e2
4421.4517	1.128e3
4421.7373	1.608e3
4422.3076	3.446e3
4423.1289	4.582e3
4423.6104	2.707e2
4424.3135	7.293e2
4424.9663	4.874e2
4425.2695	9.420e2
4425.9873	7.088e2
4426.3940	2.030e2
4426.7173	2.424e3
4427.1211	1.426e3
4427.6108	4.836e2
4428.3442	6.715e3
4429.3438	2.420e3
4429.9297	2.825e3
4430.2271	3.298e3
4430.5918	9.499e2
4430.9824	5.056e3
4431.5591	4.353e3
4432.0249	1.623e3
4432.4424	1.498e3
4433.1934	1.461e3
4433.7720	1.300e3
4434.1509	5.460e2
4434.9097	2.234e3
4435.1626	6.310e2
4435.8750	1.597e3
4436.2163	2.112e3
4437.1689	4.165e3
4438.2329	2.668e3
4438.7114	1.171e3
4439.2070	1.053e3
4439.4790	3.688e2
4439.8540	1.016e3
4440.1719	1.490e3
4440.7886	7.079e2
4441.2314	9.840e2
4441.5200	6.604e2
4442.1172	1.445e3
4442.5415	2.120e3
4443.0786	8.589e3
4443.6992	3.898e2
4444.2925	3.043e3
4444.8555	5.859e2
4445.2817	1.321e3
4445.7266	9.353e2
4446.1606	2.376e3
4447.1992	2.409e3
4448.1953	9.286e2
4448.7280	1.735e0
4449.2900	1.103e3
4449.8540	9.262e2
4450.0625	6.517e2
4450.5088	1.754e3
4451.5625	1.966e3
4452.2710	5.838e2
4452.7397	3.085e3
4453.0566	4.420e3
4453.8032	4.994e3
4454.2549	2.141e3
4454.9775	3.395e3
4455.4653	1.363e2
4456.0288	3.002e3
4456.7334	5.431e2
4457.2007	2.789e3
4457.7612	2.109e3
4458.2251	1.857e3
4458.7993	1.562e3
4459.2490	1.732e3
4460.2290	1.637e3
4460.8687	4.641e2
4461.2310	9.724e2
4461.8711	7.325e2
4462.2910	1.865e3
4462.5630	8.767e2
4463.2896	1.648e3
4463.7134	1.226e3
4464.1860	2.141e3
4464.5630	6.482e2
4465.1934	1.265e3
4466.4399	1.874e3
4467.0972	2.405e3
4467.8247	1.529e3
4468.2793	4.219e3
4468.7632	7.453e2
4469.1128	3.889e2
4469.5190	6.970e2
4470.1455	9.578e2
4470.6772	9.052e2
4471.1274	2.153e3
4471.5420	1.483e3
4471.8359	1.511e3
4472.1616	7.781e2
4473.2046	2.827e3
4474.5493	2.378e3
4474.8745	2.010e3
4475.3467	9.450e2
4475.8408	3.289e2
4476.1284	4.667e2
4477.1704	6.770e2
4477.4111	6.699e2
4478.0684	2.967e3
4478.8296	4.564e3
4479.1636	1.162e3
4480.3384	2.703e3
4480.7319	1.217e3
4481.2300	1.228e3
4481.7129	3.367e3
4482.1123	1.148e3
4482.6587	3.118e3
4483.1382	1.259e3
4484.1841	1.133e2
4484.7402	8.310e2
4485.3364	1.033e3
4486.1782	6.482e3
4487.0444	1.203e3
4487.3228	7.520e2
4488.2319	2.181e3
4488.6855	1.320e3
4489.2720	3.057e3
4490.2002	3.678e3
4490.7222	1.799e3
4491.2012	7.985e2
4491.5396	5.403e2
4492.1865	2.486e3
4492.7900	1.996e3
4493.2339	2.000e3
4494.0791	4.366e2
4494.4951	1.192e3
4495.0566	7.843e2
4495.3442	9.041e2
4496.3164	7.223e2
4496.6992	3.967e2
4497.1660	1.229e3
4497.8115	1.869e3
4498.2378	3.961e3
4498.6167	3.771e3
4499.3423	8.363e2
4499.7764	1.184e3
