3500.0701	2.189e2
3500.5593	1.778e2
3500.9006	5.601e2
3501.3376	4.961e2
3501.9773	1.653e3
3502.4402	6.625e2
3502.8320	1.291e3
3503.3127	1.840e3
3504.1125	6.586e2
3504.7312	8.990e2
3505.1252	1.140e3
3505.6306	9.483e2
3506.0732	1.776e3
3506.5083	9.564e2
3506.9985	1.604e3
3507.8069	8.362e2
3508.3247	1.474e3
3508.7051	2.338e3
3509.1433	8.960e2
3509.6646	8.464e2
3510.1929	3.134e3
3510.8887	3.871e3
3511.2209	1.143e3
3512.0508	2.312e3
3512.4380	2.019e3
3513.2437	1.763e3
3513.6206	9.089e2
3514.0188	3.373e2
3514.5928	2.215e3
3515.2192	6.338e2
3515.7117	1.170e3
3516.1841	1.051e3
3517.0796	4.595e2
3517.6765	1.338e3
3518.3826	1.813e3
3518.8054	2.017e3
3519.1157	7.442e2
3519.4907	2.114e2
3519.8047	1.281e3
3520.3494	1.587e3
3520.7227	5.929e2
3521.2102	2.062e3
3521.4639	1.104e3
3522.1372	2.105e3
3522.4307	1.426e3
3523.1382	2.748e3
3524.1479	3.217e3
3524.7241	5.302e2
3525.2024	8.448e2
3525.6919	1.031e3
3526.2163	2.017e3
3526.5862	2.384e3
3526.9927	2.535e3
3527.6160	6.478e2
3527.9680	2.109e2
3528.3220	1.257e3
3528.5618	9.042e2
3529.0718	3.320e2
3529.4241	9.373e2
3529.8083	1.626e3
3530.1353	1.270e3
3530.5369	1.169e3
3531.0508	1.143e3
3531.2607	6.097e2
3531.6853	2.922e2
3532.1931	5.845e2
3532.8677	6.786e2
3533.1560	6.288e2
3533.5664	1.202e3
3533.8633	4.350e2
3534.4900	1.784e3
3534.9888	7.007e2
3535.4248	2.420e3
3535.7180	1.203e3
3536.1038	1.576e3
3536.8767	1.274e3
3537.8215	1.406e3
3538.7610	3.125e3
3539.1152	1.451e3
3539.6860	9.816e2
3540.2810	2.297e3
3540.9543	9.182e2
3541.5654	7.973e2
3541.9175	1.121e3
3542.7991	4.562e3
3543.7224	1.011e3
3544.1453	1.225e3
3544.4644	9.697e2
3545.3271	1.621e3
3546.0110	6.328e2
3546.7124	9.170e2
3547.0249	9.084e2
3547.8887	3.036e3
3548.3621	4.591e2
3548.8745	4.273e3
3549.1626	1.189e3
3549.7258	1.662e3
3550.1506	6.736e2
3550.5859	2.951e2
3551.1116	1.927e3
3552.1907	1.104e3
3552.7671	1.350e3
3553.5239	3.081e3
3553.7610	9.576e2
3554.2351	2.520e3
3555.1860	1.632e3
3556.1372	1.123e3
3556.8457	9.803e2
3557.5840	3.623e1
3558.1145	1.029e3
3558.5039	2.615e3
3559.0002	2.128e3
3559.4839	8.845e2
3559.7639	7.147e2
3560.4033	5.447e2
3560.8660	9.864e2
3561.2305	9.198e2
3561.7532	5.260e2
3562.1975	2.678e3
3562.7485	1.764e3
3563.0674	1.139e3
3563.4358	6.561e2
3564.0002	3.123e3
3564.2629	7.339e2
3564.8201	1.574e3
3565.1948	1.429e3
3565.6853	2.916e2
3566.0505	1.014e3
3566.5977	8.484e2
3566.9456	3.444e3
3567.7727	1.134e3
3568.3489	1.332e3
3568.5979	6.730e2
3568.8989	2.067e3
3569.1626	9.417e2
3569.4617	7.890e2
3570.4519	2.346e3
3571.2075	1.117e3
3571.6370	1.467e3
3571.9856	2.053e3
3572.8167	3.612e2
3573.2273	5.395e2
3573.7273	6.294e2
3574.0344	5.550e2
3574.7012	1.897e3
3575.0398	1.718e3
3575.4316	1.273e3
3575.8206	1.308e3
3576.3152	1.180e3
3576.8923	7.915e2
3577.1611	2.281e2
3577.7234	8.905e2
3578.1768	8.747e2
3578.6455	3.501e2
3579.0510	6.314e2
3579.2615	4.037e2
3579.6831	7.994e2
3580.0701	9.659e2
3580.3733	2.128e3
3580.9087	1.851e3
3581.1609	9.551e2
3581.4612	5.165e2
3582.2168	1.678e3
3582.6421	7.016e2
3583.3291	2.936e3
3583.9629	1.696e3
3584.7510	1.001e3
3585.2585	4.405e2
3585.6709	3.089e2
3586.0933	1.558e3
3586.5396	3.086e2
3587.0815	1.274e3
3587.7261	1.365e2
3588.3633	6.716e2
3588.7161	2.483e3
3589.1299	1.236e3
3589.6907	1.508e3
3590.0205	1.456e3
3590.4187	1.024e3
3590.8464	8.209e2
3591.4077	1.453e3
3592.1948	4.564e2
3592.7527	4.495e2
3593.1519	3.551e2
3593.5181	3.769e2
3594.1118	4.292e2
3594.5344	5.570e2
3595.1365	4.681e2
3595.5046	1.037e3
3596.1082	2.994e3
3596.8083	7.805e2
3597.1807	4.631e2
3597.7849	3.686e2
3598.1294	1.755e3
3598.6501	3.120e3
3599.0769	1.638e3
3599.4187	1.072e3
3600.1406	2.653e3
3600.6460	9.984e2
3600.8640	8.834e2
3601.2422	1.065e3
3601.7732	1.107e3
3602.1101	2.312e3
3602.5549	4.231e2
3602.7617	2.755e2
3603.3186	1.164e3
3604.1321	1.558e3
3604.5149	8.791e2
3604.9124	4.089e2
3605.8867	4.131e2
3606.3074	9.051e1
3606.7285	4.344e2
3607.3325	1.491e3
3608.0576	1.709e3
3608.7974	5.930e2
3609.3552	5.883e2
3609.7290	1.014e3
3610.1580	8.150e2
3610.6387	2.075e3
3611.1504	1.243e3
3611.3611	7.269e2
3611.8948	9.563e2
3612.2981	1.212e3
3612.8154	4.368e2
3613.5872	1.767e3
3614.1523	1.976e3
3614.7483	1.010e3
3615.3040	9.431e2
3616.2844	1.855e3
3616.7546	5.303e2
3617.5315	2.468e3
3618.0503	8.581e2
3618.3855	1.084e3
3618.6379	1.704e3
3619.0178	1.416e3
3619.5183	5.190e2
3620.0532	1.900e3
3620.5247	7.696e2
3621.0642	8.425e2
3621.4673	1.882e2
3622.1790	1.843e3
3622.6101	1.396e3
3623.1265	1.673e3
3623.5063	1.708e3
3624.2209	2.998e3
3625.2847	3.143e3
3625.6638	1.044e2
3626.2273	1.697e3
3626.9106	1.512e3
3627.2173	1.173e3
3627.6685	2.042e2
3628.0847	1.362e3
3628.4192	1.110e3
3628.9924	1.497e3
3629.4182	1.503e2
3629.8098	4.214e2
3630.2385	4.499e2
3630.8848	2.079e3
3631.8452	1.098e3
3632.0605	4.246e2
3632.8066	3.053e2
3633.4551	1.542e3
3634.3298	1.633e3
3635.1091	2.345e3
3635.8801	4.042e2
3636.2322	1.761e3
3636.7659	9.433e2
3637.1277	1.821e3
3637.7527	6.484e2
3638.1914	2.826e3
3638.7373	1.277e3
3639.1565	2.819e3
3639.5867	1.580e3
3640.2224	1.180e3
3640.8206	1.336e3
3641.1404	6.229e2
3641.7473	2.049e2
3642.0503	2.134e2
3642.6108	5.494e1
3643.6694	9.828e2
3643.9805	1.448e3
3644.9490	1.275e2
3645.2983	2.786e2
3645.7771	6.463e2
3646.1965	1.728e2
3646.5112	8.524e2
3647.0269	4.571e2
3647.7800	1.331e3
3648.3743	1.681e3
3648.7153	5.062e2
3649.1948	1.535e3
3649.5164	7.911e2
3650.1443	5.802e2
3650.5625	1.761e2
3651.0112	1.031e3
3651.6140	4.691e2
3652.2900	8.632e2
3652.7310	2.388e3
3653.1157	1.620e3
3654.4248	2.785e3
3655.2676	1.285e3
3656.0635	1.045e3
3656.4790	2.792e1
3656.8108	3.410e2
3657.2322	1.349e3
3657.8340	2.767e2
3658.3979	3.011e3
3659.0442	2.337e3
3659.3582	2.308e3
3660.1982	1.243e3
3660.9167	5.447e2
3661.2615	1.347e2
3661.7803	1.509e3
3662.1809	2.145e3
3662.6174	8.778e2
3663.1536	1.336e3
3663.4143	1.646e3
3664.2097	1.670e3
3664.6404	8.421e2
3665.2322	1.959e3
3665.8521	1.091e3
3666.2324	2.219e3
3666.4604	1.202e3
3667.1348	2.256e3
3667.4617	1.728e2
3667.8765	2.828e2
3668.3311	8.498e2
3668.7964	6.718e2
3669.2922	3.294e2
3669.7798	2.492e2
3670.2610	2.885e3
3670.7507	1.298e3
3671.1892	1.879e3
3671.6541	1.712e3
3672.2400	1.180e3
3672.8105	1.205e3
3673.3391	1.573e3
3673.8511	1.139e3
3674.2136	1.515e3
3674.6648	4.580e2
3675.1602	1.964e3
3675.9841	8.162e2
3677.0913	1.267e3
3677.5684	1.610e2
3677.8972	2.639e2
3678.3667	2.000e3
3678.7783	7.542e2
3679.2051	8.251e3
3679.8364	1.561e3
3680.2043	1.205e4
3680.8005	5.559e2
3681.2146	1.161e4
3682.2029	7.267e3
3682.6736	3.308e3
3683.2041	5.506e3
3683.8728	6.911e2
3684.2119	2.969e3
3684.7571	4.348e2
3685.1956	1.786e3
3685.6865	6.503e2
3686.1870	1.948e3
3686.6602	1.646e2
3687.2568	8.917e2
3687.6606	5.743e1
3688.0972	6.173e2
3688.4609	2.604e3
3688.9729	2.549e3
3689.3684	1.440e3
3689.6191	1.822e3
3690.2297	1.869e3
3691.0718	2.602e3
3691.6274	7.244e2
3692.2000	2.909e3
3692.8467	1.026e3
3693.2083	2.218e3
3693.6621	5.708e2
3694.2676	3.338e3
3694.8220	1.141e3
3695.1841	2.335e3
3695.6960	2.387e2
3696.1953	7.181e2
3697.1663	8.357e2
3697.5234	2.311e3
3698.1990	3.211e3
3698.8220	1.616e3
3699.2158	1.684e3
3699.8586	1.912e2
3700.2786	8.811e2
3700.9338	1.621e3
3701.2173	1.109e3
3702.4976	3.964e3
3703.1418	1.243e3
3703.6206	1.349e3
3704.2141	1.495e3
3704.7622	1.609e2
3705.2219	1.087e3
3705.6245	4.722e2
3706.2214	1.704e3
3706.5657	9.104e2
3707.2053	5.854e3
3707.6196	9.905e2
3708.2019	8.457e3
3708.8005	1.067e3
3709.2009	1.015e4
3709.7195	6.902e2
3710.2222	8.658e3
3710.7319	1.885e3
3711.2058	5.362e3
3711.5645	6.161e2
3712.2200	3.673e3
3712.6165	9.174e2
3713.2568	3.497e3
3713.8064	1.209e3
3714.2341	8.153e2
3714.5630	2.229e2
3715.1343	1.438e3
3715.3623	8.050e2
3715.8621	4.001e2
3716.2109	9.951e2
3716.8191	8.009e2
3717.4192	3.036e2
3718.3252	2.057e3
3718.5618	1.100e3
3719.2070	4.155e3
3719.6755	4.793e2
3720.2385	2.035e3
3720.8245	1.771e2
3721.2019	1.125e3
3721.5745	3.697e2
3722.2183	2.615e3
3722.8022	1.020e3
3723.2644	1.584e3
3723.7446	4.396e2
3724.2090	1.832e3
3724.8679	3.908e2
3725.2358	1.011e3
3725.8748	4.210e2
3726.2136	1.751e3
3726.8613	6.838e2
3727.1252	1.058e3
3727.8298	5.039e2
3728.2429	2.043e3
3728.8408	1.169e3
3729.2671	2.611e3
3730.2554	2.466e3
3730.8975	6.450e2
3731.3171	7.289e2
3732.2446	7.276e2
3732.7673	2.424e2
3733.2217	1.266e3
3733.5215	1.238e3
3734.2610	2.362e3
3734.7207	8.546e2
3735.2166	7.678e2
3735.8306	5.707e2
3736.2429	1.789e3
3736.4604	1.898e3
3737.2710	3.403e3
3738.2556	3.153e3
3738.8782	6.051e2
3739.4021	7.464e2
3739.7605	1.987e2
3740.1482	1.147e3
3741.3594	4.242e2
3741.8503	5.526e2
3742.4922	2.571e3
3743.2009	1.443e3
3743.6934	2.184e3
3744.3989	7.446e2
3744.6604	2.562e2
3744.9968	5.798e2
3745.6758	5.005e2
3746.2290	2.021e3
3746.5122	1.353e3
3747.1328	1.314e3
3747.6597	5.547e2
3748.1890	1.207e3
3748.4609	1.797e3
3748.9631	7.358e2
3749.2776	2.162e3
3749.7139	6.253e2
3750.2854	2.535e3
3750.7603	1.842e3
3751.2451	4.801e3
3751.8303	1.683e3
3752.1907	3.015e3
3752.4639	1.007e3
3753.2021	1.873e3
3753.6091	1.549e3
3754.2969	2.475e3
3754.7817	6.424e2
3755.2485	1.978e3
3756.1475	1.785e3
3756.5786	2.466e2
3757.0754	1.627e3
3757.5249	1.076e3
3757.8611	3.216e2
3758.3994	1.924e3
3758.6614	8.166e2
3759.1680	1.549e3
3759.7971	9.561e2
3760.1252	1.788e3
3760.4583	1.613e3
3760.9368	1.973e3
3761.2195	2.563e3
3761.7886	1.103e3
3762.2466	2.644e3
3762.6619	5.190e2
3763.2515	1.459e3
3763.5342	1.215e3
3764.2122	2.334e3
3764.7747	1.286e3
3765.2236	2.028e3
3766.2510	3.006e3
3766.7124	2.002e3
3767.1897	1.874e3
3767.7358	5.077e2
3768.1504	1.162e3
3768.4299	1.264e3
3768.9028	2.576e3
3769.4189	2.622e3
3769.8276	9.390e2
3770.2158	2.723e3
3770.6228	6.182e2
3770.8918	4.411e2
3771.2295	3.493e3
3771.5630	8.060e2
3772.2317	4.375e3
3773.2283	3.103e3
3773.4612	1.761e3
3774.2410	2.497e3
3774.5569	1.761e3
3775.2305	3.308e3
3775.8757	7.030e2
3776.2041	1.736e3
3776.8188	9.575e2
3777.2175	1.514e3
3777.6841	8.204e2
3778.2556	5.338e3
3778.6782	3.875e3
3779.2222	5.431e3
3780.2046	4.354e3
3781.1799	4.449e3
3781.8513	1.139e3
3782.2473	4.297e3
3782.8401	1.558e3
3783.3616	3.717e3
3784.1716	2.196e3
3785.2446	2.115e3
3785.6870	4.656e2
3786.2122	1.676e3
3786.5557	1.052e3
3787.2876	1.110e3
3787.9490	2.048e3
3788.2976	1.967e3
3788.6243	1.755e3
3789.1978	1.553e3
3789.6572	7.789e2
3790.2488	1.419e3
3790.5203	1.251e3
3790.8618	9.238e2
3791.2202	1.730e3
3791.8018	1.618e3
3792.2961	2.404e3
3792.8152	1.057e3
3793.2954	3.081e3
3793.6602	7.951e2
3794.2908	2.814e3
3794.8291	9.751e2
3795.2751	2.911e3
3795.9177	1.230e3
3796.3228	2.655e3
3796.8342	6.815e2
3797.2971	2.211e3
3797.7439	7.808e2
3798.5122	4.488e3
3799.1782	3.118e3
3799.5569	3.098e3
3800.2905	1.956e3
3801.0364	1.806e3
3801.6350	1.460e3
3802.2554	1.141e3
3802.7268	7.874e2
3803.2927	2.618e3
3803.7620	5.003e2
3804.1389	6.369e2
3804.5718	2.987e2
3804.9717	8.448e2
3805.2207	1.581e3
3806.2856	3.966e3
3806.6799	1.675e3
3807.2456	2.979e3
3807.6416	9.370e2
3808.2878	3.907e3
3808.6147	2.193e3
3809.1904	3.603e3
3810.3066	4.036e3
3811.0530	1.865e3
3811.6079	8.895e2
3812.2813	1.696e3
3813.1719	1.750e3
3813.5156	1.974e3
3814.4995	2.696e3
3814.8149	1.850e3
3815.3223	1.425e3
3816.0493	2.978e3
3816.7927	1.091e3
3817.2537	3.336e3
3817.6604	1.628e2
3818.3816	4.014e3
3818.8806	1.164e3
3819.2637	2.790e3
3819.7024	1.845e3
3820.3008	2.907e3
3820.7422	7.430e2
3821.2981	3.033e3
3821.8579	1.102e3
3822.2915	2.735e3
3822.8630	1.565e3
3823.2813	3.821e3
3823.7041	2.354e3
3824.2185	2.608e3
3825.2034	2.028e3
3826.2871	2.971e3
3826.8816	6.872e2
3827.3420	3.706e3
3828.3572	2.921e3
3828.7739	1.351e3
3829.2173	1.514e3
3829.9146	5.069e2
3830.3035	1.577e3
3830.7463	7.692e2
3831.2258	2.041e3
3831.8269	1.173e3
3832.3279	3.441e3
3832.8401	1.684e3
3833.3103	3.284e3
3833.5615	1.891e3
3834.3076	4.420e3
3834.8196	1.494e3
3835.2998	1.503e4
3836.3044	3.008e4
3836.8391	1.542e3
3837.3105	3.006e4
3837.8354	1.076e3
3838.3018	2.285e4
3838.7600	1.418e3
3839.3049	1.451e4
3840.3054	6.149e3
3841.3105	6.770e3
3841.8557	1.778e3
3842.4119	3.885e3
3842.8738	1.299e3
3843.2258	3.433e3
3843.8037	2.352e3
3844.3303	1.111e3
3844.7788	5.254e2
3845.1575	1.496e3
3845.5884	2.872e2
3846.2708	2.994e3
3846.6313	1.289e3
3847.3064	3.393e3
3847.9458	1.622e3
3848.3657	6.190e3
3848.7258	3.945e3
3849.3193	9.403e3
3849.7395	2.261e3
3850.3206	1.130e4
3850.8625	1.884e3
3851.3267	1.029e4
3851.6633	1.094e3
3852.3159	8.823e3
3852.9417	1.503e3
3853.3237	5.908e3
3854.3135	6.193e3
3854.7151	1.280e3
3855.4001	4.725e3
3856.3110	1.652e3
3856.7793	1.292e3
3857.3726	1.394e3
3858.3203	2.917e3
3858.8706	2.527e3
3859.3416	3.951e3
3859.6646	1.543e3
3860.2769	2.903e3
3860.7102	1.926e3
3861.3418	3.167e3
3861.8279	1.437e3
3862.3792	5.733e3
3862.8088	2.479e3
3863.3247	7.913e3
3863.9021	1.530e3
3864.3125	1.016e4
3864.6606	5.024e2
3865.3088	1.006e4
3865.7866	9.647e2
3866.3162	8.905e3
3866.8411	7.990e2
3867.3306	6.280e3
3868.3613	4.099e3
3868.5603	4.305e3
3869.3103	2.773e3
3870.0024	3.152e3
3870.5664	3.037e3
3871.1865	3.300e3
3871.7625	1.092e3
3872.0591	1.111e3
3872.3252	1.753e3
3872.8413	9.605e2
3873.3318	2.696e3
3873.7981	1.518e3
3874.3621	3.019e3
3875.2742	2.451e3
3875.8284	7.456e2
3876.3062	3.477e3
3876.8630	1.605e3
3877.3525	6.344e3
3877.8584	1.357e3
3878.3599	7.967e3
3878.7400	1.327e3
3878.9614	8.598e2
3879.3416	5.917e3
3879.7446	7.284e2
3880.3540	5.955e3
3880.8291	1.782e3
3881.3281	4.281e3
3882.2971	4.392e3
3882.8494	7.351e2
3883.2463	3.214e3
3883.7100	2.225e3
3884.3660	3.434e3
3885.1357	6.957e2
3885.6387	2.593e3
3886.2266	3.585e3
3886.9739	5.197e3
3887.4629	1.150e3
3888.2126	5.205e3
3888.8652	7.991e2
3889.2468	2.282e3
3889.5608	7.125e2
3890.3054	4.738e3
3890.8396	8.107e2
3891.3264	4.485e3
3891.7439	5.872e2
3892.3560	7.004e3
3892.8660	6.417e2
3893.3203	5.528e3
3894.3113	6.068e3
3894.8252	1.293e3
3895.3257	3.668e3
3895.7593	1.261e3
3896.2996	2.691e3
3896.9021	1.832e3
3897.3164	1.783e3
3897.7881	1.889e3
3898.3821	5.397e3
3898.9604	7.285e2
3899.2427	1.251e3
3899.6316	1.865e3
3900.0811	2.342e3
3900.7935	6.344e2
3901.2556	2.444e3
3901.7473	9.737e2
3902.2695	2.631e3
3902.7908	1.140e3
3903.3508	2.832e3
3903.7161	1.360e3
3904.3638	4.903e3
3904.8296	2.315e3
3905.3767	6.942e3
3905.8694	1.329e3
3906.3652	8.115e3
3906.8936	1.604e3
3907.3379	8.625e3
3907.7832	5.504e2
3908.0974	3.883e3
3908.3174	7.870e3
3908.8992	2.086e3
3909.3337	4.871e3
3909.9092	1.054e3
3910.3127	4.012e3
3910.7183	9.436e2
3911.3145	3.721e3
3911.9167	1.083e3
3912.2917	1.182e3
3912.7998	7.277e2
3913.3882	3.420e3
3913.7341	1.724e3
3914.2581	3.416e3
3915.2913	3.930e3
3915.7688	1.209e3
3916.2671	5.875e3
3916.7229	1.512e3
3917.2683	6.763e3
3918.2834	9.568e3
3918.5603	2.113e3
3919.3491	7.959e3
3919.8662	1.693e3
3920.3611	5.959e3
3920.9341	1.356e3
3921.3638	5.163e3
3921.9351	1.860e3
3922.3440	6.039e3
3922.7185	1.679e3
3923.3328	5.817e3
3923.6614	1.051e3
3923.9810	6.498e2
3924.3201	3.577e3
3924.8269	1.240e3
3925.3235	3.621e3
3925.9133	2.442e3
3926.2217	3.384e3
3927.1487	1.680e3
3927.3604	1.613e3
3928.3809	3.007e3
3928.9395	1.304e3
3929.3076	2.883e3
3930.2998	2.321e3
3930.7361	8.810e2
3931.3179	4.280e3
3931.8684	2.228e3
3932.3167	5.530e3
3932.6914	9.576e2
3932.9849	1.646e3
3933.3438	5.447e3
3933.6609	9.778e2
3933.9780	1.667e3
3934.3579	7.023e3
3934.7319	2.476e3
3935.3608	8.067e3
3935.8140	1.373e3
3936.3584	7.886e3
3936.8250	1.685e3
3937.3188	7.385e3
3937.8281	1.782e3
3938.3867	8.037e3
3939.3142	4.550e3
3939.7871	1.892e3
3940.4556	6.671e3
3941.2639	2.753e3
3941.8435	1.219e3
3942.2666	2.473e3
3942.7354	2.348e3
3943.3062	1.888e3
3943.7454	1.424e3
3944.3347	2.302e3
3944.6611	1.016e3
3945.3474	2.197e3
3946.3625	6.349e3
3946.7605	1.560e3
3947.3679	4.283e3
3947.8701	2.496e3
3948.3916	8.579e3
3948.9424	1.236e3
3949.3933	1.296e4
3949.9524	2.957e3
3950.3958	1.440e4
3950.7114	1.981e3
3951.3926	1.203e4
3951.8762	1.353e3
3952.3984	8.274e3
3952.7607	9.108e2
3953.3936	7.434e3
3953.7729	1.229e3
3954.3748	6.058e3
3955.3142	2.516e3
3955.6616	6.195e2
3956.1941	4.344e3
3956.9580	8.236e2
3957.3621	2.658e3
3957.7192	9.043e2
3958.3311	4.616e3
3958.6643	2.434e3
3959.2913	6.148e3
3960.3362	5.673e3
3960.9697	1.424e3
3961.3340	4.683e3
3961.7297	1.896e3
3962.3845	6.020e3
3962.9448	1.215e3
3963.3877	7.260e3
3963.9053	1.622e3
3964.4050	9.010e3
3964.8848	1.452e3
3965.3997	6.906e3
3965.7173	1.487e3
3965.9626	1.074e3
3966.4016	5.454e3
3966.7495	1.329e3
3967.3630	6.856e3
3967.8750	1.118e3
3968.3931	5.174e3
3968.9578	1.687e3
3969.4065	4.147e3
3969.9419	2.682e3
3970.3062	4.773e3
3970.9810	9.473e2
3971.3289	2.632e3
3972.3206	3.769e3
3972.7666	9.924e2
3973.3669	6.281e3
3973.9285	1.325e3
3974.3774	7.150e3
3974.6621	8.659e2
3974.9778	1.377e3
3975.3877	7.802e3
3975.9504	1.751e3
3976.3740	9.272e3
3976.9551	1.091e3
3977.3811	1.133e4
3977.8735	1.980e3
3978.3916	1.695e4
3978.8672	2.344e3
3979.3904	1.716e4
3979.9246	1.107e3
3980.3953	1.404e4
3980.9187	1.553e3
3981.3923	1.136e4
3981.7971	1.146e3
3982.0564	2.599e3
3982.3953	6.752e3
3983.0549	1.693e3
3983.3994	4.221e3
3983.8340	1.414e3
3984.3748	2.733e3
3984.8767	1.432e3
3985.4268	3.519e3
3985.6609	1.553e3
3986.3354	4.296e3
3986.8354	1.158e3
3987.3613	4.333e3
3988.3940	1.396e4
3989.3960	1.480e4
3989.9368	2.640e3
3990.3940	1.473e4
3990.8848	3.072e3
3991.4041	1.308e5
3991.8950	3.397e3
3992.4055	2.590e5
3992.9143	2.977e3
3993.4072	2.813e5
3993.9314	4.092e3
3994.4082	2.168e5
3994.9270	4.741e3
3995.4087	1.350e5
3995.9053	5.046e3
3996.4111	6.947e4
3997.0020	3.091e3
3997.4082	3.056e4
3997.9231	2.073e3
3998.4155	1.377e4
3999.0376	3.046e3
3999.4016	7.123e3
3999.7891	8.174e2
4000.3845	5.567e3
4000.7185	2.748e3
4001.3325	4.002e3
4001.6616	1.322e3
4002.3718	6.168e3
4002.7297	2.748e3
4003.3723	9.840e3
4003.9863	2.337e3
4004.3894	9.045e3
4004.8176	3.362e3
4005.4170	2.313e5
4005.9004	4.464e3
4006.4192	4.731e5
4006.8647	5.775e3
4007.4229	5.268e5
4007.9187	5.391e3
4008.4219	4.260e5
4008.9258	6.503e3
4009.4236	2.533e5
4009.9839	5.109e3
4010.4294	1.303e5
4010.9202	3.873e3
4011.4346	5.565e4
4011.9954	4.229e3
4012.4209	2.364e4
4013.0137	3.650e3
4013.4216	1.251e4
4013.9373	2.832e3
4014.3948	7.287e3
4014.8179	3.269e3
4015.3813	6.552e3
4016.3352	9.632e3
4016.9492	1.361e3
4017.3931	7.050e3
4018.3896	6.579e3
4018.8801	4.031e3
4019.4102	1.184e4
4019.9268	1.822e3
4020.4092	1.671e4
4020.8936	1.769e3
4021.4133	1.711e4
4021.9468	2.005e3
4022.4155	1.682e4
4023.0271	2.318e3
4023.4231	1.195e4
4023.9854	2.873e3
4024.4170	8.784e3
4024.9780	1.186e3
4025.4094	5.665e3
4025.9604	1.193e3
4026.3896	4.765e3
4026.8799	1.678e3
4027.4031	5.760e3
4028.3960	7.502e3
4028.9307	1.384e3
4029.3850	8.933e3
4029.9055	2.090e3
4030.3738	1.278e4
4030.7112	3.476e3
4031.3616	1.183e4
4031.8110	2.162e3
4032.3743	8.308e3
4032.6611	5.818e2
4032.9749	1.750e3
4033.3879	1.158e4
4033.8840	1.643e3
4034.4099	1.508e4
4034.9236	9.961e2
4035.4089	1.462e4
4035.8743	2.660e3
4036.4128	1.244e4
4037.3984	1.065e4
4037.9600	1.617e3
4038.4124	7.169e3
4038.9924	2.080e3
4039.3955	4.613e3
4039.8240	1.421e3
4040.3809	4.349e3
4041.3987	6.631e3
4041.9341	1.622e3
4042.4045	7.045e3
4042.9207	9.278e2
4043.3823	1.248e4
4043.9250	1.773e3
4044.3779	1.616e4
4044.9304	1.732e3
4045.3687	1.885e4
4046.3733	1.789e4
4046.7126	2.769e3
4047.3728	1.597e4
4048.3987	1.734e4
4048.7612	1.523e3
4049.4053	1.764e4
4049.9641	6.421e2
4050.4070	1.467e4
4050.9753	2.145e3
4051.4185	1.252e4
4051.7617	7.158e2
4052.0278	1.009e3
4052.4080	8.039e3
4053.3933	7.163e3
4054.3547	6.494e3
4054.8616	8.930e2
4055.3501	3.741e3
4055.7249	1.755e3
4056.3381	3.472e3
4056.8335	1.334e3
4057.3594	4.538e3
4057.9585	2.556e3
4058.3696	9.686e3
4058.9224	2.260e3
4059.3674	1.149e4
4059.8440	1.871e3
4060.3457	1.572e4
4061.3596	1.480e4
4061.8210	1.779e3
4062.4028	1.968e4
4063.4194	2.283e4
4063.8276	2.098e3
4064.4253	2.220e4
4064.9380	1.577e3
4065.4185	1.957e4
4065.9702	1.483e3
4066.4226	1.443e4
4066.9250	1.201e3
4067.3989	9.367e3
4068.3696	1.074e4
4069.3293	8.927e3
4069.8389	1.063e3
4070.4219	8.511e3
4071.3723	4.832e3
4071.7515	1.050e3
4072.3745	8.050e3
4072.8613	7.871e2
4073.3914	7.289e3
4073.9216	1.253e3
4074.3989	6.212e3
4074.9246	1.939e3
4075.4016	5.865e3
4075.9189	1.975e3
4076.4109	1.026e4
4076.9148	7.954e2
4077.4351	1.364e4
4077.9604	1.061e3
4078.4324	1.614e4
4078.9280	2.360e3
4079.4194	1.596e4
4079.9358	1.908e3
4080.4084	1.193e4
4080.8821	6.874e2
4081.3921	9.115e3
4081.8616	9.058e2
4082.3777	6.974e3
4082.8401	1.407e3
4083.3652	7.309e3
4084.3428	7.725e3
4084.9548	1.399e3
4085.3660	5.701e3
4086.3706	7.426e3
4086.9722	1.270e3
4087.3882	8.406e3
4087.8745	1.605e3
4088.3982	1.139e4
4088.8381	1.823e3
4089.3826	1.657e4
4089.9604	7.230e2
4090.3975	2.377e4
4090.9155	1.360e3
4091.4011	2.289e4
4091.8462	1.634e3
4092.4082	2.110e4
4093.4058	1.758e4
4093.9431	2.423e3
4094.4417	1.288e4
4094.8643	9.128e2
4095.3936	6.977e3
4095.9292	1.747e3
4096.3760	8.171e3
4097.3662	6.709e3
4097.8872	9.275e2
4098.3457	5.058e3
4098.6606	1.172e3
4099.3291	5.110e3
4099.7944	5.775e2
4100.3193	5.113e3
4100.9341	8.051e2
4101.4023	7.895e3
4101.8994	2.471e3
4102.4019	1.276e4
4102.8979	1.987e3
4103.3979	2.813e4
4103.8643	1.162e3
4104.3975	4.245e4
4104.9326	1.169e3
4105.3994	4.782e4
4105.9365	1.260e3
4106.4038	3.952e4
4106.8628	1.480e3
4107.4028	2.541e4
4107.8232	2.493e3
4108.4082	1.687e4
4108.8154	1.659e3
4109.3950	8.531e3
4109.9365	1.072e3
4110.3896	5.828e3
4110.9712	2.005e3
4111.3506	4.570e3
4111.6611	2.078e3
4112.4004	4.916e3
4112.9434	1.539e3
4113.3545	4.719e3
4113.9082	1.669e3
4114.3364	5.259e3
4114.8203	1.199e3
4115.3784	5.234e3
4115.9609	9.133e2
4116.3794	4.646e3
4117.3882	6.377e3
4117.7607	5.298e2
4118.4077	8.259e3
4118.8188	1.311e3
4119.4111	5.394e3
4120.3931	7.902e3
4121.4058	6.377e3
4121.7642	1.113e3
4122.4390	5.747e3
4122.9370	8.439e2
4123.3936	4.374e3
4123.9307	1.655e3
4124.4087	4.325e3
4125.3569	4.640e3
4125.8398	1.378e3
4126.3750	5.241e3
4126.6606	1.369e3
4126.9761	5.351e2
4127.3550	7.218e3
4127.9131	1.713e3
4128.3691	1.080e4
4128.9248	2.752e3
4129.3633	1.158e4
4129.8623	1.049e3
4130.3784	9.371e3
4130.9990	8.326e2
4131.3545	7.536e3
4132.3228	8.858e3
4133.4053	6.497e3
4134.3755	8.452e3
4135.3843	7.143e3
4136.4063	5.115e3
4137.3823	5.005e3
4138.3975	7.969e3
4138.7222	3.278e3
4139.3481	4.223e3
4139.8608	5.726e2
4140.3042	3.444e3
4140.8335	1.645e3
4141.3525	7.268e3
4141.9067	1.296e3
4142.3521	1.448e4
4143.3408	1.348e4
4143.8115	1.106e3
4144.3496	1.330e4
4144.9893	1.563e3
4145.3438	1.145e4
4145.9287	1.140e3
4146.3667	8.916e3
4146.9834	8.457e2
4147.3872	8.978e3
4147.8418	1.447e3
4148.3721	8.837e3
4148.7603	1.373e3
4149.3818	7.035e3
4149.9912	1.634e3
4150.3823	6.397e3
4150.9053	1.692e3
4151.3799	5.680e3
4151.9429	7.951e2
4152.3735	3.834e3
4152.9995	1.681e3
4153.3120	5.514e3
4154.3599	3.395e3
4154.9565	6.624e2
4155.3252	3.774e3
4156.3154	6.890e3
4156.7974	1.896e3
4157.3389	1.136e4
4158.3540	1.349e4
4158.6611	3.458e3
4159.3540	1.379e4
4159.9019	1.472e3
4160.3828	1.315e4
4160.9609	6.051e2
4161.3843	8.679e3
4162.4126	1.108e4
4163.4233	8.717e3
4163.8716	7.440e2
4164.3579	5.394e3
4165.3789	5.910e3
4166.3521	5.578e3
4167.3130	3.502e3
4167.8516	1.892e3
4168.3545	5.870e3
4168.8984	7.190e2
4169.2822	3.837e3
4169.9277	1.747e3
4170.3569	4.552e3
4171.3755	4.692e3
4171.6606	2.255e3
4172.4126	6.005e3
4172.8291	1.280e3
4173.4097	8.181e3
4174.0283	2.408e3
4174.4331	7.512e3
4174.9180	1.243e3
4175.4023	6.378e3
4175.8228	1.036e3
4176.3833	4.765e3
4176.9883	2.063e3
4177.3838	5.707e3
4177.9722	1.373e3
4178.4443	8.625e3
4179.3882	5.486e3
4180.3062	6.271e3
4181.2983	5.327e3
4181.9736	1.551e3
4182.3213	4.626e3
4182.8809	1.198e3
4183.2993	5.001e3
4183.6616	1.445e3
4184.3096	6.104e3
4185.3364	4.160e3
4185.8550	1.279e3
4186.3667	4.161e3
4187.3408	4.924e3
4187.9595	8.300e2
4188.3960	5.815e3
4189.3687	6.034e3
4189.8921	5.946e2
4190.3311	5.433e3
4190.8223	1.268e3
4191.3550	4.806e3
4191.8740	2.033e3
4192.3623	4.939e3
4193.3096	6.704e3
4194.2852	5.865e3
4194.8379	7.225e2
4195.3242	4.028e3
4196.2915	5.062e3
4196.8677	6.947e2
4197.2905	3.983e3
4197.6997	5.156e2
4198.3403	6.842e3
4198.8745	7.699e2
4199.3247	4.078e3
4199.7754	3.660e3
4200.3921	3.925e3
4200.7832	5.829e2
4201.3599	5.966e3
4201.7510	1.788e3
4202.3677	7.809e3
4202.7632	7.377e2
4203.3594	7.660e3
4204.3643	8.592e3
4205.3589	5.866e3
4205.9819	1.091e3
4206.3843	5.071e3
4207.3188	3.061e3
4207.8091	1.157e3
4208.3491	3.463e3
4209.2720	2.176e3
4209.6196	1.053e3
4210.1489	1.970e3
4210.6016	4.476e3
4211.3379	3.691e3
4211.8232	1.571e3
4212.3232	4.960e3
4213.3057	4.560e3
4213.9189	1.683e3
4214.3154	3.119e3
4214.5620	1.880e3
4215.2861	4.557e3
4216.4131	6.368e3
4217.3896	4.388e3
4218.3755	4.496e3
4219.2935	4.602e3
4219.9546	1.107e3
4220.3008	1.975e3
4220.7847	1.885e2
4221.3682	2.401e3
4222.4258	7.660e3
4223.2881	4.144e3
4223.7090	3.408e3
4224.2959	4.399e3
4224.9712	8.792e2
4225.3101	4.342e3
4226.3291	6.602e3
4227.3423	6.618e3
4227.9995	2.299e3
4228.2949	6.130e3
4228.7261	1.772e3
4229.3638	5.231e3
4230.4009	6.002e3
4231.3545	3.433e3
4231.7646	7.034e2
4232.3887	3.732e3
4233.3638	5.580e3
4234.3882	6.413e3
4235.2754	1.493e3
4235.5127	1.517e3
4236.4302	3.493e3
4237.2495	3.417e3
4238.4199	9.838e3
4239.2847	4.767e3
4240.2979	8.252e3
4240.8623	5.176e2
4241.3198	5.949e3
4242.2964	6.244e3
4243.3198	4.215e3
4243.7183	1.353e3
4244.3730	5.152e3
4245.3750	3.437e3
4245.9604	1.311e3
4246.4043	4.919e3
4246.8989	1.056e3
4247.3594	4.600e3
4248.3345	5.238e3
4248.5601	1.945e3
4248.9458	1.654e3
4249.4014	4.392e3
4250.2598	2.862e3
4250.4629	2.080e3
4251.2344	4.303e3
4251.9937	1.442e3
4252.2368	2.160e3
4252.8906	2.106e3
4253.2480	1.550e3
4253.4604	1.003e3
4253.8179	5.566e2
4254.3223	4.238e3
4254.8193	1.003e3
4255.2905	5.063e3
4255.7148	1.774e3
4256.3096	4.427e3
4257.2944	5.647e3
4258.3525	8.375e3
4258.7612	9.754e2
4259.5400	8.167e3
4260.4165	3.598e3
4260.9316	1.829e3
4261.2539	1.507e3
4261.4624	1.199e3
4261.9980	7.717e2
4262.4531	4.497e3
4263.2485	3.195e3
4263.6226	1.573e3
4264.2446	4.090e3
4264.7437	1.037e3
4265.2471	3.038e3
4265.5605	6.559e2
4266.2451	3.203e3
4266.5630	9.658e2
4267.2261	3.611e3
4267.7686	7.822e2
4268.3662	3.219e3
4268.9487	1.220e3
4269.2891	1.816e3
4269.7192	7.697e2
4270.3813	4.042e3
4270.7607	8.845e2
4271.2598	3.582e3
4271.5615	1.947e3
4272.4395	3.956e3
4272.9966	1.089e3
4273.3809	3.519e3
4274.0469	1.870e3
4274.4165	2.700e3
4275.3760	3.719e3
4275.9756	1.894e3
4276.3184	2.325e3
4277.0527	1.552e3
4277.2612	7.961e2
4277.5552	1.325e3
4277.8887	5.509e2
4278.2437	3.738e3
4278.5630	1.412e3
4279.2378	5.246e3
4279.7168	1.041e3
4280.2705	2.566e3
4280.8618	1.029e3
4281.2422	3.361e3
4282.3062	4.909e3
4282.8765	3.509e3
4283.3159	3.170e3
4284.3237	3.047e3
4284.6626	6.858e2
4285.2725	1.937e3
4285.6792	1.177e3
4286.3408	2.744e3
4287.2993	1.663e3
4288.1450	3.038e3
4288.4541	2.644e3
4288.8364	1.496e3
4289.2754	3.715e3
4290.2183	1.813e3
4290.5396	1.688e3
4291.2832	1.650e3
4291.6157	1.118e3
4292.2256	3.213e3
4292.5620	1.113e3
4293.2178	3.343e3
4293.6260	1.506e3
4294.2275	5.348e3
4294.7031	2.163e3
4295.1919	4.564e3
4295.8931	1.218e3
4296.2607	2.945e3
4296.6899	3.982e2
4297.2183	3.413e3
4297.8506	9.451e2
4298.4033	3.968e3
4299.2661	3.970e3
4300.2695	5.199e3
4301.3477	3.964e3
4302.2627	3.423e3
4302.7681	1.487e3
4303.2246	5.221e3
4304.3462	2.928e3
4304.8779	4.336e2
4305.4058	1.552e3
4305.6616	7.224e2
4306.1611	2.455e3
4306.5459	2.517e3
4307.2305	1.393e3
4307.5127	9.832e2
4308.3145	2.926e3
4308.8569	7.075e2
4309.2905	3.170e3
4309.8623	1.978e3
4310.3945	4.922e3
4310.8691	1.276e3
4311.2456	3.692e3
4311.8613	9.143e2
4312.2222	2.988e3
4312.5610	1.279e3
4313.2334	4.244e3
4314.2905	3.382e3
4315.2666	1.907e3
4316.1436	4.939e3
4317.3047	2.716e3
4317.6616	3.698e2
4318.2222	3.954e3
4318.6133	2.156e3
4319.2490	2.591e3
4319.5610	8.950e2
4319.9619	8.130e2
4320.2163	1.818e3
4320.8843	1.107e3
4321.3203	4.126e3
4322.1333	3.036e3
4322.6470	1.087e3
4322.8853	6.590e2
4323.2959	2.618e3
4323.5601	9.888e2
4324.2065	5.090e3
4325.3315	3.360e3
4326.2642	4.772e3
4327.2598	3.998e3
4327.7578	1.254e3
4328.3306	3.438e3
4328.8022	2.059e3
4329.2871	2.796e3
4329.8921	5.611e2
4330.3125	2.801e3
4331.1963	2.970e3
4331.5610	1.020e3
4332.2007	1.858e3
4332.5591	8.367e2
4332.9741	1.732e3
4333.1621	1.662e3
4333.9478	3.320e3
4334.4189	1.478e3
4335.2290	2.377e3
4335.4634	9.507e2
4335.8984	6.325e2
4336.1230	1.393e3
4336.7358	9.169e2
4337.2178	2.510e3
4337.5610	3.717e2
4338.2808	6.281e3
4338.7607	8.370e2
4339.2925	2.773e3
4339.6294	9.118e2
4340.2603	3.479e3
4340.5610	1.016e3
4341.2104	1.795e3
4341.5273	1.289e3
4342.3257	2.860e3
4343.3379	2.731e3
4343.6196	1.866e3
4344.2617	2.187e3
4344.9912	1.155e3
4345.3086	2.823e3
4345.8291	1.125e3
4346.2729	1.815e3
4346.4609	1.210e3
4346.8335	9.114e2
4347.2358	1.331e3
4347.6494	1.645e3
4348.1763	2.565e3
4348.4609	1.143e3
4348.8154	1.457e3
4349.2378	1.150e3
4349.5479	1.222e3
4350.2026	1.736e3
4350.8101	1.097e3
4351.2363	1.612e3
4351.7700	7.867e2
4352.2158	2.342e3
4353.1934	2.667e3
4353.9805	1.697e3
4354.3687	4.338e3
4354.7168	1.776e3
4355.2358	2.475e3
4355.8188	8.347e2
4356.1924	1.745e3
4356.5195	9.139e2
4357.1802	2.582e3
4357.4604	1.040e3
4358.3301	4.719e3
4358.9121	4.148e3
4359.6670	9.105e2
4360.0718	3.193e3
4360.5928	2.509e2
4360.8677	7.554e2
4361.2764	2.160e3
4361.6621	4.684e2
4362.2598	1.672e3
4362.5273	1.963e3
4363.2100	2.675e3
4363.4614	1.552e3
4364.2656	3.054e3
4364.8652	5.939e2
4365.2920	3.647e3
4366.2310	4.635e3
4366.7256	1.347e3
4367.2129	1.981e3
4367.8394	2.184e3
4368.2402	2.704e3
4368.7090	1.849e3
4369.2734	1.745e3
4369.5620	6.805e2
4370.2798	1.964e3
4370.6650	3.078e3
4371.2095	9.948e2
4371.6167	5.212e2
4372.2119	2.379e3
4372.5620	1.362e3
4373.3955	1.925e3
4373.7622	4.545e2
4374.0791	7.860e2
4374.3242	1.183e3
4374.8047	9.408e2
4375.3345	1.909e3
4376.2817	2.791e3
4377.1592	1.472e3
4377.4634	2.135e2
4377.8433	1.512e3
4378.2476	3.039e3
4378.8320	1.366e3
4379.1831	7.545e2
4379.4819	2.023e3
4380.0903	2.445e3
4380.6431	1.588e3
4381.3389	1.964e3
4381.7109	1.043e3
4382.2983	2.583e3
4382.7637	7.606e2
4383.3643	2.061e3
4384.3140	3.503e3
4385.1943	8.099e2
4385.5601	2.546e2
4386.1260	1.231e3
4386.5830	6.346e1
4387.2734	2.759e3
4388.1763	9.419e2
4388.4883	1.900e3
4389.3223	1.470e3
4389.9712	1.242e3
4390.4370	3.346e3
4390.8633	6.175e2
4391.2065	1.723e3
4391.5303	1.611e3
4392.2637	1.297e3
4392.7925	3.291e2
4393.2554	2.539e3
4393.6606	4.987e2
4394.2651	2.533e3
4395.2026	1.059e3
4395.7905	1.682e3
4396.2930	9.383e2
4396.7739	8.735e2
4397.2061	1.955e3
4397.9487	1.584e3
4398.4985	3.071e3
4399.1968	1.865e3
4399.5449	8.213e2
4399.8560	9.123e2
4400.1963	1.491e3
4401.3154	4.123e3
4401.7886	6.198e2
4402.2046	2.654e3
4402.8354	1.447e3
4403.2148	1.792e3
4403.7969	9.788e2
4404.2554	1.544e3
4405.1152	1.110e3
4405.8735	1.405e3
4406.4072	7.968e2
4406.9487	6.219e2
4407.3145	1.517e3
4408.2427	3.486e3
4408.7358	1.016e3
4409.1641	2.476e3
4409.7256	6.629e2
4410.3301	1.333e3
4410.7197	5.013e2
4411.1719	2.895e2
4411.5454	1.012e3
4412.0952	1.046e3
4412.5728	3.484e2
4413.2729	1.163e3
4413.6250	7.087e2
4414.2866	2.695e3
4414.8247	6.252e2
4415.2529	2.250e3
4416.0186	2.474e2
4416.5723	1.369e2
4417.0796	1.983e3
4417.7241	4.288e2
4418.2568	1.732e3
4418.7061	7.321e2
4418.9609	2.814e2
4419.5059	3.361e3
4420.3867	3.411e3
4420.9893	1.886e3
4421.4927	1.340e3
4422.0898	1.127e3
4422.4595	1.832e3
4423.1914	1.522e3
4424.2212	1.927e3
4425.1812	9.841e2
4425.5742	6.701e2
4426.0957	2.325e3
4426.5649	7.134e2
4427.0752	1.328e3
4427.7207	7.249e2
4428.2876	2.930e3
4428.6650	1.062e3
4429.2993	2.091e3
4429.8271	1.088e3
4430.2422	2.619e3
4430.5649	9.765e2
4431.0010	4.445e3
4431.5713	2.364e3
4432.0415	1.285e3
4432.3237	1.317e3
4432.6641	5.801e2
4433.1333	6.635e2
4433.8911	1.186e3
4434.3140	1.170e3
4434.9263	1.571e3
4435.2129	1.040e3
4435.8857	1.313e3
4436.1230	2.014e3
4437.1294	4.150e3
4438.2769	3.107e3
4438.7139	7.437e2
4439.0542	4.729e2
4439.5015	1.952e3
4440.1538	1.071e3
4440.4658	5.608e2
4441.1592	1.164e3
4441.5542	3.518e2
4442.0493	1.759e3
4442.5576	1.382e3
4442.9282	2.423e3
4443.3979	2.119e2
4443.7646	1.035e3
4444.2007	1.740e3
4444.9448	1.890e3
4445.5283	5.819e2
4446.0405	8.871e2
4446.3926	1.690e3
4447.1270	1.460e3
4447.5264	7.485e2
4448.0747	5.759e2
4448.3604	6.861e2
4449.1416	7.683e2
4449.5864	1.363e3
4450.1982	1.115e3
4450.4268	1.537e3
4451.0464	1.528e3
4451.6162	8.176e2
4451.9692	5.581e2
4452.7222	2.865e3
4453.1851	1.969e3
4453.8003	3.830e3
4454.2456	1.930e3
4454.9878	1.406e3
4455.2646	1.611e2
4456.0508	1.237e3
4456.6421	5.341e2
4457.1987	2.270e3
4457.6323	1.186e3
4458.2080	1.748e3
4458.5645	2.534e2
4458.8857	4.613e2
4459.2651	1.193e3
4460.1753	9.263e2
4460.5801	5.989e2
4461.2080	9.791e2
4461.8247	8.045e2
4462.2466	1.742e3
4462.8564	5.906e2
4463.2773	1.375e3
4463.7407	6.224e2
4464.1079	1.074e3
4464.4146	8.461e2
4464.8828	1.021e3
4465.2393	9.098e2
4465.7271	3.172e2
4466.1147	6.023e2
4466.5127	1.172e3
4467.1191	1.516e3
4467.7510	9.645e2
4468.2720	4.139e3
4468.8823	8.321e2
4469.3657	1.074e3
4469.7036	1.666e3
4470.1563	6.799e2
4470.4844	9.385e2
4471.2144	1.871e3
4471.7192	2.128e3
4472.2168	1.377e3
4473.1143	2.046e3
4473.7095	4.725e2
4474.5435	4.428e3
4475.1240	6.766e2
4475.7080	1.195e3
4476.2271	3.380e2
4476.8271	1.232e3
4477.1533	1.132e3
4478.0801	4.272e3
4478.7173	2.916e3
4479.1216	1.391e3
4479.5527	3.452e2
4480.2505	2.486e3
4480.6094	1.434e3
4481.1143	1.224e3
4481.7402	1.770e3
4482.1187	6.948e2
4482.6655	1.405e3
4483.1978	1.534e3
4483.5610	2.499e2
4484.3066	8.901e2
4484.9385	1.103e3
4485.3716	1.338e3
4486.0991	4.717e3
4486.6211	7.140e2
4487.0591	1.311e3
4487.7314	4.565e2
4488.1860	2.533e3
4488.6938	1.438e3
4489.3096	3.009e3
4489.6636	1.097e3
4490.0210	1.117e3
4490.3901	3.958e2
4490.7476	1.849e3
4491.2114	8.734e2
4492.0542	3.304e3
4492.5405	7.599e2
4492.7612	4.114e2
4493.1714	2.350e3
4493.6792	4.940e2
4494.3169	1.862e3
4494.6602	1.585e2
4495.2251	1.012e3
4496.0645	1.824e2
4496.4419	3.349e2
4497.1187	1.121e3
4497.5093	7.960e2
4497.8652	8.806e2
4498.2388	3.143e3
4498.6172	1.258e3
4498.9614	4.222e2
4499.4121	4.469e2
