3500.1272	1.636e2
3500.5637	1.803e2
3500.8916	2.307e2
3501.3379	3.116e2
3501.7471	1.098e3
3502.4639	1.878e3
3502.8179	9.532e2
3503.4888	1.440e3
3504.1609	6.141e1
3504.8120	5.727e2
3505.2163	1.605e2
3505.6096	6.112e2
3506.0076	3.111e2
3506.5195	6.794e2
3506.8801	7.205e2
3507.8159	3.722e2
3508.2981	7.742e2
3508.7639	2.152e3
3509.6475	1.154e3
3510.3169	1.172e3
3510.8828	2.555e3
3511.2725	9.644e2
3511.6301	1.002e3
3512.0181	8.599e2
3512.4070	1.768e3
3512.7676	1.317e2
3513.2366	6.023e2
3513.4604	2.148e2
3513.7319	3.979e2
3514.5098	9.705e2
3515.2468	1.240e3
3515.7832	6.727e2
3516.2839	7.407e2
3516.9780	8.112e1
3517.3542	1.286e2
3517.8691	7.078e2
3518.3450	7.467e2
3518.7942	1.644e3
3519.2168	1.103e3
3519.7300	9.931e2
3520.1465	6.414e2
3520.5103	1.657e3
3520.9839	1.843e3
3521.4155	2.274e3
3522.1270	1.403e3
3522.5378	1.222e3
3523.1138	5.016e2
3523.3977	2.389e2
3523.6172	4.756e2
3524.1501	7.081e2
3524.4622	1.260e2
3525.0022	5.123e2
3525.4507	8.973e2
3526.1729	6.740e2
3526.5515	1.695e3
3527.0374	1.191e3
3527.7993	9.289e1
3528.4468	8.277e2
3528.7649	1.034e3
3529.0608	5.099e2
3529.7178	2.615e3
3530.1191	3.914e3
3530.5742	1.070e3
3530.9998	6.698e2
3531.2126	9.688e2
3531.5625	2.843e2
3532.2500	1.230e2
3533.0188	9.253e2
3533.6809	1.214e3
3534.3379	1.707e3
3534.9199	3.065e2
3535.3916	1.634e3
3535.8210	7.506e2
3536.5789	1.043e2
3536.8975	5.136e2
3537.6472	6.268e2
3538.1614	7.820e2
3538.6567	3.659e3
3539.1897	2.020e3
3539.5391	3.761e2
3540.3984	1.672e3
3540.7615	7.378e2
3541.6929	8.478e2
3541.9604	1.941e2
3542.3521	3.065e1
3542.7688	1.972e3
3543.6882	8.772e2
3544.0381	5.773e2
3544.4651	7.679e2
3544.8628	2.029e2
3545.3225	4.257e2
3546.0154	3.392e2
3546.5134	4.568e2
3547.1191	1.011e3
3547.6924	1.463e3
3547.9639	1.069e3
3548.4902	2.593e2
3548.8987	1.642e3
3549.1602	7.452e2
3549.7622	2.649e2
3549.9841	1.495e2
3550.3235	4.950e2
3550.7505	7.805e2
3551.1230	1.417e3
3551.3611	5.629e2
3551.8369	4.060e2
3552.1655	4.818e2
3552.7146	1.466e3
3553.0974	1.750e2
3553.4873	8.294e2
3553.7300	1.704e3
3554.0654	4.816e2
3554.7571	5.735e2
3555.1057	6.755e2
3555.5637	2.188e2
3555.8926	1.585e2
3556.2361	5.375e2
3556.5486	7.504e2
3556.8618	5.951e2
3557.7937	9.736e1
3558.4956	1.829e3
3558.8818	6.083e2
3559.4988	8.413e2
3559.7646	3.759e2
3560.4128	1.238e2
3560.8176	6.211e2
3561.2505	9.186e2
3561.6477	1.139e3
3562.2019	1.826e3
3562.7947	2.095e3
3563.0654	7.028e1
3563.5244	3.781e2
3563.9502	1.303e3
3564.3838	7.348e2
3564.8098	1.563e3
3565.1218	8.164e2
3566.0747	2.625e2
3566.8921	1.625e3
3567.7939	1.043e3
3568.3887	1.034e3
3568.9006	1.645e3
3569.2139	1.241e3
3569.6621	3.377e2
3570.2573	5.036e2
3570.7363	6.488e2
3571.2495	1.389e3
3571.5281	1.203e3
3571.9983	3.764e3
3572.8235	3.674e2
3573.3438	2.453e2
3573.8020	5.587e2
3574.2344	3.687e2
3574.9475	1.904e3
3575.7573	8.976e2
3576.0293	6.193e2
3576.3892	1.547e3
3576.6616	5.070e2
3576.9653	3.702e2
3577.5574	5.456e2
3578.2112	1.169e3
3579.2185	1.702e3
3579.7683	1.025e3
3580.3564	2.520e3
3581.0066	1.831e3
3581.4348	1.320e3
3582.1133	2.083e3
3582.5957	7.834e2
3583.3289	2.799e3
3583.7205	1.378e3
3584.0635	7.951e2
3584.5305	6.568e2
3584.8848	4.865e2
3585.7515	3.120e2
3586.1843	1.006e3
3586.8064	8.997e2
3587.2241	2.483e2
3587.5176	2.410e2
3587.7632	2.174e2
3588.4326	7.192e2
3588.9448	2.352e3
3589.3606	3.026e2
3589.7039	1.434e3
3590.1123	1.222e3
3590.4744	1.344e3
3590.9817	8.152e2
3591.5017	1.084e3
3591.7629	5.691e2
3592.1196	5.216e2
3592.7695	4.533e2
3593.1348	8.846e2
3593.7231	9.964e2
3594.4553	5.178e2
3594.7217	5.969e2
3595.0608	1.403e2
3595.6375	8.880e2
3596.0427	1.315e3
3596.5229	5.777e2
3596.8606	1.495e2
3597.1667	5.702e1
3597.7527	3.529e2
3598.2092	1.087e3
3598.6560	2.550e3
3599.0151	1.916e3
3599.3616	9.307e2
3599.7705	9.996e2
3600.0623	6.794e2
3600.5776	1.675e3
3601.1848	1.555e3
3601.7163	9.790e2
3602.2031	1.121e3
3602.6992	4.173e2
3603.5967	1.210e3
3604.0222	4.533e2
3604.5029	1.299e3
3605.2703	1.111e1
3605.8870	5.003e2
3606.6055	5.389e2
3606.9631	3.241e2
3607.3931	5.526e2
3608.0044	1.241e3
3608.4629	1.117e2
3608.9890	4.217e2
3609.7200	2.324e3
3610.1563	6.346e2
3610.6682	2.561e3
3611.0637	8.539e2
3611.4126	6.465e2
3611.8142	4.356e2
3612.3027	2.172e2
3612.9299	3.997e2
3613.2891	2.086e2
3613.7957	1.240e3
3614.1199	1.115e3
3614.6123	8.683e2
3614.9629	1.463e2
3615.3123	2.973e2
3615.7153	4.998e2
3616.1978	4.465e2
3616.4600	7.194e2
3616.7285	1.022e3
3617.0603	1.991e2
3617.3999	5.315e2
3617.6235	1.354e3
3618.0728	6.279e2
3618.3655	1.206e3
3618.7280	1.014e3
3619.0310	1.258e3
3619.4763	7.628e2
3619.9058	1.483e3
3620.4421	6.361e2
3621.0447	8.729e2
3621.4998	1.327e3
3621.7637	1.712e2
3622.1965	9.296e2
3622.6284	4.938e2
3623.1741	1.300e3
3623.4609	7.439e2
3624.3230	1.646e3
3625.2991	2.064e3
3625.9553	8.290e2
3626.2317	9.292e2
3626.9639	2.033e3
3627.8706	7.443e2
3628.2786	1.325e3
3629.0427	1.281e3
3629.9038	3.849e2
3630.5239	8.112e2
3630.7637	3.172e2
3631.1619	1.174e3
3631.5483	4.506e2
3631.9263	1.242e3
3632.8584	4.458e2
3633.1279	3.804e2
3633.7585	8.538e2
3634.1914	1.027e3
3634.6028	8.774e2
3634.8633	4.157e2
3635.2813	2.875e2
3635.7271	3.129e2
3636.1895	7.794e2
3637.0999	7.003e2
3638.1206	1.638e3
3638.5488	5.081e2
3639.0132	2.686e3
3639.3630	1.456e3
3640.2485	5.643e2
3640.7903	1.106e3
3641.2256	8.001e2
3641.7195	6.298e2
3642.1958	9.034e2
3642.6228	2.244e2
3643.5093	1.032e3
3643.9482	9.119e2
3645.2927	5.242e2
3645.6726	1.555e2
3646.5513	1.708e3
3646.9109	5.774e2
3647.7510	4.592e2
3647.9614	2.791e2
3648.3994	1.372e3
3648.8071	1.442e3
3649.1157	1.368e3
3649.6628	4.801e2
3650.1057	5.275e2
3650.4207	2.825e2
3650.8337	1.410e2
3651.2729	2.379e2
3651.8445	4.902e2
3652.2771	1.035e3
3652.7766	1.578e3
3653.2222	9.746e2
3654.4128	2.621e3
3655.2258	1.418e3
3656.0261	6.393e2
3656.4844	9.830e1
3656.7534	3.413e2
3657.1394	9.768e2
3657.7908	4.138e2
3658.4172	1.619e3
3659.1558	1.819e3
3659.5151	9.364e2
3659.8638	2.857e2
3660.2009	5.815e2
3660.5601	2.820e1
3661.0391	3.001e2
3661.4414	1.079e3
3661.8635	2.149e3
3662.3162	1.258e3
3662.7883	1.240e3
3663.0613	4.081e2
3663.4307	1.088e3
3663.6609	6.321e2
3664.2292	1.006e3
3664.9060	1.054e3
3665.2612	4.916e2
3666.2590	1.947e3
3666.5342	1.051e3
3666.7620	8.037e2
3667.0620	4.401e2
3667.3464	7.344e2
3668.2136	1.803e2
3668.7800	6.414e2
3669.2168	2.533e2
3669.7073	4.905e2
3670.2891	1.879e3
3670.7244	1.265e3
3671.1755	2.176e3
3671.7798	1.434e3
3672.2266	1.115e3
3672.7507	3.454e2
3673.1230	7.551e2
3673.7676	2.603e3
3674.0625	1.130e3
3674.4893	1.860e2
3674.7219	3.529e2
3675.0886	5.541e2
3675.6584	4.815e2
3676.1360	5.724e2
3676.8516	1.117e3
3677.8799	2.283e2
3678.2485	7.124e2
3678.5881	1.128e3
3679.2051	2.763e3
3679.7556	2.142e3
3680.1985	4.700e3
3680.8186	8.407e2
3681.1992	3.797e3
3681.4651	3.129e2
3681.8420	1.022e3
3682.2236	3.740e3
3682.8962	5.110e3
3683.1672	1.678e3
3683.4656	6.729e2
3683.8281	3.398e2
3684.2053	1.117e3
3684.7605	2.397e2
3685.1960	8.002e2
3686.1533	1.527e3
3686.8152	4.959e2
3687.2395	1.785e2
3687.6416	1.246e2
3688.4578	2.355e3
3688.9800	2.789e3
3689.3953	6.603e2
3689.7053	1.569e3
3690.1982	1.429e3
3690.7383	9.234e2
3691.1479	1.703e3
3691.4629	5.490e2
3692.1040	1.432e3
3692.4624	3.300e2
3692.8945	3.662e2
3693.2302	1.328e3
3693.7327	3.096e2
3694.3892	2.563e3
3694.8245	1.469e3
3695.2134	1.393e3
3696.0720	6.347e2
3696.5146	8.012e1
3697.1860	7.031e2
3697.5723	2.155e3
3698.1897	3.311e3
3698.8391	9.708e2
3699.2056	1.378e3
3699.8137	2.621e2
3700.3391	8.994e2
3701.0244	2.184e3
3701.8003	8.638e2
3702.4058	1.715e3
3702.7358	9.565e2
3703.3958	5.759e2
3703.7241	1.200e3
3704.2271	6.527e2
3704.7412	5.662e2
3705.1702	7.230e2
3705.7322	4.990e2
3706.2883	1.153e3
3706.5618	3.820e2
3706.8967	5.649e2
3707.1921	2.440e3
3707.7385	5.388e2
3708.2131	3.862e3
3708.8269	8.941e2
3709.2126	4.432e3
3709.7104	1.623e3
3710.2622	4.737e3
3710.7964	1.127e3
3711.2036	2.110e3
3711.5168	7.743e2
3712.1863	1.554e3
3712.7400	1.121e3
3713.1145	9.456e2
3713.5164	6.589e2
3713.8396	6.011e2
3714.1543	7.384e2
3714.6628	1.082e2
3715.0635	5.342e2
3715.4070	1.323e3
3716.0847	1.142e3
3716.8589	1.040e2
3717.2295	3.391e2
3717.7488	1.259e2
3718.1951	8.977e2
3718.6548	3.095e3
3719.2092	3.384e3
3719.7981	8.775e2
3720.1809	9.673e2
3720.5635	2.539e2
3721.1309	9.630e2
3721.7253	8.347e2
3721.9946	3.370e2
3722.2798	1.214e3
3722.7302	7.321e2
3723.1177	1.083e3
3723.5847	2.859e2
3723.8743	4.238e2
3724.2302	8.083e2
3724.8367	2.925e2
3725.2014	6.743e2
3726.2766	8.522e2
3726.9998	7.810e2
3727.2268	1.011e3
3727.8494	6.318e2
3728.2104	1.244e3
3728.4617	4.659e2
3728.8540	1.007e3
3729.0620	7.943e2
3729.5244	1.649e3
3730.3101	2.627e3
3730.9312	5.689e2
3731.3252	4.591e2
3732.3037	2.275e2
3732.7681	2.310e2
3733.3218	1.472e3
3733.7148	7.537e2
3734.2908	1.005e3
3734.6836	4.343e2
3735.2727	1.739e2
3735.5676	7.521e0
3736.3027	1.509e3
3736.8186	2.157e3
3737.2761	1.349e3
3738.2261	2.103e3
3738.5652	8.630e2
3739.0234	1.063e3
3739.2615	4.588e2
3739.5288	9.304e2
3739.8625	7.414e2
3740.4106	1.801e2
3740.9146	2.813e2
3741.4993	5.069e2
3741.9951	3.968e2
3742.6580	3.384e3
3743.1992	1.439e3
3743.4609	1.331e3
3744.3220	4.725e2
3744.7478	3.992e2
3745.1260	2.680e2
3745.7292	7.441e2
3746.2107	3.084e3
3747.1196	6.968e2
3747.5439	3.777e2
3748.4182	1.851e3
3749.2888	9.989e2
3750.2317	9.518e2
3750.6038	1.246e3
3751.2080	2.477e3
3751.4971	8.832e2
3751.8081	2.451e3
3752.2217	2.729e3
3753.2395	1.187e3
3753.4607	8.199e2
3753.8567	9.006e2
3754.2446	1.918e3
3754.6768	1.023e3
3755.2817	8.786e2
3755.7312	5.158e2
3756.2476	9.080e2
3756.7305	2.753e2
3757.0818	3.732e2
3757.4592	1.066e3
3757.9346	3.549e2
3758.4333	1.152e3
3758.7476	9.411e2
3759.0591	1.344e3
3760.0068	1.769e3
3760.4207	1.305e3
3760.8926	2.224e3
3761.3179	1.755e3
3761.7295	1.293e3
3762.1206	1.787e3
3762.5635	4.527e2
3763.1475	3.316e2
3763.7273	1.824e3
3764.2227	1.827e3
3764.7168	8.296e2
3765.2666	8.543e2
3765.7598	2.517e2
3766.3218	1.843e3
3766.8528	5.738e2
3767.2129	1.021e3
3767.7773	4.296e2
3768.1653	1.217e3
3768.4624	7.808e2
3768.9907	2.482e3
3769.4924	3.053e3
3770.2134	1.480e3
3770.8525	6.203e2
3771.2813	1.569e3
3771.7986	1.228e3
3772.2361	1.922e3
3772.5645	5.429e2
3773.1550	1.347e3
3773.4939	1.680e3
3774.3794	3.037e3
3774.9241	8.047e2
3775.2800	1.345e3
3775.7361	1.327e3
3776.1199	6.279e2
3776.4626	5.894e2
3776.7605	2.925e2
3777.1211	3.965e2
3777.7043	6.126e2
3778.2207	2.150e3
3778.6567	2.763e3
3778.9541	4.470e3
3780.1418	1.512e3
3780.7937	9.915e2
3781.2312	2.055e3
3781.7883	1.452e3
3782.2715	1.806e3
3782.5691	5.220e2
3782.8384	7.323e2
3783.2773	2.036e3
3784.1494	8.733e2
3784.8232	5.988e2
3785.3584	1.390e3
3785.7622	3.035e2
3786.2012	1.166e3
3786.7239	6.655e2
3787.2090	3.993e2
3787.6174	7.962e2
3787.9949	8.192e2
3788.2258	1.695e3
3788.6797	1.504e3
3789.3076	5.752e2
3790.1580	1.616e3
3790.6257	9.673e2
3791.2131	1.479e3
3791.6262	1.566e3
3791.9622	8.427e2
3792.3264	8.156e2
3792.5605	4.294e2
3792.8564	6.458e2
3793.3652	2.607e3
3793.9404	6.994e2
3794.2209	1.097e3
3794.8745	8.348e2
3795.2415	8.321e2
3795.6392	6.838e2
3795.8616	3.781e2
3796.2808	1.726e3
3796.8923	1.168e3
3797.2229	7.463e2
3798.1279	1.852e3
3798.5957	1.644e3
3799.1284	2.172e3
3799.5486	2.115e3
3799.7610	2.145e3
3800.4272	9.394e2
3801.1008	2.199e3
3801.6606	5.561e2
3802.2537	1.776e3
3802.7275	1.054e3
3803.4907	1.239e3
3804.0979	5.448e2
3804.4629	2.411e2
3805.2798	8.277e2
3805.7603	5.732e2
3806.2886	2.200e3
3806.7217	9.690e2
3807.2366	1.543e3
3807.7942	1.371e3
3808.3784	2.372e3
3808.7778	2.182e3
3809.1987	1.850e3
3809.5620	3.708e2
3809.8464	6.630e2
3810.3569	1.726e3
3810.7170	6.165e2
3811.1487	1.339e3
3811.5173	9.869e2
3812.2200	8.221e2
3812.7026	4.730e2
3813.2507	5.670e2
3813.6812	1.039e3
3814.0964	7.262e2
3814.4048	1.725e3
3814.8889	1.193e3
3815.3237	9.883e2
3815.8899	1.910e3
3816.3149	1.025e3
3816.8398	7.072e2
3817.2319	2.033e3
3817.5613	6.561e2
3818.6143	4.204e3
3819.2397	1.604e3
3819.7612	2.276e2
3820.3779	2.086e3
3820.9976	5.038e2
3821.2224	1.075e3
3821.7944	6.159e2
3822.2964	1.088e3
3822.7900	7.295e2
3823.2175	2.050e3
3823.5522	2.584e3
3824.1907	1.857e3
3825.1558	7.563e2
3825.7532	3.574e2
3826.3025	1.062e3
3826.6350	5.624e2
3827.0671	8.550e2
3827.3252	1.176e3
3827.7205	5.907e2
3828.3987	2.570e3
3828.8613	4.675e2
3829.1233	9.779e2
3829.7158	3.790e2
3830.2576	1.067e3
3830.7051	8.541e2
3831.0706	7.933e2
3831.7549	8.946e2
3832.2866	2.578e3
3832.8530	1.128e3
3833.4143	2.176e3
3834.2576	2.169e3
3834.9148	8.912e2
3835.2930	4.026e3
3835.7603	9.012e2
3836.2991	7.361e3
3836.8184	8.367e2
3837.3093	7.890e3
3837.8867	6.729e2
3838.3030	7.599e3
3838.7178	8.753e2
3839.3015	4.414e3
3839.8569	3.306e2
3840.2947	2.357e3
3841.0029	3.409e3
3841.3196	2.321e3
3841.8262	1.730e3
3842.4504	3.308e3
3842.8777	1.431e3
3843.2041	2.810e3
3843.6250	9.070e2
3844.1475	1.474e3
3844.6272	7.453e2
3844.9321	7.106e2
3845.4443	6.308e2
3845.9951	3.571e2
3846.4067	1.789e3
3846.8113	6.300e2
3847.2725	1.487e3
3847.9053	8.323e2
3848.3594	2.264e3
3848.7266	3.690e3
3849.3110	4.065e3
3849.7847	2.368e3
3850.3335	6.300e3
3850.6643	1.058e3
3850.9607	3.876e2
3851.3120	5.869e3
3851.9497	1.855e3
3852.3174	5.663e3
3852.9204	7.310e2
3853.3103	3.068e3
3853.7273	8.516e2
3854.2917	3.668e3
3854.9172	6.247e2
3855.3279	1.443e3
3855.5625	8.495e2
3855.9185	7.912e2
3856.3525	8.871e2
3856.7681	1.055e3
3857.3328	1.003e3
3857.8325	3.529e2
3858.4243	1.918e3
3858.9407	1.751e3
3859.3264	2.892e3
3859.7366	1.371e3
3860.0137	2.040e3
3860.7705	1.434e3
3861.2876	1.448e3
3861.6289	5.893e2
3862.5217	6.211e3
3863.2771	3.984e3
3863.7178	1.095e3
3864.3005	3.309e3
3864.8765	3.619e2
3865.3030	3.902e3
3865.8613	5.316e2
3866.3362	2.831e3
3866.8931	3.678e2
3867.3193	2.114e3
3867.7622	1.948e2
3868.3181	2.663e3
3868.7012	2.815e3
3869.2253	1.388e3
3869.7852	9.101e2
3870.1687	1.526e3
3870.4385	2.474e3
3871.0266	1.094e3
3871.7856	2.873e3
3872.3540	2.110e3
3873.2500	2.137e3
3873.6914	7.801e2
3874.2798	1.534e3
3874.7810	6.953e2
3875.2705	1.073e3
3875.9790	3.811e2
3876.3779	1.622e3
3876.8242	6.044e2
3877.3943	3.061e3
3877.8643	1.389e3
3878.3472	4.997e3
3878.9395	1.218e3
3879.3127	3.627e3
3880.3506	3.797e3
3880.8215	1.321e3
3881.3118	2.541e3
3881.6619	1.580e3
3882.1833	3.313e3
3882.7417	3.302e2
3883.3516	2.713e3
3884.3130	2.129e3
3884.7605	2.797e2
3885.1299	3.036e2
3885.6475	1.811e3
3886.1541	1.254e3
3886.8076	5.368e3
3888.1821	3.210e3
3889.1826	2.413e3
3889.7805	1.499e3
3890.4028	3.172e3
3891.2708	1.391e3
3891.8770	8.507e2
3892.3313	2.340e3
3892.7854	6.991e2
3893.3364	1.859e3
3893.9392	7.304e2
3894.3096	1.870e3
3895.2949	2.302e3
3895.7273	1.370e3
3896.2832	1.030e3
3896.7129	9.845e2
3897.1160	2.311e3
3897.5837	5.015e2
3897.8721	9.209e2
3898.3013	2.343e3
3898.6177	2.389e3
3899.2153	8.252e2
3899.6179	1.453e3
3900.1082	1.181e3
3900.8950	8.845e2
3901.1899	1.326e3
3901.7141	7.379e2
3902.2351	1.111e3
3902.7358	8.527e2
3903.0959	6.092e2
3903.3938	1.647e3
3903.9485	6.966e2
3904.3442	2.280e3
3904.9333	1.327e3
3905.3726	3.064e3
3905.8262	1.062e3
3906.3730	3.463e3
3906.9727	8.907e2
3907.3516	3.287e3
3907.6616	7.452e2
3908.1211	5.186e3
3908.3643	2.404e3
3908.8743	2.398e3
3909.3191	1.783e3
3909.9395	5.873e2
3910.3435	1.687e3
3910.9307	1.023e3
3911.3291	1.619e3
3911.6616	7.008e2
3912.1963	5.239e2
3913.5017	2.988e3
3913.9722	9.869e2
3914.2319	1.571e3
3914.6619	4.626e2
3915.3010	1.969e3
3915.8616	2.802e2
3916.2473	2.147e3
3916.6394	8.062e2
3917.2734	3.413e3
3918.2922	8.519e3
3919.3572	3.267e3
3919.6614	8.711e2
3920.2876	2.661e3
3920.9424	6.137e2
3921.3369	2.424e3
3921.9229	9.328e2
3922.3293	5.099e3
3923.3604	2.452e3
3923.6602	1.258e3
3924.3271	1.540e3
3924.9895	7.497e2
3925.3513	1.686e3
3925.9358	2.597e3
3926.2605	1.234e3
3926.6621	1.174e3
3926.9622	1.026e3
3927.8330	1.095e3
3928.5042	3.138e3
3929.2107	1.801e3
3929.6238	1.046e3
3930.1809	1.195e3
3930.5146	6.458e2
3931.2930	2.285e3
3931.8870	8.354e2
3932.2910	2.166e3
3932.5605	9.550e2
3932.9888	6.461e2
3933.3130	2.789e3
3933.6614	5.382e2
3934.3267	3.934e3
3934.7937	1.464e3
3935.2979	2.453e3
3935.7820	1.068e3
3936.2522	1.387e3
3936.9565	1.413e3
3937.3037	1.598e3
3937.8147	8.550e2
3938.4055	3.411e3
3939.1577	1.089e3
3939.3611	7.551e2
3940.1980	2.123e3
3940.5093	3.119e3
3941.2063	1.565e3
3941.5603	2.978e2
3941.9473	1.249e3
3942.3457	2.195e3
3942.7156	1.842e3
3943.3628	1.460e3
3943.8152	1.202e3
3944.3027	1.808e3
3944.8284	5.604e2
3945.4910	1.152e3
3945.9314	8.730e2
3946.3669	2.922e3
3946.7354	1.541e3
3947.3247	1.792e3
3947.9202	1.764e3
3948.3835	3.656e3
3948.8538	1.677e3
3949.3997	5.377e3
3949.9482	1.653e3
3950.3923	7.032e3
3951.3916	4.568e3
3952.3804	3.942e3
3952.6611	6.236e2
3953.3640	3.770e3
3953.7703	1.311e3
3954.2969	2.560e3
3954.9097	6.792e2
3955.2292	5.702e2
3955.6343	8.637e2
3955.9160	6.857e2
3956.3372	1.014e3
3956.5608	8.556e2
3957.0474	6.147e2
3957.3250	7.284e2
3957.8352	5.498e2
3958.3987	3.415e3
3958.7312	1.822e3
3959.2393	1.953e3
3959.6145	1.117e3
3960.3567	3.820e3
3960.9722	8.528e2
3961.3420	2.040e3
3961.5605	1.311e3
3961.8606	9.020e2
3962.3259	2.093e3
3962.6926	3.017e2
3962.9158	6.069e2
3963.3821	3.053e3
3963.6621	7.789e2
3963.9941	5.318e2
3964.4023	4.254e3
3964.8132	7.547e2
3965.3943	2.260e3
3965.6638	5.673e2
3966.0710	4.024e2
3966.4045	2.420e3
3966.8459	1.061e3
3967.4001	3.256e3
3967.8989	1.828e3
3968.4290	3.182e3
3969.1650	1.738e3
3969.4871	2.251e3
3970.1465	4.136e3
3970.6609	1.083e3
3971.2266	1.669e3
3972.2747	1.795e3
3972.8740	6.389e2
3973.4111	2.748e3
3973.9438	1.217e3
3974.3193	3.029e3
3974.8135	6.597e2
3975.3879	2.405e3
3976.3704	3.506e3
3976.8379	1.396e3
3977.3713	2.605e3
3977.7959	7.615e2
3978.0173	1.141e3
3978.4058	4.065e3
3978.8306	9.796e2
3979.4055	4.044e3
3979.8196	6.600e2
3980.3916	2.885e3
3980.9302	1.221e3
3981.4009	3.716e3
3982.2664	4.367e3
3982.9207	1.036e3
3983.6436	4.051e3
3983.9602	7.410e2
3984.3206	9.086e2
3984.7302	8.144e2
3985.2483	1.929e3
3985.5608	1.163e3
3986.2751	2.254e3
3986.7354	6.813e2
3987.3003	1.959e3
3988.3564	5.282e3
3988.8606	9.948e2
3989.3831	4.148e3
3989.9465	9.721e2
3990.3801	4.822e3
3990.9714	7.965e2
3991.4031	1.106e4
3991.8840	1.673e3
3992.4009	1.671e4
3992.8127	1.111e3
3993.4038	1.748e4
3993.9194	1.518e3
3994.3992	1.538e4
3994.8450	1.230e3
3995.0603	6.783e2
3995.4058	1.003e4
3995.9629	8.273e2
3996.4189	5.591e3
3996.9631	1.394e3
3997.3989	3.293e3
3997.8455	8.794e2
3998.4038	3.620e3
3998.9844	1.003e3
3999.3381	2.433e3
3999.8525	9.902e2
4000.3650	2.264e3
4000.8848	7.126e2
4001.3057	1.451e3
4001.6396	8.599e2
4001.8918	5.058e2
4002.4009	3.920e3
4002.8315	1.050e3
4003.3875	4.842e3
4003.7263	1.634e3
4004.3665	5.284e3
4004.8213	1.495e3
4005.4160	8.866e4
4005.8628	1.923e3
4006.4202	1.834e5
4006.8643	2.595e3
4007.4194	2.035e5
4007.8650	1.975e3
4008.4219	1.604e5
4008.9172	2.286e3
4009.4246	9.823e4
4009.9333	2.057e3
4010.4241	4.858e4
4010.9224	1.587e3
4011.4351	2.207e4
4012.0125	1.730e3
4012.4294	9.215e3
4013.0759	9.975e2
4013.4124	4.813e3
4013.9534	2.331e3
4014.4346	3.268e3
4014.7605	1.504e3
4015.3572	2.033e3
4015.7185	1.343e3
4016.3203	3.394e3
4016.9570	9.262e2
4017.3984	2.411e3
4017.7932	3.404e2
4018.4014	3.524e3
4018.9297	2.055e3
4019.4143	7.561e3
4020.0342	7.125e2
4020.4431	1.034e4
4020.9536	6.332e2
4021.4360	1.155e4
4021.9209	1.053e3
4022.4373	1.066e4
4022.9507	9.609e2
4023.4456	6.918e3
4023.8184	8.610e2
4024.4136	4.632e3
4024.9146	6.799e2
4025.3984	2.453e3
4026.0039	1.298e3
4026.4399	2.281e3
4026.8296	6.823e2
4027.3982	2.800e3
4027.9607	3.553e2
4028.4023	2.435e3
4029.3997	2.890e3
4029.8286	1.306e3
4030.3772	4.602e3
4030.6614	2.635e3
4031.3806	2.940e3
4031.7158	8.296e2
4032.0950	9.197e2
4032.3157	1.774e3
4032.9417	1.142e3
4033.4004	4.147e3
4033.8894	1.567e3
4034.4080	6.662e3
4034.8967	7.534e2
4035.4167	6.039e3
4035.9065	1.243e3
4036.4031	5.008e3
4037.0801	1.351e3
4037.4119	4.093e3
4038.0317	1.016e3
4038.4097	3.019e3
4039.4922	2.741e3
4039.9482	1.798e3
4040.4502	2.022e3
4041.3701	2.453e3
4041.8918	1.209e3
4042.4058	3.989e3
4042.8608	7.167e2
4043.3862	5.076e3
4043.8611	7.993e2
4044.3726	6.143e3
4044.9109	1.132e3
4045.3752	5.911e3
4045.7764	9.540e2
4046.3875	5.795e3
4046.7261	1.575e3
4047.3943	4.759e3
4048.4026	6.854e3
4048.7622	1.138e3
4049.4192	5.875e3
4049.9194	8.206e2
4050.4131	4.646e3
4050.7612	4.379e2
4051.1516	2.728e3
4051.4236	3.250e3
4051.8787	1.818e3
4052.3960	2.354e3
4052.6614	5.325e2
4053.0925	6.455e2
4053.3345	1.442e3
4053.7815	5.273e2
4053.9980	4.713e2
4054.4094	1.913e3
4054.8330	8.796e2
4055.3486	1.534e3
4055.7231	8.101e2
4056.3530	1.626e3
4056.8738	9.249e2
4057.2246	1.968e3
4057.5610	1.026e3
4057.9302	1.128e3
4058.3586	5.420e3
4058.8604	1.129e3
4059.3335	4.621e3
4059.7146	1.056e3
4060.3518	6.356e3
4060.8176	8.707e2
4061.3770	7.641e3
4062.3921	7.292e3
4062.8677	8.001e2
4063.4238	8.747e3
4063.8623	1.267e3
4064.4226	7.684e3
4064.7605	3.229e2
4065.0945	7.941e2
4065.4177	6.036e3
4065.8955	8.632e2
4066.4102	5.722e3
4066.9456	9.655e2
4067.4084	2.895e3
4068.3960	6.776e3
4069.3809	3.746e3
4070.4680	4.470e3
4071.4043	1.802e3
4072.3899	4.195e3
4072.8325	1.996e3
4073.4001	4.459e3
4074.4177	2.316e3
4074.8840	9.408e2
4075.4104	2.732e3
4075.7300	1.395e3
4076.0608	5.403e2
4076.4512	3.767e3
4077.0059	7.286e2
4077.4324	4.240e3
4077.8557	7.827e2
4078.4238	7.823e3
4078.8730	1.253e3
4079.4263	8.367e3
4079.9207	1.782e3
4080.4092	5.837e3
4081.4067	4.484e3
4081.9636	5.231e2
4082.4094	2.967e3
4083.3708	3.945e3
4083.7871	2.662e3
4084.3713	2.766e3
4084.7224	1.099e3
4085.3831	2.001e3
4085.6611	3.738e2
4086.3535	4.562e3
4086.8989	5.355e2
4087.3801	2.752e3
4087.8118	1.601e3
4088.3833	3.112e3
4088.7205	8.987e2
4089.4099	3.234e3
4089.9297	9.127e2
4090.3989	4.196e3
4090.8372	1.006e3
4091.4338	3.808e3
4091.9131	8.963e2
4092.4424	3.802e3
4092.7979	3.619e2
4093.3979	4.891e3
4093.9045	1.552e3
4094.3867	4.316e3
4094.7610	9.027e2
4095.0811	5.726e2
4095.3977	2.291e3
4095.9553	8.028e2
4096.3936	2.743e3
4096.8232	1.486e3
4097.3662	3.261e3
4098.2969	3.544e3
4098.7778	9.133e2
4099.3403	2.064e3
4099.9121	1.095e3
4100.3325	1.819e3
4100.7183	6.441e2
4101.4058	4.094e3
4101.9067	2.130e3
4102.4019	6.982e3
4102.8340	1.928e3
4103.4009	1.449e4
4104.3965	1.877e4
4105.4043	1.906e4
4105.8608	6.320e2
4106.4019	1.514e4
4106.9497	8.975e2
4107.4126	1.078e4
4107.9683	5.176e2
4108.4214	7.326e3
4108.8608	5.845e2
4109.4263	3.495e3
4109.9966	3.515e2
4110.4297	3.485e3
4111.2734	3.229e3
4111.8354	2.173e3
4112.3994	1.999e3
4112.8315	8.071e2
4113.3325	2.555e3
4113.9229	1.452e3
4114.3701	3.149e3
4115.4185	2.912e3
4116.3584	2.786e3
4117.4116	2.613e3
4118.4072	5.762e3
4119.4214	2.792e3
4120.3818	3.789e3
4120.9146	9.811e2
4121.3872	2.786e3
4121.7617	5.205e2
4122.0918	7.465e2
4122.4556	2.838e3
4123.3247	3.513e3
4123.8589	1.593e3
4124.3779	2.117e3
4124.9790	4.298e2
4125.3726	1.601e3
4126.3965	3.828e3
4126.9624	3.799e2
4127.3745	2.513e3
4127.7490	1.397e3
4128.3877	3.906e3
4128.8853	2.209e3
4129.3486	3.688e3
4129.7197	1.578e3
4130.4150	2.593e3
4131.3608	2.414e3
4132.0493	1.308e3
4132.3794	2.081e3
4132.8184	5.399e2
4133.1948	6.874e2
4133.5190	1.610e3
4133.9829	7.347e2
4134.3115	2.099e3
4134.8223	1.440e3
4135.4082	2.760e3
4135.8115	6.234e2
4136.4028	2.489e3
4137.4219	2.243e3
4138.3857	4.708e3
4138.7197	4.060e3
4139.4004	2.187e3
4139.8159	7.300e2
4140.3853	1.589e3
4140.8848	9.482e2
4141.3755	3.014e3
4141.8936	1.761e3
4142.3579	6.050e3
4143.3726	4.122e3
4143.7231	5.814e2
4144.3652	4.558e3
4145.3569	4.057e3
4145.7554	5.543e2
4146.3667	3.090e3
4146.6631	5.371e2
4147.4160	4.631e3
4148.3774	4.813e3
4148.7612	1.265e3
4149.3286	2.813e3
4150.3823	4.016e3
4150.8389	2.049e3
4151.4180	3.445e3
4152.4395	1.936e3
4153.2334	4.616e3
4154.3579	2.160e3
4154.9019	3.504e2
4155.3721	1.351e3
4155.9468	9.100e2
4156.3257	3.117e3
4156.8184	1.264e3
4157.3408	4.639e3
4158.3442	6.343e3
4158.6621	2.101e3
4159.3608	7.443e3
4159.9805	7.647e2
4160.3872	6.536e3
4160.9551	6.982e2
4161.3979	3.436e3
4161.9414	2.050e3
4162.4277	2.940e3
4162.7813	3.671e2
4163.4302	3.957e3
4164.4214	2.083e3
4165.3613	2.405e3
4165.7979	1.219e3
4166.4473	3.098e3
4167.2910	8.600e2
4167.7031	1.167e3
4168.1885	2.559e3
4168.6343	1.731e3
4168.9604	5.530e2
4169.3423	2.120e3
4169.8389	7.009e2
4170.3618	2.868e3
4170.9209	9.717e2
4171.4092	4.137e3
4171.8140	1.122e3
4172.4307	6.460e3
4172.9849	1.110e3
4173.4302	7.289e3
4173.9331	1.243e3
4174.4326	8.013e3
4174.9722	1.035e3
4175.4365	5.049e3
4175.8115	5.957e2
4176.4185	3.192e3
4177.4014	4.777e3
4177.8433	1.098e3
4178.4229	5.534e3
4178.9170	1.388e3
4179.4053	2.102e3
4179.8604	3.264e2
4180.4189	3.079e3
4180.9922	8.369e2
4181.3496	2.890e3
4182.1567	2.240e3
4182.6577	1.657e3
4183.3457	4.048e3
4183.8604	5.558e2
4184.3232	2.611e3
4184.7305	5.506e2
4185.0830	5.383e2
4185.3286	1.075e3
4185.7891	7.124e2
4186.3843	2.917e3
4186.9434	6.351e2
4187.4097	2.196e3
4188.0449	8.784e2
4188.4233	1.223e3
4188.8228	1.485e3
4189.4116	2.142e3
4189.6602	8.680e2
4190.1929	4.260e3
4191.0986	1.245e3
4191.3506	1.481e3
4191.9248	2.132e3
4192.3320	3.648e3
4193.0913	1.253e3
4193.4233	2.429e3
4193.8560	6.624e2
4194.3330	2.481e3
4194.9473	7.294e2
4195.3984	1.971e3
4196.2803	2.048e3
4196.9624	7.974e2
4197.2900	1.370e3
4197.9355	9.650e2
4198.3364	2.998e3
4198.9160	6.121e2
4199.3242	1.389e3
4199.7261	2.403e3
4200.4048	2.030e3
4201.4702	5.920e3
4202.3789	4.910e3
4202.8394	6.429e2
4203.3418	3.729e3
4203.9038	1.622e3
4204.3726	2.664e3
4204.8301	1.509e3
4205.3540	2.792e3
4205.9614	5.431e2
4206.4106	2.644e3
4207.3247	1.565e3
4207.5601	3.748e2
4207.9546	7.792e2
4208.3677	2.049e3
4208.9150	5.061e2
4209.3892	1.632e3
4210.1875	2.007e3
4210.4634	1.005e3
4210.8447	1.220e3
4211.3291	1.688e3
4211.7246	1.822e3
4212.2368	2.329e3
4212.5615	9.571e2
4213.3281	2.217e3
4213.8359	1.806e3
4214.3872	3.233e3
4214.9609	4.734e2
4215.3638	1.954e3
4216.3291	2.921e3
4216.9399	9.138e2
4217.2949	1.366e3
4217.8560	4.194e2
4218.3188	1.454e3
4218.5615	7.707e2
4218.9507	7.026e2
4219.3032	1.569e3
4219.6118	6.941e2
4219.9980	4.406e2
4220.2822	1.163e3
4221.2432	8.778e2
4222.1343	3.406e3
4222.5527	2.048e3
4223.0449	2.256e3
4223.6250	2.963e3
4224.2988	2.361e3
4224.9712	4.603e2
4225.3896	1.594e3
4226.3135	3.990e3
4226.9355	7.101e2
4227.2710	9.866e2
4227.5820	1.730e3
4228.0371	1.771e3
4228.3271	2.726e3
4228.7358	1.892e3
4229.4043	1.930e3
4229.7480	1.031e3
4230.4155	2.699e3
4231.0923	9.276e2
4231.4263	1.751e3
4231.9546	7.550e2
4232.4302	2.554e3
4233.4429	4.508e3
4234.4126	3.013e3
4235.3804	1.916e3
4236.2969	3.213e2
4236.8379	1.657e3
4237.1602	5.016e2
4237.4292	9.797e2
4237.9204	1.365e3
4238.4185	6.123e3
4238.8374	1.881e3
4239.3164	2.462e3
4240.2847	3.423e3
4240.7402	1.326e3
4241.3315	2.276e3
4241.6611	3.209e2
4242.3047	3.524e3
4242.9624	4.801e2
4243.3481	1.789e3
4243.7910	1.454e3
4244.3813	1.869e3
4244.7637	3.682e2
4245.4048	8.295e2
4245.9053	4.987e2
4246.4326	2.264e3
4246.9468	9.897e2
4247.3252	1.811e3
4247.9058	2.272e3
4248.3149	2.554e3
4248.6255	1.973e3
4249.1289	1.538e3
4249.4824	2.342e3
4250.2339	1.857e3
4250.4624	1.081e3
4250.9360	1.352e3
4251.3457	1.873e3
4252.0488	9.194e2
4252.2607	8.382e2
4252.9351	1.247e3
4253.3877	1.362e3
4254.3574	2.555e3
4254.9966	7.601e2
4255.3691	2.677e3
4255.9775	7.633e2
4256.2925	1.715e3
4256.5605	5.868e2
4256.8628	5.063e2
4257.3433	1.656e3
4257.7671	8.518e2
4258.3433	4.941e3
4258.8198	1.739e3
4259.5229	4.852e3
4259.9624	3.744e2
4260.4775	2.025e3
4261.3218	3.067e3
4262.3945	2.420e3
4262.8608	5.776e2
4263.3018	1.431e3
4263.6631	7.203e2
4264.3042	2.312e3
4264.8120	1.259e3
4265.2754	1.097e3
4265.8931	1.185e3
4266.2969	1.084e3
4266.5630	6.074e2
4267.1665	2.038e3
4267.7656	5.707e2
4268.3008	3.515e3
4268.8203	9.217e2
4269.3354	1.144e3
4269.6221	8.250e2
4270.4590	2.963e3
4270.8125	1.159e3
4271.3716	3.520e3
4272.3286	3.217e3
4273.0273	1.228e3
4273.3970	2.490e3
4274.0933	6.692e2
4274.3887	1.688e3
4275.3838	1.366e3
4275.9873	7.387e2
4276.3086	1.060e3
4276.5610	7.121e2
4276.9292	1.132e3
4277.3296	5.733e2
4277.7900	3.597e2
4278.2798	2.194e3
4278.8799	2.070e3
4279.3281	1.446e3
4279.5610	8.757e2
4280.0483	9.379e2
4280.4131	7.657e2
4280.8188	5.126e2
4281.1934	4.263e2
4281.4316	7.718e2
4281.9575	1.254e3
4282.3418	2.342e3
4282.8745	4.394e3
4283.3198	1.849e3
4284.1753	1.531e3
4284.5610	3.506e2
4284.8970	1.940e2
4285.4048	1.669e3
4285.8613	3.217e2
4286.2998	1.319e3
4287.1582	7.289e2
4287.6328	2.762e2
4288.0923	1.179e3
4288.5063	3.157e3
4289.1958	2.516e3
4290.1855	1.272e3
4290.5186	7.436e2
4291.4399	1.486e3
4291.8862	4.467e2
4292.2666	1.712e3
4292.7886	6.435e2
4293.2109	1.451e3
4293.7681	1.980e3
4294.2568	3.339e3
4294.8228	2.307e3
4295.0601	2.088e3
4295.9258	6.606e2
4296.3706	1.312e3
4296.6626	4.819e2
4297.2373	1.554e3
4297.8101	6.601e2
4298.1987	6.714e2
4298.4766	1.527e3
4299.2344	1.531e3
4299.6748	7.024e2
4299.8613	6.283e2
4300.3940	1.584e3
4300.6606	8.533e2
4301.2993	1.202e3
4301.5620	7.613e2
4302.2583	1.955e3
4302.6099	9.919e2
4303.3765	5.461e3
4304.2178	1.754e3
4304.8760	2.947e2
4305.2422	1.016e3
4305.9360	1.098e3
4306.1958	5.128e2
4306.6401	2.000e3
4307.0557	6.178e2
4307.3174	7.749e2
4308.1724	1.984e3
4308.8921	5.760e2
4309.2622	1.288e3
4309.6904	8.972e2
4309.9292	1.691e3
4310.4619	3.308e3
4310.7603	1.215e3
4311.1201	1.426e3
4311.8408	1.042e3
4312.2935	2.022e3
4312.5605	8.699e2
4313.0981	2.484e3
4313.6626	6.630e2
4314.1787	1.449e3
4314.6006	1.004e3
4315.2095	8.828e2
4315.8008	7.698e2
4316.2783	1.277e3
4317.2148	2.028e3
4317.7778	3.787e2
4318.1611	1.677e3
4318.5913	1.660e3
4319.0952	1.513e3
4319.4150	1.055e3
4319.9526	6.828e2
4320.3071	1.386e3
4320.7285	8.847e2
4321.1270	1.370e3
4321.4956	1.465e3
4321.8359	1.023e3
4322.2183	2.397e3
4323.1030	2.110e3
4323.8438	1.328e3
4324.2690	2.251e3
4324.9409	6.245e2
4325.3633	1.307e3
4325.6606	5.937e2
4326.2827	1.701e3
4326.5610	6.366e2
4326.9614	6.296e2
4327.2852	9.264e2
4327.7261	8.931e2
4328.4346	2.116e3
4328.8271	1.171e3
4329.3828	1.228e3
4329.8276	1.269e3
4330.1621	4.397e2
4330.5269	1.499e3
4330.7603	4.648e2
4331.0825	8.741e2
4331.3403	1.089e3
4331.8945	8.137e2
4332.4165	2.063e3
4332.8491	6.832e2
4333.2852	1.430e3
4333.9912	3.674e3
4334.4634	5.938e2
4335.0122	1.817e3
4335.7627	9.370e2
4336.2119	1.032e3
4336.5610	5.003e2
4336.8687	4.703e2
4337.3032	9.719e2
4338.3086	3.856e3
4338.6616	1.079e3
4339.3159	1.960e3
4339.7622	6.029e2
4340.2739	1.880e3
4340.6641	8.759e2
4341.2329	5.967e2
4341.4736	3.553e2
4341.8511	1.227e3
4342.3398	6.283e2
4342.6982	5.335e2
4343.0259	7.612e2
4343.5400	1.342e3
4344.2329	1.567e3
4344.7593	5.505e2
4345.2417	1.643e3
4345.9087	2.985e3
4346.4810	1.902e3
4347.0332	1.958e3
4347.7109	1.855e3
4348.3696	2.035e3
4348.7700	1.699e3
4349.3354	1.336e3
4349.6138	1.081e3
4350.0913	1.223e3
4350.6440	7.381e2
4350.9897	9.872e2
4351.3623	3.869e2
4351.9111	1.362e3
4352.4624	2.045e2
4353.0854	6.570e2
4353.3574	7.663e2
4354.3345	3.719e3
4354.9233	1.485e3
4355.3213	8.206e2
4355.9507	1.112e3
4356.3320	1.323e3
4357.1313	1.879e3
4357.5391	6.114e2
4357.9272	3.402e3
4358.5273	3.064e3
4358.9512	2.542e3
4359.5259	1.116e3
4360.0244	2.433e3
4360.5039	9.562e2
4360.9668	5.747e2
4361.2837	9.817e2
4361.9736	9.822e2
4362.6333	3.116e2
4363.1377	1.403e3
4363.6206	1.366e3
4364.3926	1.485e3
4364.7603	2.694e2
4365.3862	1.373e3
4366.1836	2.043e3
4366.6865	1.711e3
4367.1841	1.233e3
4367.7412	1.570e3
4368.0952	1.977e3
4368.6392	1.954e3
4369.0898	1.128e3
4369.4922	6.494e2
4369.8682	3.778e3
4370.5127	1.190e3
4370.9810	7.246e2
4371.4053	4.818e2
4372.1616	2.159e3
4372.6206	7.395e2
4373.3770	8.427e2
4373.6836	1.127e3
4374.2417	1.204e3
4374.6597	7.439e2
4375.1309	8.454e2
4375.5508	5.186e2
4376.4966	8.285e2
4377.0776	6.482e2
4377.7534	8.721e2
4378.2490	1.293e3
4378.6836	2.237e3
4379.0654	6.105e2
4379.4878	2.334e3
4380.0454	8.703e2
4380.6104	2.569e3
4381.4443	2.058e3
4381.7305	1.924e3
4382.4458	1.826e3
4383.0308	7.578e2
4383.3813	8.767e2
4384.2568	1.864e3
4384.6606	3.954e2
4385.0825	3.672e2
4385.6885	2.111e2
4385.9189	3.621e2
4386.4175	1.702e2
4387.0010	6.498e2
4387.2646	3.227e2
4387.6416	3.935e2
4387.9917	4.028e2
4388.2158	5.051e2
4388.5483	5.492e2
4389.2627	5.161e2
4389.6553	5.636e2
4390.0815	1.504e3
4390.4941	3.476e3
4391.1226	2.172e3
4391.6094	1.861e3
4392.0845	9.236e2
4392.3994	2.998e2
4392.7251	1.172e3
4393.2212	1.471e3
4393.6875	2.018e2
4394.3188	2.182e3
4395.2852	9.181e2
4395.7930	9.374e2
4396.7563	6.190e2
4397.1113	7.629e2
4397.7578	7.640e2
4398.1509	1.068e3
4398.4712	1.608e3
4399.0815	1.350e3
4399.5874	1.789e3
4400.1367	5.556e2
4400.6426	3.614e2
4401.0933	8.074e2
4401.5596	1.201e3
4402.1553	4.011e3
4402.8354	9.775e2
4403.2319	1.407e3
4403.8076	7.457e2
4404.1157	4.308e2
4404.6294	3.070e2
4405.0132	3.496e2
4405.2637	1.245e2
4405.9741	8.322e2
4406.3184	4.335e2
4407.1958	8.436e2
4407.4629	3.639e2
4408.2500	1.488e3
4408.6152	7.181e2
4409.0991	1.415e3
4409.3608	7.796e2
4409.7212	8.253e2
4410.2236	8.917e2
4410.5898	8.908e2
4411.1143	7.974e2
4411.8418	6.241e2
4412.1807	6.321e2
4412.6406	1.935e2
4413.3335	6.050e2
4413.7905	9.079e2
4414.5981	1.937e3
4415.2842	1.501e3
4416.6997	1.465e2
4417.1675	3.499e2
4417.4175	4.313e2
4418.3027	2.433e3
4418.7612	8.824e2
4419.5029	2.761e3
4420.2930	1.490e3
4421.0156	1.949e3
4421.3521	9.418e2
4421.7368	5.967e2
4422.2349	2.148e3
4422.6577	9.495e2
4423.1201	9.941e2
4423.6655	4.175e1
4424.4941	9.846e2
4424.9609	1.001e2
4425.5352	7.725e2
4426.0767	1.240e3
4426.7637	1.110e3
4427.6934	4.677e2
4428.2744	1.643e3
4428.7305	1.555e3
4429.2773	8.562e2
4429.5249	9.437e2
4430.3101	3.144e3
4430.8926	1.789e3
4431.5059	3.122e3
4432.1563	1.460e3
4432.4609	8.066e2
4432.7617	8.571e2
4433.4810	7.290e2
4434.3110	6.758e2
4434.9038	8.446e2
4435.5415	5.783e2
4435.9932	1.131e3
4436.3184	5.898e2
4437.0518	1.265e3
4437.7344	2.086e2
4438.3428	2.076e3
4439.2671	8.406e2
4439.5815	9.878e2
4439.9204	5.487e2
4440.2603	5.026e2
4440.8311	8.166e2
4441.1636	3.474e2
4441.9331	1.611e3
4442.3936	8.526e2
4442.6953	1.520e3
4443.0049	4.746e3
4443.5996	7.649e2
4444.3320	8.171e2
4444.9155	7.563e2
4445.6948	6.048e2
4446.0137	6.467e2
4446.7568	5.831e2
4447.1519	9.943e2
4447.6050	8.331e2
4448.1660	3.573e2
4448.7124	5.957e2
4449.1714	3.507e2
4449.6953	4.801e2
4449.9199	6.619e2
4450.4355	9.721e2
4450.7412	5.135e2
4451.0195	7.976e2
4451.8325	3.939e2
4452.7300	1.635e3
4453.1489	1.094e3
4453.4619	8.821e2
4453.7988	3.267e3
4454.2754	2.149e3
4454.9756	1.460e3
4455.5288	3.867e1
4456.0073	8.445e2
4456.3589	2.519e2
4456.7363	6.252e2
4457.1606	1.817e3
4457.6714	1.484e3
4458.2012	1.239e3
4458.9155	1.435e3
4459.2642	5.798e2
4460.1436	5.768e2
4460.3604	4.483e2
4460.8940	1.129e2
4461.1934	5.828e2
4461.6909	6.555e2
4462.2915	1.086e3
4462.7007	8.772e2
4463.1226	4.524e2
4463.4316	4.809e2
4464.0244	7.263e2
4464.3193	5.573e2
4464.8867	8.753e2
4465.2627	2.974e2
4465.6274	3.347e2
4466.1387	1.639e3
4466.6182	6.834e2
4467.0786	1.385e3
4467.6958	5.221e2
4468.2437	3.610e3
4468.7598	8.804e2
4469.4683	5.512e2
4470.0576	6.349e2
4470.6494	7.181e2
4471.3179	1.844e3
4471.5625	1.135e3
4471.8926	6.102e2
4472.1143	1.248e3
4472.6748	3.316e2
4473.2065	7.885e2
4473.8223	2.823e2
4474.2900	9.313e2
4474.5229	1.823e3
4475.0151	5.629e2
4475.3628	2.051e2
4475.7373	7.557e2
4476.0610	1.712e2
4476.5679	1.860e1
4476.9243	3.972e2
4477.2480	4.193e2
4478.0469	2.985e3
4478.7646	3.084e3
4479.6025	6.752e2
4480.3862	1.716e3
4480.8306	9.675e2
4481.1226	1.002e3
4481.7373	1.921e3
4482.2300	4.393e2
4482.6084	9.544e2
4483.0356	3.777e2
4483.3599	4.621e2
4483.9175	3.339e2
4484.5142	4.112e2
4484.9912	7.261e2
4485.5742	6.224e2
4485.7607	3.532e2
4486.1235	1.859e3
4486.5171	3.978e2
4486.9697	2.437e2
4487.3799	3.751e2
4488.1743	1.474e3
4488.6567	1.209e3
4489.2705	1.577e3
4489.5132	1.288e3
4490.0386	1.542e3
4490.6099	1.392e3
4490.9609	4.762e2
4491.5010	5.578e2
4491.9473	7.111e2
4492.2861	7.866e2
4492.6597	4.740e2
4493.1973	1.638e3
4493.6631	5.481e2
4494.3794	4.085e2
4494.7402	3.402e2
4495.0938	6.807e2
4495.4268	3.535e2
4495.8091	1.202e2
4496.2129	3.551e2
4496.7681	2.970e-1
4497.2813	2.643e2
4497.8091	7.414e2
4498.2456	1.879e3
4498.7495	1.926e3
4499.4204	4.003e2
