3500.2312	4.158e2
3500.7751	2.984e2
3501.1816	1.025e3
3501.8264	3.918e3
3502.5383	3.026e3
3502.8340	2.515e3
3503.3655	2.353e3
3504.3140	7.540e2
3504.6838	4.334e2
3505.1809	4.573e2
3505.6521	8.613e2
3506.0476	2.164e3
3506.4692	8.092e2
3506.9370	1.429e3
3507.7913	2.102e2
3508.2878	9.916e2
3508.7861	5.780e3
3509.5808	1.012e3
3510.3687	3.754e3
3510.8518	6.065e3
3511.3381	2.259e3
3512.0024	1.499e3
3512.3906	1.854e3
3512.8503	8.002e2
3513.2427	2.421e3
3513.6885	1.761e3
3514.4258	2.240e3
3514.8152	1.106e3
3515.1206	1.383e3
3516.0464	2.043e3
3517.1594	3.989e2
3517.4263	5.749e2
3518.4163	3.588e3
3518.8765	3.015e3
3519.1604	1.597e3
3519.8389	2.536e3
3520.3235	2.708e3
3520.8333	1.826e3
3521.1128	8.632e2
3521.5032	2.120e3
3522.1836	2.283e3
3522.6489	3.015e3
3523.3599	1.489e3
3523.9792	3.096e3
3524.7732	1.454e3
3525.2456	7.747e2
3525.7058	9.528e2
3526.2661	1.530e3
3526.5544	1.345e3
3526.9299	4.270e3
3527.7095	6.281e2
3528.3740	1.119e3
3528.8853	2.588e3
3529.4954	1.170e3
3529.7234	1.617e3
3530.1387	3.679e3
3530.5994	2.003e3
3531.0332	3.559e3
3531.7483	5.371e2
3532.0210	5.672e2
3532.8049	1.770e3
3533.6235	1.169e3
3533.9194	5.469e2
3534.4158	2.117e3
3535.0793	9.909e2
3535.3870	2.356e3
3535.8545	2.542e3
3536.5642	7.816e1
3536.9573	6.775e2
3537.2610	2.850e2
3537.7527	7.302e2
3538.0574	1.886e3
3538.6072	7.557e3
3539.1831	3.750e3
3539.6672	5.712e2
3540.3826	3.919e3
3540.8738	3.702e3
3541.4985	4.327e2
3541.8350	2.987e3
3542.6360	2.299e3
3542.9922	2.313e3
3543.2637	1.165e3
3544.0884	1.712e3
3544.3367	1.857e3
3545.1646	9.828e2
3545.8396	3.781e2
3546.2273	1.103e3
3546.6033	3.147e3
3547.0183	9.686e2
3547.3992	9.607e2
3547.9575	3.067e3
3548.8770	2.360e3
3549.0627	2.162e3
3549.7114	1.417e3
3550.3743	7.184e2
3550.5632	4.763e2
3551.1121	2.579e3
3551.3633	8.680e2
3551.9480	6.866e2
3552.1619	5.467e2
3552.7292	2.471e3
3553.6477	2.287e3
3554.1350	1.633e3
3554.7004	2.940e3
3555.3838	6.784e2
3556.1462	5.306e3
3556.9292	2.085e3
3557.4673	1.578e0
3558.1626	1.658e3
3558.5105	6.654e3
3558.9473	1.129e3
3559.2122	1.123e3
3559.8132	3.509e3
3560.4141	7.034e2
3560.8394	1.748e3
3561.1982	3.006e3
3561.6238	7.268e2
3562.1990	4.333e3
3562.7424	4.428e3
3563.1267	2.965e3
3563.3625	2.095e3
3563.9802	4.528e3
3564.3928	1.265e3
3564.8545	2.642e3
3565.1379	2.539e3
3565.9788	1.967e3
3566.9597	3.592e3
3567.7539	1.659e3
3568.4358	3.307e3
3568.9937	4.054e3
3569.4478	2.358e3
3570.1943	3.679e3
3570.6570	2.250e3
3571.2273	1.482e3
3571.8896	5.254e3
3572.4170	2.524e2
3572.8909	3.030e2
3573.2817	3.672e2
3573.8035	1.211e3
3574.2759	1.274e3
3574.6306	1.075e3
3575.1079	3.000e3
3575.8796	3.181e3
3576.3269	1.118e3
3576.8645	1.579e3
3577.1416	2.486e3
3577.7834	4.534e2
3578.1951	2.364e3
3578.7559	1.028e3
3579.0793	1.554e3
3579.5586	1.440e3
3579.9170	2.369e3
3580.3787	2.523e3
3580.8657	4.831e3
3581.2517	1.741e3
3581.6265	1.029e3
3581.8623	6.031e2
3582.2188	1.797e3
3582.6428	6.095e2
3583.1885	1.018e3
3583.4517	1.522e3
3584.0725	9.393e3
3584.7141	1.837e3
3585.6941	3.009e2
3586.1155	4.107e3
3586.9473	2.318e3
3587.4253	8.130e2
3587.7605	2.094e2
3588.2961	1.240e3
3588.8008	3.596e3
3589.2175	2.008e3
3589.7126	2.952e3
3590.1238	3.947e3
3590.4260	2.492e3
3591.3440	3.718e3
3591.6614	9.777e2
3592.1384	1.123e3
3592.7725	9.762e2
3593.0405	1.224e3
3593.6772	1.555e3
3594.2410	2.822e3
3594.5298	1.883e3
3595.2817	1.102e3
3595.6023	2.267e3
3596.1025	2.455e3
3596.4863	5.810e2
3596.8206	2.526e3
3597.1604	1.360e2
3597.7361	7.792e2
3598.2393	2.770e3
3598.6838	7.329e3
3599.1016	5.231e3
3599.4602	2.123e3
3600.2271	3.994e3
3600.7083	2.857e3
3601.2139	1.652e3
3602.0969	1.673e3
3602.6787	1.507e3
3603.3005	7.448e2
3603.6799	3.649e2
3603.9958	8.372e2
3604.3994	3.572e3
3605.2148	3.238e1
3605.8076	7.504e2
3606.2092	1.344e2
3606.7341	1.122e3
3607.3035	2.666e3
3608.0977	2.502e3
3608.5361	1.432e3
3608.9304	1.420e3
3609.2576	1.456e3
3609.7446	2.337e3
3610.2542	1.975e3
3610.6072	4.266e3
3611.0608	1.435e3
3611.7974	1.170e3
3612.1936	5.400e3
3613.0627	1.032e3
3613.7620	2.621e3
3614.1257	4.933e3
3615.0630	3.152e3
3615.7256	2.171e3
3616.1172	3.253e3
3616.6799	2.730e3
3617.0640	5.066e2
3617.7141	3.669e3
3618.1912	3.734e3
3618.5830	4.148e3
3619.3792	2.112e3
3620.1089	3.834e3
3620.6680	2.110e2
3620.9927	9.800e2
3621.5044	4.638e3
3622.1821	1.708e3
3622.4221	1.419e3
3622.7576	1.426e3
3623.3823	2.413e3
3623.6631	7.063e2
3623.9768	1.113e3
3624.2197	1.342e3
3624.6265	1.764e3
3624.8835	7.894e2
3625.2151	2.801e3
3625.8894	6.779e2
3626.2341	1.509e3
3626.9834	1.748e3
3627.6599	8.236e2
3628.0728	2.207e3
3628.5571	1.080e3
3629.0793	2.593e3
3629.3682	1.082e1
3629.9058	7.389e2
3630.3904	5.892e2
3630.7249	2.783e3
3631.0278	1.785e3
3631.6694	7.639e3
3631.9614	2.125e3
3632.9382	2.403e3
3633.6570	2.152e3
3634.2756	3.804e3
3634.6453	1.261e3
3635.0859	3.358e3
3635.5874	1.230e3
3635.8611	3.905e2
3636.2166	1.724e3
3636.7720	8.478e2
3637.1223	1.377e3
3637.6914	8.335e2
3638.1921	2.412e3
3638.9253	5.633e3
3639.5786	4.548e3
3640.3005	6.798e2
3640.8005	1.838e3
3641.2202	1.751e3
3641.6609	3.918e2
3642.1250	5.541e2
3642.7205	3.517e2
3643.5715	1.171e3
3643.9619	2.470e3
3644.8010	2.528e2
3645.7112	1.303e3
3646.1484	1.340e3
3646.4624	4.487e2
3646.9370	6.844e2
3647.2571	9.124e2
3647.6187	3.122e3
3648.3765	2.629e3
3648.8950	2.385e3
3649.3674	2.042e3
3649.7195	1.074e3
3650.2739	1.863e3
3650.9790	1.858e3
3651.7581	4.222e2
3652.0728	5.531e2
3652.7837	5.627e3
3653.3323	1.560e3
3653.9812	5.710e2
3654.3560	2.105e3
3654.6357	2.146e3
3655.1428	1.651e3
3655.5422	1.020e3
3656.0249	2.407e3
3657.0718	1.242e3
3657.6973	1.041e3
3658.5798	3.922e3
3658.8254	3.503e3
3659.1956	9.154e2
3659.5049	2.216e3
3659.9336	3.716e3
3660.4360	4.463e2
3660.9063	8.997e2
3661.3323	9.568e2
3661.7827	3.807e3
3662.1865	1.720e3
3662.6360	2.823e3
3663.0913	1.792e3
3663.4993	2.368e3
3663.8245	1.627e3
3664.2419	1.641e3
3664.6780	1.730e3
3665.2236	1.339e3
3665.8494	1.187e3
3666.2217	3.018e3
3666.5630	1.252e3
3667.0317	2.565e3
3667.6123	5.871e2
3668.3203	5.237e2
3668.7378	1.559e3
3670.2388	6.006e3
3670.9333	6.667e3
3671.6016	4.846e3
3672.3423	2.989e3
3672.9805	3.542e3
3673.3188	1.552e3
3673.7368	2.443e3
3674.2307	3.018e3
3674.5635	7.413e2
3675.0496	1.632e3
3675.5269	1.392e3
3676.0215	1.646e3
3676.7756	3.288e2
3677.0840	7.310e2
3677.5620	5.710e1
3678.1772	1.118e3
3678.5964	3.452e3
3679.2559	4.101e3
3679.6853	3.430e3
3680.2197	4.384e3
3680.6909	2.108e3
3681.2571	1.831e3
3681.6768	1.565e3
3682.3645	4.244e3
3682.8169	4.694e3
3683.3979	2.260e3
3683.9407	2.310e3
3685.1199	1.491e3
3686.0437	1.606e3
3686.4031	1.273e3
3686.7620	6.936e2
3687.0603	9.464e2
3687.6145	7.304e2
3688.0767	1.335e3
3688.4873	5.436e3
3688.9189	7.367e3
3689.3672	2.002e3
3689.6897	4.167e3
3690.2974	4.871e3
3690.6726	1.991e3
3691.0876	2.769e3
3691.5872	2.828e3
3692.2710	3.496e3
3692.9236	2.451e3
3693.2163	1.541e3
3693.5254	2.312e3
3694.2893	4.022e3
3694.6367	3.299e3
3695.2405	2.313e3
3696.0220	1.460e3
3696.6375	5.564e2
3697.4216	4.298e3
3698.1624	2.332e3
3698.7400	3.858e3
3699.1248	1.749e3
3699.6504	7.373e2
3700.2161	1.932e3
3700.8887	4.398e2
3701.3923	2.290e3
3701.7678	6.226e2
3702.4502	5.550e3
3703.2363	9.558e2
3703.5420	1.563e3
3703.8613	2.286e3
3705.1099	1.646e3
3705.6667	8.585e2
3706.3010	1.678e3
3706.8259	1.929e3
3707.2371	1.829e3
3707.5852	1.660e3
3708.2207	1.689e3
3708.9626	4.020e3
3709.2104	2.454e3
3709.7935	2.590e3
3710.3049	4.405e3
3710.7195	2.857e3
3711.1887	2.320e3
3711.6924	1.291e3
3712.1350	1.606e3
3712.6267	2.846e3
3713.0139	1.357e3
3713.3201	1.774e3
3713.7415	1.173e3
3714.1890	1.309e3
3714.6157	1.162e3
3715.0952	1.616e3
3715.6794	2.486e3
3716.1252	1.283e3
3716.8164	2.699e2
3717.1528	2.361e2
3717.4102	1.645e2
3718.6438	6.048e3
3719.3469	4.597e3
3719.9487	2.706e3
3720.9890	8.717e2
3721.3005	9.934e2
3721.5610	5.496e2
3722.2288	2.571e3
3722.6992	1.876e3
3723.3350	9.195e2
3724.3047	2.790e3
3724.6606	1.430e3
3725.2893	8.158e2
3726.2258	2.176e3
3726.5764	2.488e2
3726.9534	1.357e3
3727.1609	9.248e2
3727.8047	1.190e3
3728.3037	2.782e3
3728.9575	3.562e3
3729.3711	2.136e3
3729.8508	1.280e3
3730.2778	3.279e3
3730.6628	1.774e3
3730.9604	5.609e2
3731.4951	2.081e3
3732.3264	2.127e3
3733.1235	2.066e3
3733.5129	1.932e3
3733.9863	1.536e3
3734.2542	2.265e3
3734.8083	2.761e3
3735.6538	4.623e2
3735.9353	4.568e2
3736.7942	3.221e3
3737.2661	3.325e3
3737.7947	2.227e2
3738.2041	1.915e3
3738.6333	2.210e3
3739.2305	5.791e2
3739.9316	2.581e3
3740.6099	2.302e2
3741.2119	7.310e2
3741.6436	7.377e2
3741.9648	8.022e2
3742.3682	1.964e3
3742.6189	1.966e3
3743.5034	5.617e3
3744.3884	1.974e3
3744.7410	6.851e2
3744.9607	5.414e2
3745.2637	3.874e2
3745.6807	4.975e2
3746.3508	5.567e3
3747.3062	1.265e3
3747.7053	1.926e3
3748.4587	3.962e3
3748.8472	1.799e3
3749.2976	2.963e3
3750.2129	1.850e3
3750.7485	3.734e3
3751.1165	2.111e3
3751.7886	8.479e3
3752.2725	4.524e3
3753.6475	2.659e3
3754.2981	3.643e3
3754.8242	2.026e3
3755.5278	2.780e3
3756.1982	2.087e3
3756.9956	3.865e3
3757.6196	1.768e3
3758.3728	4.599e3
3758.9084	2.125e3
3759.5481	1.982e3
3759.8213	1.231e3
3760.4131	4.793e3
3760.8535	8.396e3
3761.3401	4.590e3
3761.8674	2.799e3
3762.2175	1.956e3
3762.6418	1.010e3
3763.5752	2.965e3
3763.8618	1.357e3
3764.2830	2.367e3
3764.8955	2.035e3
3765.2197	1.005e3
3766.2874	5.206e3
3766.7346	1.442e3
3767.2114	2.586e3
3767.6809	1.607e3
3768.7065	6.629e3
3769.0588	2.677e3
3769.4241	5.754e3
3770.2043	2.038e3
3770.8135	2.962e3
3771.6545	3.185e3
3772.0625	1.761e3
3772.6379	9.233e2
3773.0071	1.270e3
3773.4158	1.803e3
3773.9568	1.948e3
3774.2195	1.736e3
3774.6050	2.091e3
3774.8635	1.158e3
3775.4065	4.140e3
3776.0525	2.083e3
3776.8247	3.934e3
3777.7144	8.642e2
3778.2551	1.055e4
3778.7185	7.969e3
3779.1116	2.895e3
3779.5649	7.317e3
3780.0564	3.538e3
3780.9084	5.794e3
3781.8252	4.303e3
3782.2461	3.683e3
3782.7092	2.185e3
3783.0398	1.481e3
3783.5176	3.635e3
3784.0061	1.616e3
3784.5798	9.961e2
3785.2561	2.192e3
3785.7820	8.465e2
3786.1245	1.684e3
3786.4614	7.679e2
3787.0779	1.168e3
3787.8523	2.683e3
3788.3232	3.813e3
3788.7629	5.146e3
3789.3745	1.402e3
3789.7212	6.792e2
3790.2654	2.593e3
3790.8157	2.528e3
3791.1111	1.433e3
3791.5369	2.100e3
3791.9102	2.709e3
3792.3733	3.192e3
3793.0984	1.615e3
3793.5144	3.894e3
3794.2444	2.211e3
3794.6836	9.224e2
3795.0010	2.443e3
3795.6726	1.863e3
3796.2830	3.345e3
3796.9141	2.849e3
3797.4150	2.187e3
3797.8147	7.310e2
3798.2236	2.711e3
3798.6255	3.117e3
3799.0840	5.278e3
3799.5947	5.450e3
3799.8652	4.050e3
3800.4385	1.899e3
3800.9268	2.855e3
3801.5190	1.468e3
3801.8333	1.147e3
3802.2012	1.611e3
3802.7527	1.278e3
3802.9602	4.859e2
3803.3696	2.243e3
3803.6614	6.172e2
3804.2532	1.401e3
3804.8701	1.090e3
3805.3586	1.034e3
3806.2209	5.672e3
3806.7639	1.496e3
3807.2002	3.207e3
3807.6387	2.867e3
3808.3730	4.404e3
3808.8333	6.274e3
3809.3311	1.774e3
3809.6631	1.030e3
3810.2634	3.244e3
3810.6348	1.546e3
3811.0229	1.433e3
3811.5225	1.394e3
3811.8906	4.474e2
3812.1970	1.282e3
3812.6399	5.969e2
3813.1101	1.562e3
3813.6433	2.081e3
3813.9617	5.189e2
3814.5405	7.854e3
3814.9551	2.944e3
3815.3254	2.094e3
3815.9626	4.287e3
3816.4497	1.114e3
3816.8884	1.300e3
3817.1970	3.467e3
3817.7820	9.358e2
3818.4993	4.831e3
3818.7622	2.249e3
3819.1184	2.943e3
3819.5269	1.980e3
3819.9575	1.483e3
3820.3252	4.075e3
3820.9175	2.064e3
3821.3032	3.497e3
3821.9568	7.391e2
3822.3196	3.360e3
3822.6733	3.808e2
3823.4268	6.868e3
3823.8564	2.976e3
3824.2971	2.806e3
3824.8076	1.166e3
3825.2151	5.421e2
3825.9663	8.796e2
3826.3733	1.824e3
3827.1428	2.859e3
3827.5901	1.822e3
3827.9165	1.475e3
3828.4307	2.297e3
3828.7256	2.442e3
3829.1733	2.119e3
3829.6633	3.328e2
3830.2019	2.896e3
3830.9131	1.845e3
3831.4907	6.260e2
3831.8347	1.578e3
3832.4922	5.678e3
3833.3030	3.691e3
3833.7004	2.913e3
3834.2854	3.528e3
3834.8057	2.469e3
3835.4312	3.023e3
3835.8296	1.770e3
3836.2878	2.946e3
3836.8892	2.126e3
3837.3020	4.651e3
3837.8105	8.942e2
3838.3120	6.379e3
3839.2578	4.823e3
3840.2573	1.909e3
3840.9980	3.918e3
3841.3264	2.172e3
3841.9019	3.041e3
3842.4348	4.504e3
3842.7615	1.149e3
3843.5488	2.974e3
3843.9683	1.204e3
3844.3376	2.558e3
3844.9023	1.230e3
3845.3259	1.198e3
3846.2703	2.886e3
3846.4609	1.837e3
3846.9785	1.369e3
3847.3757	1.794e3
3847.8948	1.533e3
3848.3540	4.937e3
3848.6909	5.091e3
3849.2256	3.278e3
3849.7146	4.394e3
3850.3530	5.442e3
3850.9341	4.150e3
3851.3438	3.092e3
3851.8882	2.820e3
3852.3848	3.802e3
3852.8928	1.720e3
3853.3445	2.330e3
3853.8271	2.280e3
3854.3689	4.077e3
3854.7446	1.380e3
3855.3586	7.622e3
3855.8145	1.851e3
3856.4919	5.155e3
3856.9832	1.153e3
3857.3206	2.250e3
3857.9746	1.496e3
3858.3621	3.430e3
3858.9170	3.679e3
3859.4233	9.899e3
3860.2798	2.568e3
3860.8787	2.535e3
3861.3635	3.010e3
3862.3757	7.761e3
3862.7207	3.330e3
3863.3667	5.845e3
3863.8396	1.269e3
3864.2969	5.937e3
3864.9661	9.384e2
3865.3064	4.731e3
3865.8672	1.679e3
3866.3098	4.573e3
3866.6619	1.171e3
3867.3801	2.814e3
3867.8704	9.012e2
3868.3379	4.327e3
3868.7844	6.624e3
3869.6973	2.387e3
3870.1157	2.205e3
3870.5442	4.499e3
3870.8633	2.169e3
3871.3242	3.260e3
3871.8667	2.073e3
3872.4021	3.254e3
3872.8267	1.705e3
3873.4004	4.029e3
3874.3044	2.367e3
3874.7969	4.851e3
3875.3198	2.188e3
3876.3220	5.974e3
3876.7605	2.426e3
3877.3809	6.910e3
3877.6616	1.849e3
3877.9248	1.984e3
3878.3645	1.108e4
3878.9021	3.944e3
3879.3228	7.417e3
3879.6609	4.874e2
3879.9963	9.205e2
3880.3333	7.964e3
3880.6726	1.096e3
3880.9121	1.622e3
3881.3501	4.378e3
3881.5615	3.285e3
3882.2490	5.423e3
3882.6638	7.092e2
3883.3464	4.731e3
3883.9106	1.995e3
3884.3840	3.136e3
3885.0706	1.160e3
3885.6650	3.436e3
3886.3621	3.771e3
3886.8044	4.040e3
3887.2153	2.444e3
3887.6135	1.303e3
3888.0273	2.581e3
3888.4133	3.514e3
3888.8645	6.866e2
3889.2275	2.353e3
3889.8064	1.835e3
3890.3682	4.164e3
3890.8228	1.456e3
3891.4482	4.104e3
3892.3965	6.013e3
3892.8887	1.735e3
3893.3120	3.047e3
3894.3274	4.331e3
3894.9182	1.435e3
3895.3618	3.467e3
3895.7756	2.345e3
3896.3572	1.351e3
3896.7778	2.936e3
3897.2468	3.126e3
3897.9316	2.709e3
3898.3262	3.520e3
3898.6182	2.922e3
3899.1831	2.700e3
3899.6760	3.495e3
3900.2205	1.249e3
3901.1516	3.779e3
3901.7981	1.411e3
3902.3223	2.110e3
3902.7822	1.455e3
3903.3562	2.477e3
3903.6130	3.538e3
3904.3848	3.402e3
3904.8101	3.839e3
3905.3811	4.864e3
3905.9536	1.879e3
3906.3611	4.655e3
3906.7739	1.368e3
3906.9604	8.773e2
3907.3740	5.287e3
3908.1140	8.252e3
3908.3616	3.105e3
3908.8511	4.261e3
3909.3398	1.554e3
3909.6604	1.052e3
3910.3528	2.533e3
3910.7249	1.372e3
3911.1565	2.740e3
3911.6284	1.152e3
3911.8625	8.900e2
3912.3413	8.869e2
3912.6340	6.739e2
3912.9905	8.316e2
3913.4016	2.743e3
3914.0112	4.817e3
3914.6560	1.308e3
3915.4099	2.311e3
3915.7146	1.103e3
3916.2268	2.207e3
3916.7446	2.509e3
3917.2468	1.762e3
3917.4622	1.277e3
3918.3567	1.240e4
3919.4287	5.048e3
3919.9363	2.185e3
3920.3606	5.369e3
3920.9436	1.110e3
3921.3630	3.695e3
3921.8469	1.424e3
3922.3826	6.665e3
3922.7625	1.320e3
3923.4084	5.156e3
3923.9722	1.848e3
3924.3193	2.370e3
3924.9399	2.791e3
3925.4360	2.061e3
3925.7478	1.647e3
3926.3210	5.384e3
3926.8728	5.655e2
3927.2065	1.851e3
3927.5098	1.039e3
3927.8943	8.266e2
3928.2505	1.814e3
3928.5784	3.864e3
3929.3010	2.111e3
3929.6113	1.077e3
3930.2930	3.625e3
3930.8953	2.257e3
3931.3240	2.942e3
3931.6929	4.920e2
3932.0955	2.390e3
3932.3701	4.153e3
3932.9895	3.700e3
3933.3447	4.995e3
3933.7273	2.602e3
3933.9602	1.471e3
3934.4053	8.222e3
3934.9604	9.097e2
3935.3528	5.829e3
3935.9568	2.679e3
3936.3171	4.962e3
3936.8015	2.931e3
3937.3586	6.583e3
3938.4011	4.096e3
3938.6626	1.914e3
3939.3752	4.666e3
3939.8230	1.528e3
3940.1646	1.897e3
3940.5020	4.727e3
3941.1821	4.920e3
3941.8918	2.742e3
3942.1917	2.158e3
3942.4436	3.082e3
3942.7629	2.400e3
3943.3203	3.585e3
3943.7451	2.120e3
3944.3018	1.733e3
3944.7180	3.483e3
3945.3511	2.337e3
3945.7205	1.129e3
3946.2957	6.850e3
3946.6606	2.444e3
3947.4641	4.342e3
3947.9341	2.439e3
3948.3923	7.187e3
3948.8931	2.377e3
3949.3938	8.405e3
3949.9258	3.881e3
3950.3889	1.117e4
3950.7952	2.841e3
3951.3984	7.116e3
3951.7307	1.589e3
3952.4170	6.408e3
3952.7617	8.097e2
3953.3655	7.116e3
3953.8452	2.861e3
3954.3716	6.377e3
3955.3020	2.867e3
3955.9307	3.197e3
3956.2625	1.390e3
3956.6160	1.447e3
3957.4045	3.676e3
3958.3647	4.994e3
3958.6287	4.827e3
3958.9604	6.788e2
3959.4358	5.751e3
3960.3950	8.647e3
3961.3499	4.559e3
3961.6602	2.227e3
3962.3682	4.839e3
3962.9238	2.054e3
3963.3950	5.873e3
3963.6609	1.473e3
3964.3909	1.092e4
3964.7920	1.126e3
3965.4182	6.766e3
3965.7605	3.978e3
3966.3987	6.570e3
3966.6614	7.002e2
3967.2561	1.126e4
3968.0012	2.419e3
3968.4983	9.079e3
3969.1240	3.284e3
3969.4988	4.062e3
3970.0576	7.792e3
3970.3638	3.759e3
3971.3467	4.836e3
3971.7102	7.174e2
3972.3223	3.414e3
3972.7231	1.779e3
3973.4004	4.305e3
3973.9148	2.398e3
3974.3577	6.463e3
3974.9897	1.670e3
3975.3857	7.182e3
3976.3857	7.727e3
3976.8010	3.004e3
3977.3906	7.530e3
3977.9785	1.779e3
3978.3896	1.194e4
3979.3943	1.176e4
3979.7866	2.252e3
3980.3972	6.868e3
3980.8328	6.089e3
3981.3877	1.066e4
3982.2781	1.087e4
3982.7612	8.657e2
3983.3359	2.758e3
3983.6987	3.626e3
3983.9614	1.154e3
3984.3320	2.544e3
3985.4277	1.041e4
3986.0945	1.870e3
3986.4084	3.552e3
3986.7214	3.474e3
3987.3335	2.913e3
3988.3245	1.199e4
3989.0547	3.363e3
3989.4226	9.723e3
3989.8887	3.391e3
3990.3987	1.258e4
3990.9280	3.231e3
3991.4045	7.376e4
3991.8276	3.183e3
3992.4075	1.448e5
3992.8643	1.984e3
3993.4077	1.551e5
3993.8997	4.342e3
3994.4094	1.262e5
3994.9146	2.959e3
3995.4087	7.608e4
3995.9319	4.273e3
3996.4124	3.865e4
3996.9441	2.801e3
3997.4148	1.961e4
3997.8914	2.278e3
3998.4136	1.045e4
3998.9539	4.452e3
3999.3914	6.297e3
3999.9658	1.629e3
4000.3469	3.292e3
4000.6628	2.624e3
4001.3655	5.816e3
4001.9797	1.618e3
4002.3892	7.208e3
4003.0342	2.704e3
4003.4788	8.894e3
4004.0044	4.833e3
4004.4031	8.159e3
4004.8176	3.513e3
4005.4187	2.182e5
4005.8511	5.314e3
4006.4209	4.420e5
4006.8655	4.805e3
4007.4221	4.845e5
4007.8652	5.365e3
4008.4229	3.949e5
4008.9277	7.136e3
4009.4226	2.377e5
4009.9504	5.138e3
4010.4294	1.225e5
4010.9680	4.437e3
4011.4292	5.421e4
4011.9812	3.147e3
4012.4333	2.431e4
4012.9895	2.280e3
4013.4209	1.364e4
4013.9172	5.215e3
4014.4119	9.393e3
4014.8284	3.276e3
4015.3376	6.041e3
4015.6731	7.777e2
4016.3591	9.114e3
4016.8208	2.392e3
4017.3979	5.803e3
4017.7605	2.040e3
4018.4175	6.429e3
4018.9226	3.632e3
4019.3936	1.130e4
4019.9211	2.972e3
4020.4065	1.499e4
4020.8596	1.458e3
4021.4224	1.807e4
4021.8398	2.680e3
4022.4175	2.043e4
4023.0686	2.023e3
4023.4124	1.564e4
4023.8694	3.198e3
4024.4114	1.177e4
4024.7622	1.946e3
4025.3982	1.176e4
4025.9148	1.835e3
4026.3994	7.821e3
4026.6604	2.790e3
4027.4045	8.862e3
4028.4150	1.170e4
4029.3965	9.220e3
4029.9326	2.581e3
4030.4004	1.755e4
4031.3848	1.218e4
4032.3367	8.937e3
4032.6736	8.357e2
4032.9683	1.644e3
4033.3975	1.170e4
4033.8169	1.988e3
4034.4153	1.964e4
4034.9331	9.715e2
4035.4158	1.720e4
4035.8687	2.236e3
4036.4260	1.846e4
4037.4050	1.419e4
4037.9399	1.511e3
4038.4089	1.394e4
4038.9619	1.767e3
4039.4128	1.113e4
4039.8130	2.876e3
4040.4058	6.720e3
4040.9839	2.218e3
4041.3875	7.025e3
4041.6604	2.131e3
4042.4253	9.483e3
4043.3997	1.167e4
4044.3845	1.412e4
4045.3652	1.841e4
4045.6606	1.958e3
4046.4365	2.256e4
4047.3901	1.575e4
4048.4070	2.559e4
4048.9160	2.181e3
4049.4229	2.407e4
4049.9607	1.575e3
4050.4114	2.000e4
4051.0732	6.867e3
4051.4180	1.576e4
4051.8743	3.054e3
4052.4177	1.154e4
4052.9761	1.646e3
4053.4055	7.452e3
4053.9363	1.613e3
4054.3928	6.370e3
4054.8115	1.370e3
4055.3799	5.151e3
4055.7939	1.454e3
4056.3682	4.295e3
4056.8662	2.478e3
4057.3938	5.758e3
4057.9229	2.924e3
4058.3691	9.916e3
4058.8232	3.981e3
4059.3511	1.073e4
4059.9109	2.750e3
4060.3633	1.397e4
4060.8394	2.476e3
4061.3569	1.455e4
4061.6616	2.507e3
4062.3918	1.673e4
4062.9519	1.983e3
4063.4546	2.345e4
4064.4067	2.207e4
4064.7607	7.799e2
4065.0737	1.495e3
4065.4219	1.411e4
4065.8953	4.327e3
4066.4441	1.596e4
4066.8306	1.778e3
4067.4519	1.363e4
4067.8914	1.754e3
4068.3486	1.847e4
4069.0122	4.496e3
4069.3972	9.658e3
4069.9399	1.123e3
4070.4177	1.482e4
4070.9641	2.288e3
4071.3979	8.615e3
4071.7629	1.568e3
4072.4109	1.445e4
4072.9285	1.525e3
4073.3955	1.103e4
4074.4077	6.467e3
4074.8594	2.604e3
4075.4282	6.655e3
4075.9121	2.417e3
4076.4299	1.120e4
4077.4265	1.134e4
4077.7642	1.420e3
4078.4409	1.611e4
4078.9167	3.402e3
4079.4246	1.841e4
4080.0859	4.985e3
4080.3877	1.434e4
4081.0984	1.693e3
4081.4136	7.674e3
4081.8206	1.991e3
4082.3896	7.143e3
4082.9509	1.703e3
4083.3650	6.852e3
4083.6628	2.812e3
4083.9609	1.356e3
4084.3872	5.723e3
4084.8806	1.959e3
4085.3787	7.252e3
4086.3669	9.153e3
4086.9302	3.216e3
4087.3977	7.325e3
4087.7605	2.385e3
4088.4082	1.052e4
4088.8777	1.914e3
4089.3955	9.575e3
4089.9919	1.980e3
4090.3958	1.637e4
4090.9727	1.191e3
4091.4045	1.577e4
4092.4021	1.371e4
4093.3584	1.571e4
4093.8931	3.486e3
4094.4185	1.425e4
4094.9375	1.748e3
4095.3770	8.876e3
4095.9172	2.575e3
4096.3809	9.593e3
4096.8613	1.488e3
4097.3813	9.682e3
4097.8540	1.289e3
4098.3706	8.965e3
4099.3726	5.855e3
4099.6611	1.550e3
4100.3540	5.114e3
4100.8164	1.192e3
4101.4155	8.962e3
4101.9351	2.348e3
4102.4072	1.200e4
4102.8423	3.278e3
4103.4263	2.309e4
4103.9282	2.619e3
4104.3955	2.860e4
4105.3999	3.369e4
4106.4009	2.901e4
4106.8135	1.845e3
4107.3950	2.235e4
4108.3970	2.377e4
4108.9673	7.996e2
4109.3877	1.136e4
4109.8247	1.019e3
4110.3804	8.463e3
4110.9448	2.492e3
4111.3740	7.223e3
4111.7168	2.983e3
4112.4316	6.685e3
4112.8799	2.517e3
4113.3667	6.352e3
4113.9321	2.341e3
4114.3911	6.753e3
4114.8604	5.599e2
4115.4063	6.071e3
4115.9512	1.204e3
4116.4336	6.236e3
4116.9033	1.168e3
4117.4819	7.595e3
4118.4351	1.181e4
4118.9521	1.835e3
4119.4531	5.576e3
4119.8608	1.432e3
4120.4443	8.813e3
4121.4326	8.614e3
4121.9346	1.212e3
4122.4233	7.640e3
4123.3647	8.654e3
4123.8291	2.412e3
4124.3906	4.954e3
4124.7612	9.087e2
4125.3604	6.570e3
4125.9766	1.193e3
4126.4116	9.649e3
4127.3750	8.027e3
4127.8311	2.080e3
4128.3945	1.168e4
4128.9102	5.971e3
4129.4028	1.578e4
4129.9150	1.492e3
4130.4521	1.281e4
4131.4053	8.811e3
4132.0513	3.202e3
4132.3970	7.431e3
4133.4629	9.291e3
4133.9951	1.335e3
4134.4277	9.029e3
4134.9761	1.686e3
4135.4058	8.939e3
4135.8608	1.113e3
4136.4243	7.127e3
4136.9546	1.542e3
4137.4131	5.176e3
4138.4150	1.241e4
4138.7607	3.989e3
4139.3784	5.603e3
4139.8804	1.862e3
4140.3877	4.126e3
4140.9053	1.507e3
4141.3555	6.633e3
4141.9038	1.818e3
4142.3545	1.281e4
4142.8618	6.235e2
4143.3779	1.374e4
4143.8613	1.352e3
4144.3740	1.194e4
4144.8936	1.473e3
4145.3589	1.164e4
4145.7607	1.271e3
4146.3848	9.120e3
4146.8945	1.344e3
4147.4146	1.195e4
4148.4097	1.507e4
4148.9170	1.860e3
4149.3984	1.031e4
4150.0815	3.845e3
4150.3350	8.803e3
4150.9561	1.944e3
4151.4722	1.058e4
4152.3770	5.542e3
4153.2183	1.085e4
4154.4678	6.129e3
4154.9116	7.754e2
4155.3638	4.189e3
4155.7563	1.240e3
4156.3276	8.363e3
4156.7915	3.115e3
4157.3882	1.073e4
4158.3462	1.260e4
4158.7832	6.123e3
4159.3330	1.138e4
4160.0415	6.795e3
4160.3843	9.690e3
4160.9287	1.193e3
4161.4019	7.845e3
4162.0718	2.973e3
4162.4639	9.838e3
4163.4355	9.682e3
4163.9365	1.093e3
4164.4341	5.722e3
4165.4326	5.625e3
4166.3994	9.562e3
4167.4019	5.498e3
4168.3545	1.151e4
4169.3667	6.415e3
4169.8589	2.943e3
4170.3750	7.414e3
4171.3926	7.757e3
4171.6616	2.117e3
4172.4282	8.899e3
4172.8228	1.103e3
4173.4077	9.703e3
4173.8848	2.604e3
4174.4175	1.026e4
4174.8247	1.672e3
4175.4048	8.631e3
4176.3687	5.042e3
4177.3921	7.030e3
4178.4785	1.170e4
4179.2627	5.963e3
4179.8340	1.205e3
4180.3584	6.567e3
4181.3730	6.704e3
4181.9771	1.482e3
4182.3389	4.329e3
4182.8091	2.173e3
4183.3550	7.450e3
4183.8218	3.033e3
4184.3174	5.752e3
4184.9336	1.290e3
4185.3740	4.249e3
4186.3779	8.558e3
4187.3608	5.698e3
4188.3682	5.521e3
4188.8018	2.577e3
4189.3306	6.821e3
4190.2134	1.166e4
4190.8286	1.356e3
4191.3389	5.368e3
4191.7603	1.730e3
4192.3203	1.164e4
4192.9736	1.659e3
4193.3809	8.082e3
4193.9844	1.453e3
4194.3184	5.367e3
4195.3101	5.492e3
4196.3291	3.952e3
4196.8921	8.396e2
4197.2988	4.735e3
4197.8257	8.942e2
4198.3569	6.130e3
4198.8408	1.578e3
4199.3569	4.386e3
4199.7959	4.253e3
4200.4429	5.153e3
4200.8193	2.038e3
4201.4150	5.636e3
4201.9258	2.116e3
4202.3901	6.723e3
4202.8418	7.740e2
4203.3325	6.813e3
4204.3579	6.039e3
4204.7134	2.246e3
4205.3696	6.275e3
4205.9243	1.205e3
4206.3726	8.520e3
4207.3652	4.416e3
4207.7495	1.802e3
4208.3579	5.781e3
4208.8999	5.428e2
4209.3228	4.457e3
4210.4331	7.364e3
4210.9980	2.741e3
4211.2261	4.072e3
4211.6655	4.816e3
4212.3613	4.390e3
4212.8296	1.678e3
4213.3657	6.878e3
4214.2017	7.626e3
4214.6177	3.288e3
4215.3159	4.074e3
4215.8657	1.988e2
4216.4414	5.975e3
4216.8687	1.253e3
4217.3984	2.157e3
4218.3555	4.541e3
4218.7256	2.183e3
4219.3218	5.264e3
4219.7612	1.322e3
4220.2925	2.528e3
4220.7334	6.183e2
4221.3750	2.650e3
4222.1641	7.858e3
4222.4604	3.466e3
4222.8125	3.578e3
4223.3481	4.786e3
4223.6172	4.799e3
4224.3408	6.178e3
4224.9609	2.014e3
4225.3374	4.677e3
4225.8862	9.154e2
4226.3682	8.523e3
4227.3481	4.765e3
4228.3057	1.300e4
4229.3232	7.078e3
4229.8408	1.160e3
4230.3447	6.092e3
4231.3145	3.634e3
4231.8477	4.343e2
4232.3599	3.320e3
4232.8979	6.699e2
4233.3267	5.497e3
4233.7163	2.970e3
4234.2944	7.804e3
4235.3438	4.350e3
4236.3818	2.611e3
4236.6606	6.290e2
4237.4023	3.095e3
4237.6631	1.769e3
4238.2686	4.196e3
4238.5190	5.815e3
4239.2598	5.425e3
4239.7441	1.084e3
4240.2856	7.584e3
4240.8262	1.631e3
4241.3799	6.233e3
4241.9561	9.652e2
4242.3506	5.942e3
4243.3506	6.127e3
4244.3408	6.040e3
4244.8779	4.407e2
4245.3311	4.296e3
4245.9814	1.892e3
4246.3555	8.436e3
4247.3921	8.461e3
4247.8618	1.154e3
4248.3428	6.759e3
4249.0854	8.224e3
4249.6255	2.321e3
4250.4370	8.096e3
4250.8975	1.209e3
4251.3618	4.108e3
4252.1392	5.862e3
4252.7715	1.881e3
4253.4658	4.790e3
4253.8618	4.135e2
4254.3486	5.678e3
4255.3066	1.000e4
4256.3726	5.840e3
4257.3491	5.167e3
4258.2651	1.108e4
4259.2476	4.364e3
4259.5190	4.406e3
4260.3760	4.795e3
4260.8716	1.037e3
4261.2739	4.155e3
4261.8804	7.172e2
4262.4233	5.864e3
4263.3003	4.355e3
4264.2710	4.954e3
4264.6602	5.645e2
4265.2720	5.104e3
4266.2402	3.528e3
4266.5259	2.403e3
4266.8926	7.784e2
4267.2681	3.858e3
4267.7632	4.818e2
4268.1992	2.792e3
4268.4199	4.917e3
4268.8628	1.177e3
4269.3716	3.448e3
4270.0469	4.706e3
4270.3965	7.267e3
4270.7632	1.899e3
4271.4521	9.640e3
4272.4121	6.277e3
4273.0400	4.262e3
4273.3115	5.070e3
4273.9253	1.506e3
4274.3882	4.221e3
4274.8608	3.297e2
4275.3359	2.921e3
4275.9634	1.120e3
4276.3882	2.988e3
4277.1665	3.469e3
4277.7212	1.704e3
4278.3496	5.825e3
4279.2715	7.282e3
4279.9702	8.729e2
4280.4287	3.434e3
4280.8511	9.794e2
4281.2983	3.367e3
4281.7690	4.051e2
4282.3135	6.128e3
4282.6763	6.530e3
4283.2275	6.011e3
4284.2642	2.625e3
4284.7051	1.297e3
4285.3535	4.413e3
4286.3369	3.591e3
4287.2891	2.502e3
4288.1499	4.263e3
4288.5283	6.118e3
4289.2773	7.024e3
4290.2910	3.239e3
4290.6196	2.474e3
4291.3501	2.161e3
4292.2993	6.146e3
4293.2524	3.824e3
4293.7905	2.894e3
4294.3457	7.668e3
4295.0552	2.964e3
4295.3760	3.382e3
4295.8447	1.147e3
4296.3237	4.185e3
4297.1333	3.837e3
4297.7495	1.003e3
4298.4473	5.400e3
4299.3008	4.073e3
4300.2129	4.514e3
4300.4614	2.943e3
4301.2944	4.481e3
4302.2500	2.996e3
4302.5176	3.383e3
4303.3096	7.449e3
4304.2686	4.755e3
4305.2593	3.292e3
4306.2432	4.112e3
4306.5347	3.271e3
4307.3198	3.523e3
4308.3726	4.288e3
4308.8608	4.760e2
4309.3208	3.898e3
4309.8354	2.341e3
4310.4482	8.273e3
4310.9004	3.274e3
4311.3306	3.898e3
4312.2251	4.339e3
4312.5625	2.040e3
4313.1689	3.810e3
4313.7344	7.124e2
4314.2935	3.883e3
4314.6318	3.085e3
4315.3232	1.626e3
4315.9453	1.788e3
4316.2778	3.220e3
4316.8232	8.392e2
4317.3252	3.113e3
4317.7974	1.823e3
4318.4058	5.808e3
4318.8232	1.745e3
4319.2324	3.024e3
4319.5615	4.176e2
4319.8950	9.274e2
4320.2446	2.668e3
4320.6431	1.660e3
4321.2808	5.697e3
4321.7979	3.250e3
4322.2168	3.596e3
4322.8481	2.941e3
4323.3838	3.178e3
4324.2583	5.294e3
4324.7607	4.913e2
4325.3325	2.405e3
4325.6182	9.900e2
4326.3545	4.749e3
4326.8174	1.722e3
4327.3384	2.488e3
4327.6172	1.991e3
4328.3774	4.432e3
4328.7295	3.364e3
4329.3252	2.822e3
4329.9780	1.324e3
4330.3843	3.324e3
4330.8481	9.021e2
4331.2993	3.510e3
4331.9888	1.393e3
4332.3394	4.123e3
4332.9355	3.638e3
4333.4131	3.518e3
4334.0371	2.039e3
4334.5103	3.443e3
4335.2417	2.310e3
4335.6631	4.364e2
4336.2207	3.876e3
4336.9873	8.253e2
4337.3389	2.786e3
4337.9849	1.959e3
4338.3760	6.475e3
4338.9443	3.262e3
4339.7773	1.350e3
4340.2861	3.411e3
4340.5610	7.891e2
4341.3350	2.585e3
4342.2358	1.973e3
4342.8970	3.167e3
4343.5171	5.728e3
4344.2808	2.776e3
4344.5630	1.411e3
4345.2363	2.984e3
4345.9219	3.395e3
4346.2441	3.291e3
4346.8496	1.433e3
4347.2207	2.082e3
4347.7061	3.414e3
4348.4429	5.815e3
4348.8608	6.526e2
4349.2695	3.420e3
4349.6226	1.067e3
4350.2222	2.861e3
4350.8193	1.577e3
4351.3164	3.527e3
4352.3599	1.522e3
4353.2329	3.659e3
4354.2920	5.971e3
4354.8237	5.600e3
4355.2651	1.325e3
4355.4619	1.103e3
4355.7646	7.882e2
4356.2539	2.361e3
4356.6616	2.790e2
4357.2153	1.592e3
4357.9370	3.778e3
4358.1982	1.637e3
4358.4253	4.024e3
4358.8232	4.843e3
4359.2808	1.824e3
4359.5615	1.005e3
4360.1245	4.846e3
4361.1865	1.666e3
4361.4185	2.130e3
4362.1743	2.953e3
4362.7441	1.252e3
4363.2856	4.574e3
4364.2905	5.343e3
4365.2925	2.596e3
4366.2866	7.457e3
4366.8760	4.979e2
4367.2529	1.929e3
4367.6831	3.814e3
4368.2139	4.037e3
4368.5151	2.003e3
4368.8286	2.347e3
4369.3350	2.479e3
4369.9141	3.753e3
4370.2588	1.837e3
4370.5127	3.297e3
4371.2095	1.309e3
4371.6104	1.374e3
4372.2251	2.520e3
4372.5215	2.015e3
4373.3589	3.888e3
4374.2148	3.467e3
4374.6157	1.497e3
4375.2783	1.892e3
4375.7637	3.800e2
4376.3135	1.945e3
4377.1309	1.449e3
4377.8633	2.284e3
4378.4048	7.160e3
4379.4917	2.595e3
4380.2373	2.315e3
4380.7856	1.521e3
4381.2339	3.237e3
4381.7974	4.600e3
4382.3022	3.354e3
4382.6602	1.044e3
4383.2856	2.259e3
4383.9966	1.133e3
4384.3530	2.774e3
4384.9111	8.194e2
4385.2202	9.767e2
4385.6113	1.673e2
4386.2729	1.300e3
4386.6816	4.921e1
4387.3076	1.895e3
4387.6094	1.137e3
4388.3481	3.070e3
4389.2974	1.544e3
4389.6992	8.710e2
4390.4526	8.334e3
4391.2837	4.084e3
4392.2681	1.787e3
4392.7246	6.625e2
4393.2666	2.998e3
4393.7632	2.202e2
4394.3955	3.552e3
4395.2310	1.808e3
4395.7305	6.861e2
4396.2852	2.974e3
4396.8760	1.097e3
4397.1592	1.846e3
4398.2505	3.841e3
4398.5952	3.173e3
4399.2100	4.077e3
4399.5610	1.918e3
4400.2397	2.833e3
4401.1626	2.528e3
4401.4971	8.607e2
4401.7241	1.439e3
4402.1929	4.152e3
4402.5791	3.871e3
4403.4224	5.544e3
4404.2944	2.073e3
4405.2119	1.015e3
4405.4609	2.253e2
4405.8984	2.229e3
4406.4658	1.597e2
4406.9414	5.881e2
4407.3418	1.259e3
4407.5635	8.918e2
4408.2319	3.503e3
4408.4614	1.654e3
4408.7637	7.983e2
4409.1987	4.835e3
4409.7734	6.922e2
4410.2886	2.305e3
4410.6255	1.397e3
4411.3965	8.767e2
4411.7959	1.032e3
4412.2437	1.587e3
4412.7183	1.715e2
4413.3525	1.756e3
4413.8320	8.720e2
4414.2827	2.086e3
4414.8369	6.275e2
4415.2798	2.597e3
4416.0630	8.686e1
4416.6084	1.129e3
4417.2139	1.094e3
4417.6943	1.709e3
4418.3818	3.812e3
4418.6606	1.127e3
4419.2817	1.002e3
4419.5869	2.337e3
4420.0508	1.674e3
4420.4336	3.572e3
4420.8145	1.491e3
4421.0601	1.254e3
4421.5015	1.508e3
4421.8501	1.001e3
4422.2383	3.145e3
4423.1138	7.056e3
4423.7734	2.213e2
4424.2783	1.055e3
4424.9722	5.138e2
4425.2783	1.079e3
4425.9297	6.057e2
4426.2764	7.232e2
4426.7310	2.550e3
4427.1875	1.049e3
4427.7979	4.915e2
4428.3813	6.221e3
4429.3071	2.533e3
4429.9297	3.094e3
4430.3032	5.217e3
4430.9746	4.935e3
4431.5073	4.189e3
4431.9639	2.365e3
4432.4873	2.401e3
4433.1162	2.607e3
4433.7456	1.758e3
4434.1875	8.997e2
4434.8975	2.888e3
4436.0327	2.078e3
4436.2617	1.597e3
4437.1763	4.689e3
4437.7373	6.221e2
4438.2739	3.303e3
4438.7197	1.076e3
4439.1616	9.484e2
4439.4570	1.001e3
4439.7305	1.480e3
4440.3535	1.507e3
4440.7520	7.874e2
4441.3105	1.110e3
4442.1245	2.179e3
4442.5435	2.725e3
4443.0474	7.699e3
4444.2383	3.743e3
4444.9492	5.885e2
4445.2261	7.636e2
4445.8223	1.202e3
4446.4072	3.304e3
4447.1274	2.660e3
4448.2158	1.782e3
4448.7686	1.537e1
4449.3994	9.591e2
4450.0962	2.135e3
4450.5073	1.802e3
4451.0137	1.081e3
4451.5815	1.756e3
4452.2852	1.203e3
4452.9570	8.233e3
4453.8042	6.306e3
4454.0986	8.954e2
4454.3149	1.958e3
4454.6611	6.196e2
4455.0015	2.901e3
4455.2617	5.797e2
4456.0156	3.706e3
4456.7026	8.309e2
4457.1973	3.678e3
4457.6606	1.956e3
4458.1851	2.279e3
4458.8394	1.932e3
4459.2944	1.726e3
4460.4932	2.466e3
4461.1895	1.453e3
4461.5703	1.822e2
4461.9360	1.148e3
4462.2979	1.101e3
4462.5283	1.981e3
4463.1948	1.417e3
4463.7554	1.197e3
4464.2388	3.197e3
4465.1479	2.798e3
4466.1938	1.684e3
4466.6279	7.364e2
4467.0620	1.893e3
4467.6646	5.799e2
4468.3110	7.225e3
4469.2402	1.016e3
4469.4604	5.265e2
4470.1548	1.123e3
4470.4312	1.166e3
4470.7842	4.982e2
4471.1348	3.469e3
4471.5107	2.315e3
4472.0376	2.014e3
4472.6797	3.391e2
4473.1436	4.067e3
4474.4678	2.919e3
4475.0205	3.613e3
4475.6196	6.441e2
4476.1211	6.591e2
4476.6665	2.963e2
4477.1284	5.610e2
4477.5181	7.315e2
4477.9829	3.895e3
4478.8623	5.437e3
4479.1641	1.022e3
4479.6167	2.394e2
4480.2417	2.743e3
4480.6934	2.125e3
4481.2334	1.843e3
4481.7715	4.447e3
4482.3970	1.621e3
4482.6294	3.195e3
4483.1675	1.704e3
4483.6641	8.094e1
4484.2773	5.645e2
4484.9526	7.050e2
4485.2856	8.368e2
4486.1851	8.325e3
4486.8213	6.948e2
4487.1670	3.412e2
4487.5332	6.851e2
4488.1904	2.173e3
4488.8203	1.794e3
4489.1421	1.093e3
4489.4922	1.802e3
4490.0962	2.745e3
4490.3247	2.293e3
4490.7354	1.607e3
4491.1694	8.638e2
4491.4634	7.073e2
4492.1362	2.470e3
4492.7197	2.013e3
4493.1782	2.267e3
4494.3735	2.185e3
4495.1279	1.231e3
4496.3647	1.299e3
4497.1382	1.650e3
4497.8286	2.491e3
4498.2095	2.896e3
4498.7363	3.623e3
4499.7393	1.699e3
