3500.1541	2.440e2
3500.5110	1.433e2
3500.7869	2.328e2
3501.1797	9.364e2
3501.8945	2.211e3
3502.2910	1.525e3
3502.7502	2.376e3
3503.3999	9.093e2
3503.8474	3.651e2
3504.2891	1.075e3
3504.7673	9.235e2
3505.2039	4.007e2
3505.6707	8.388e2
3506.0012	1.843e3
3506.4868	1.040e3
3506.9055	1.198e3
3507.8501	1.071e3
3508.2886	2.211e3
3508.7732	2.647e3
3509.0642	9.058e2
3509.6243	2.039e3
3510.2004	2.292e3
3510.9189	5.380e3
3511.3667	1.030e3
3511.6614	1.916e2
3512.0334	1.451e3
3512.4153	1.901e3
3512.8157	6.630e2
3513.2532	2.343e3
3513.7761	1.287e3
3514.5603	3.565e3
3515.9561	1.053e3
3517.0928	4.601e2
3517.4473	5.913e2
3517.8899	8.268e2
3518.2449	2.366e3
3518.8311	3.152e3
3519.1567	1.822e3
3519.7776	2.085e3
3520.2354	2.655e3
3520.7930	1.015e3
3521.1863	7.243e2
3521.5286	1.635e3
3522.1963	2.875e3
3522.7485	6.080e2
3523.3689	2.153e3
3523.9648	1.690e3
3524.3184	5.194e2
3524.8022	1.031e3
3525.3225	6.131e2
3525.6846	5.714e2
3526.2434	1.334e3
3526.5757	2.587e3
3527.0151	1.510e3
3527.4465	5.399e2
3527.6628	6.108e2
3528.5925	1.134e3
3528.8491	1.041e3
3529.1357	1.328e3
3529.7361	2.356e3
3530.1199	1.283e3
3530.5364	8.656e2
3530.9187	1.481e3
3531.3096	5.803e2
3531.8811	9.866e2
3532.1624	5.561e1
3532.8220	9.417e2
3533.2136	3.425e2
3533.6680	7.589e2
3534.0566	4.151e2
3534.4775	1.472e3
3535.3936	2.796e3
3535.9050	1.269e3
3536.4934	1.366e2
3537.1023	1.919e3
3537.8564	1.738e3
3538.4194	1.551e3
3538.7197	1.201e3
3539.1687	3.231e3
3539.6838	9.512e2
3540.1934	1.094e3
3540.4243	2.054e3
3540.8672	1.657e3
3541.8149	1.636e3
3542.0625	5.684e2
3542.4421	1.041e3
3542.8279	5.036e3
3543.3101	1.710e3
3543.6667	4.027e2
3544.1912	8.298e2
3544.4783	1.270e3
3545.3191	1.220e3
3546.1165	1.279e3
3546.7893	5.610e2
3547.1104	1.258e3
3547.8342	1.857e3
3548.2300	7.200e2
3548.8806	3.594e3
3549.1616	1.203e3
3549.6992	1.801e3
3550.1858	9.006e2
3550.5908	6.902e2
3551.1345	1.034e3
3551.6602	9.086e1
3552.2629	5.720e2
3552.7185	6.214e2
3553.2302	9.502e2
3553.7603	2.778e3
3554.1177	1.332e3
3554.6042	1.338e3
3555.3730	3.713e2
3555.6855	7.917e1
3556.0911	9.575e2
3556.3616	8.820e2
3556.8154	5.278e2
3557.2908	5.291e2
3558.1467	1.271e3
3558.5034	6.287e3
3558.9944	1.586e3
3559.4355	1.034e3
3559.7986	3.347e3
3560.3530	4.739e2
3560.7751	1.077e3
3561.1802	3.410e3
3561.6968	8.503e2
3562.2036	3.076e3
3562.7903	2.348e3
3563.0642	5.508e2
3563.4011	1.688e3
3563.9626	3.257e3
3564.2664	6.325e2
3564.7813	1.568e3
3565.2041	1.166e3
3565.9475	1.636e3
3566.5720	5.571e2
3566.9639	2.807e3
3567.7603	1.923e3
3568.3652	2.706e3
3568.9670	4.062e3
3569.4783	2.021e3
3570.0767	3.334e2
3570.3857	4.209e2
3570.7007	1.019e3
3571.1116	9.506e2
3571.5959	5.343e2
3571.9294	1.295e3
3572.8154	6.742e2
3573.2156	2.271e2
3573.7310	8.606e2
3574.1687	7.552e2
3574.7007	1.475e3
3575.1558	1.431e3
3575.6079	3.651e3
3576.4004	2.031e3
3576.8906	1.693e3
3577.1636	5.440e1
3577.6929	3.964e2
3578.2075	2.348e3
3579.0986	1.651e3
3579.6248	1.277e3
3579.8887	7.567e2
3580.3494	3.366e3
3580.8909	3.739e3
3581.5276	5.094e2
3581.8225	6.255e2
3582.2290	3.641e2
3582.6880	1.650e3
3583.3262	2.901e3
3584.0500	5.182e3
3584.6099	1.378e3
3585.2666	5.245e2
3585.7554	6.037e2
3586.1318	2.925e3
3587.0950	1.988e3
3587.8721	4.789e2
3588.2920	1.329e3
3588.8599	3.456e3
3589.3638	3.974e2
3589.7114	1.612e3
3590.1404	2.109e3
3590.5110	1.826e3
3590.9277	8.203e2
3591.4124	1.529e3
3591.6641	5.592e2
3592.1836	1.064e3
3592.7422	3.028e2
3593.1624	1.610e3
3593.6216	8.448e2
3594.2305	2.391e3
3594.8237	9.104e2
3595.5781	3.083e3
3596.0908	1.291e3
3596.4670	3.684e2
3596.9019	1.645e3
3597.8494	5.085e2
3598.2520	3.059e3
3598.6226	2.860e3
3599.0715	2.516e3
3599.5710	8.130e2
3599.9353	1.198e3
3600.1609	8.549e2
3600.6973	2.208e3
3601.2256	8.843e2
3601.8474	5.886e2
3602.1938	1.002e3
3602.5173	9.157e2
3603.2620	1.272e3
3603.9978	9.619e2
3604.4197	9.917e2
3604.6609	3.848e2
3605.0649	7.260e1
3605.2617	4.582e1
3605.8792	4.047e2
3606.4336	4.002e2
3606.7559	2.228e2
3607.3289	2.350e3
3607.6619	3.424e2
3608.1172	2.040e3
3608.8240	3.166e2
3609.3503	4.248e2
3609.7612	1.188e3
3610.2952	1.105e3
3610.5151	1.866e3
3611.0901	1.236e3
3611.4236	8.213e2
3611.7659	9.707e2
3612.1853	6.052e3
3612.8569	2.202e2
3613.2407	9.061e2
3613.7754	1.901e3
3614.1011	4.814e3
3615.0161	3.527e3
3615.7878	5.269e2
3616.2124	4.470e3
3616.9517	9.045e2
3617.2966	1.011e3
3617.6082	2.445e3
3618.1631	1.765e3
3618.6128	2.323e3
3618.9617	7.081e2
3619.5176	1.165e3
3620.0923	3.334e3
3620.8999	7.250e2
3621.1440	7.064e2
3621.4614	7.810e2
3622.2627	2.150e3
3622.6541	1.424e3
3623.1589	8.571e2
3623.5671	1.999e3
3623.9714	9.936e2
3624.2351	1.385e3
3624.6423	9.132e2
3625.3186	2.543e3
3625.8037	2.989e2
3626.2405	1.849e3
3627.0313	2.194e3
3627.4189	4.771e2
3627.6614	2.825e2
3628.0747	2.023e3
3628.4629	1.163e3
3629.0269	6.397e2
3629.3652	1.770e2
3629.7778	4.599e2
3630.1624	2.531e2
3630.5208	1.209e3
3630.9209	1.648e3
3631.6321	2.261e3
3631.9766	1.982e3
3632.9629	1.694e3
3633.2627	7.308e2
3633.6184	1.004e3
3634.2432	3.937e3
3634.5835	2.214e2
3635.1626	3.308e3
3635.6101	8.900e2
3635.9602	5.665e2
3636.2727	1.262e3
3636.8474	1.462e3
3637.1621	2.826e2
3637.6123	3.113e2
3638.1714	2.177e3
3638.5945	6.914e2
3638.9980	2.455e3
3639.5557	2.992e3
3640.1829	5.191e2
3640.8174	2.521e3
3641.8267	7.548e2
3642.7009	4.826e1
3643.5825	1.422e3
3643.9136	8.741e2
3644.8013	6.743e1
3645.3877	5.793e2
3645.7920	4.512e2
3646.2085	5.671e2
3646.6045	7.027e2
3647.0996	6.507e2
3647.3623	2.570e2
3647.8042	1.246e3
3648.4353	2.049e3
3648.8413	1.394e3
3649.3193	1.223e3
3649.7910	3.597e2
3650.2185	1.805e3
3650.5879	1.108e2
3650.8391	2.469e2
3651.2109	4.908e2
3651.6282	4.673e2
3652.3149	1.045e3
3652.8049	3.070e3
3653.9155	9.258e2
3654.3811	2.033e3
3654.6602	5.087e2
3655.0115	1.612e3
3655.9746	2.004e3
3656.3621	1.460e2
3656.8494	4.934e2
3657.1909	2.181e2
3657.6204	9.670e2
3658.3943	2.547e3
3658.8369	1.984e3
3659.1211	1.347e3
3659.5801	9.935e2
3659.9946	2.788e3
3660.3564	2.551e2
3660.7886	1.093e3
3661.3479	4.963e2
3661.8384	2.527e3
3662.2227	1.432e3
3662.6086	2.257e3
3663.0354	1.791e3
3663.4358	2.287e3
3663.8799	7.053e2
3664.2878	9.846e2
3664.8000	1.292e3
3665.2183	1.155e3
3665.8257	6.605e2
3666.2227	2.055e3
3666.4604	8.473e2
3667.0864	1.735e3
3667.7454	1.252e2
3668.3198	9.697e2
3668.7952	3.958e2
3669.1943	1.129e3
3670.2568	5.553e3
3670.6790	1.689e3
3671.0129	1.664e3
3671.5945	4.615e3
3672.2546	4.057e3
3672.9651	3.736e3
3673.3154	1.409e3
3673.6968	1.993e3
3674.2285	2.304e3
3674.6819	1.040e3
3675.0225	1.232e3
3675.5923	9.507e2
3676.0793	1.046e3
3676.7896	2.151e2
3677.1008	6.704e2
3677.6450	1.684e2
3678.4585	2.685e3
3679.2319	3.462e3
3679.6687	1.434e3
3680.2107	4.196e3
3680.8467	1.330e3
3681.4006	4.021e3
3681.8645	3.498e2
3682.2251	1.657e3
3682.7910	2.964e3
3683.1643	1.478e3
3684.0269	2.415e3
3684.9175	1.420e3
3685.4351	6.426e2
3685.8533	6.792e2
3686.2166	1.190e3
3686.8289	1.014e3
3687.2085	1.997e2
3687.6323	2.359e2
3688.0293	1.116e3
3688.4165	2.970e3
3688.9651	5.650e3
3689.6682	3.370e3
3690.2617	3.444e3
3690.9629	3.288e3
3691.6106	2.476e3
3692.2585	3.546e3
3693.0776	5.350e3
3693.4609	9.123e2
3693.8711	7.557e2
3694.2563	3.956e3
3694.5608	7.581e2
3695.2126	2.291e3
3695.7456	2.876e2
3696.1611	5.921e2
3697.4197	2.645e3
3698.1272	2.239e3
3698.6531	1.120e3
3698.9814	1.575e3
3699.8354	3.592e2
3700.3171	1.424e3
3701.1523	8.972e2
3701.5320	7.085e2
3701.7629	4.329e2
3702.2197	1.521e3
3702.6118	2.313e3
3703.2876	9.702e2
3703.7893	1.680e3
3704.1643	7.659e2
3704.6428	1.690e2
3705.1318	9.687e2
3705.7458	7.444e2
3706.3237	1.699e3
3706.8962	7.698e2
3707.2129	1.231e3
3707.5750	1.113e3
3708.1892	2.055e3
3708.5425	6.914e2
3708.8943	1.093e3
3709.1914	2.945e3
3709.7209	1.181e3
3710.2844	4.112e3
3710.6284	1.282e3
3710.8625	7.540e2
3711.1948	1.613e3
3711.6350	7.965e2
3712.2275	2.300e3
3712.6279	1.127e3
3713.2981	1.716e3
3713.7864	1.163e3
3714.3909	1.303e3
3715.0286	8.593e2
3715.5435	7.693e2
3716.1062	1.206e3
3716.8328	5.934e2
3717.2722	6.325e2
3718.3804	3.356e3
3719.3250	4.581e3
3719.9119	1.301e3
3720.8252	4.950e2
3721.2183	6.166e2
3721.6428	6.719e2
3721.8926	3.201e2
3722.2100	1.492e3
3722.7126	6.546e2
3723.4045	1.443e3
3724.1877	1.220e3
3724.7905	9.780e2
3725.2195	7.417e2
3726.2361	2.432e3
3726.9448	7.520e2
3727.6780	1.535e3
3728.2195	1.751e3
3728.5454	9.231e2
3728.9167	1.878e3
3729.4907	1.671e3
3730.3411	2.952e3
3730.6616	1.121e3
3731.1260	5.834e2
3731.5579	1.311e3
3732.3000	3.139e3
3733.1140	1.363e3
3733.6309	2.252e3
3733.9661	5.946e2
3734.2920	1.731e3
3734.7976	3.137e3
3735.5449	3.074e2
3735.8545	3.843e2
3736.5591	1.402e3
3736.9099	1.613e3
3737.2847	2.010e3
3737.8147	1.547e2
3738.2307	1.362e3
3738.5361	1.174e3
3739.3137	5.884e2
3739.8330	2.057e3
3741.1731	4.439e2
3741.8193	1.390e3
3742.4019	2.951e3
3743.1443	1.396e3
3743.4165	1.604e3
3743.7637	1.254e3
3744.4031	7.842e2
3744.9163	1.015e3
3745.6919	1.072e3
3746.3462	4.904e3
3747.0220	6.966e2
3747.5310	9.585e2
3748.1667	1.693e3
3748.5232	2.398e3
3748.9246	1.171e3
3749.3232	2.032e3
3749.7175	4.354e2
3750.2185	2.315e3
3750.7451	2.610e3
3751.2178	1.883e3
3751.7651	4.312e3
3752.2397	2.202e3
3752.8389	1.567e3
3753.5869	1.781e3
3754.2754	3.234e3
3754.8428	1.797e3
3755.2896	9.265e2
3755.5254	1.904e3
3756.2087	1.679e3
3756.9165	2.212e3
3757.1614	6.044e2
3757.6174	1.886e3
3758.3149	4.590e3
3758.8701	2.044e3
3759.2195	8.618e2
3759.6108	1.470e3
3760.1233	2.438e3
3760.5171	8.997e2
3760.9263	2.488e3
3761.2866	2.400e3
3761.7522	1.176e3
3762.2263	2.408e3
3762.8635	2.638e2
3763.5420	2.590e3
3763.9146	9.738e2
3764.2249	1.438e3
3764.9023	2.115e3
3765.2727	1.267e3
3766.2625	3.472e3
3766.7944	1.041e3
3767.3013	2.033e3
3767.7825	1.188e3
3768.3740	1.527e3
3768.8584	4.423e3
3769.3535	2.521e3
3769.7607	6.745e2
3770.2729	2.430e3
3771.1953	1.343e3
3771.6826	1.964e3
3771.9602	5.890e2
3772.2192	1.771e3
3773.3450	2.555e3
3773.9346	2.001e3
3774.3638	1.884e3
3774.6160	1.786e3
3774.9617	5.706e2
3775.3545	3.312e3
3776.0530	1.589e3
3776.8210	3.408e3
3777.2617	3.570e2
3777.6465	9.751e2
3778.2544	8.936e3
3778.7063	3.638e3
3778.9626	2.284e3
3779.5452	6.186e3
3780.0913	1.465e3
3780.3628	6.261e2
3780.9082	3.980e3
3781.1636	1.289e3
3781.7927	1.439e3
3782.2190	3.320e3
3782.8174	1.512e3
3783.4014	2.550e3
3783.6609	1.475e3
3784.2178	9.247e2
3784.9243	5.728e2
3785.3730	1.525e3
3786.1934	2.317e3
3786.8921	8.312e2
3787.3406	9.938e2
3787.9036	2.353e3
3788.3162	2.585e3
3788.8618	1.969e3
3789.3755	1.215e3
3789.6606	8.028e2
3790.2178	1.398e3
3790.8848	3.420e3
3791.6497	1.873e3
3791.9941	6.583e2
3792.3601	1.988e3
3792.8250	1.451e3
3793.4915	3.407e3
3794.2388	1.449e3
3794.6707	6.557e2
3795.0222	1.823e3
3795.2771	6.529e2
3795.6191	2.184e3
3795.9944	1.239e3
3796.2258	2.641e3
3796.9241	3.635e3
3797.3745	1.992e3
3797.7153	1.334e3
3798.2363	2.466e3
3798.6414	2.370e3
3799.0984	2.390e3
3799.5527	3.990e3
3799.9741	7.775e2
3800.3374	2.306e3
3800.9236	2.389e3
3801.4858	1.833e3
3802.1570	1.354e3
3802.8025	1.041e3
3803.3125	1.896e3
3803.8884	3.940e2
3804.1997	8.153e2
3804.5605	3.003e2
3805.1729	1.854e3
3805.6985	5.669e2
3806.2991	4.837e3
3806.9934	1.009e3
3807.2300	2.043e3
3807.7092	1.478e3
3808.3137	3.408e3
3808.6614	3.191e3
3809.3049	2.116e3
3809.8367	9.168e2
3810.3074	2.755e3
3810.8870	1.188e3
3811.3660	1.775e3
3812.2212	1.435e3
3812.6660	5.068e2
3813.0696	1.373e3
3813.5710	1.742e3
3814.5002	4.994e3
3814.8362	2.630e3
3815.2129	1.412e3
3815.5334	1.272e3
3815.9954	3.662e3
3816.4670	7.811e2
3816.8711	1.171e3
3817.2761	3.636e3
3818.4429	4.197e3
3818.8120	1.861e3
3819.2854	1.931e3
3819.7249	1.859e3
3820.3032	2.788e3
3820.9434	2.600e3
3821.2810	3.216e3
3821.7930	3.564e2
3822.2925	4.020e3
3823.3062	4.912e3
3823.6714	2.949e3
3824.2979	2.536e3
3824.8760	1.302e3
3825.2876	6.494e2
3825.9919	1.113e3
3826.2297	1.821e3
3826.9595	1.057e3
3827.3108	1.574e3
3827.5623	9.126e2
3827.9504	5.254e2
3828.4636	2.528e3
3829.0579	2.586e3
3830.1787	1.691e3
3830.7810	6.489e2
3831.1218	1.532e3
3831.8735	1.246e3
3832.3997	3.054e3
3832.8413	1.460e3
3833.2554	1.217e3
3833.5256	1.847e3
3833.8616	6.401e2
3834.2942	3.002e3
3834.8303	1.406e3
3835.3540	3.441e3
3836.2883	5.366e3
3836.5935	4.469e2
3836.9021	1.598e3
3837.3091	4.821e3
3837.7729	6.722e2
3838.2991	6.478e3
3838.6641	9.719e2
3839.3008	3.186e3
3839.6958	1.288e3
3840.3108	1.384e3
3840.9507	2.042e3
3841.2634	2.324e3
3841.9385	1.333e3
3842.4150	4.088e3
3842.7798	5.752e2
3843.1904	3.380e3
3843.7825	2.854e3
3844.3611	7.661e2
3844.6604	7.143e2
3845.2759	1.430e3
3845.9995	1.042e3
3846.4941	1.856e3
3847.1487	1.422e3
3847.4216	1.265e3
3847.9841	1.462e3
3848.3152	3.383e3
3848.7615	4.820e3
3849.3342	3.954e3
3849.7224	2.978e3
3850.3208	4.510e3
3850.9358	2.187e3
3851.3142	4.994e3
3851.8621	8.494e2
3852.3232	4.390e3
3852.8982	1.341e3
3853.2100	3.345e3
3853.8691	2.242e3
3854.3157	3.477e3
3854.7437	1.008e3
3855.3872	6.491e3
3856.5154	4.114e3
3856.9170	1.013e3
3857.3196	2.497e3
3857.9429	1.195e3
3858.3362	2.526e3
3858.6558	1.357e3
3858.9368	1.584e3
3859.3831	5.732e3
3860.2700	2.379e3
3860.8401	2.453e3
3861.3396	1.610e3
3861.6208	8.214e2
3862.3262	5.824e3
3862.7683	2.295e3
3863.3323	4.416e3
3863.8623	1.414e3
3864.3220	4.528e3
3865.3064	5.356e3
3865.7141	7.596e2
3866.3232	4.705e3
3866.7439	4.854e2
3867.3203	2.280e3
3867.5620	1.367e3
3868.4043	3.712e3
3868.7947	2.969e3
3869.2563	2.657e3
3869.7434	1.220e3
3870.1392	1.739e3
3870.5840	3.695e3
3871.1143	1.272e3
3871.5691	1.445e3
3871.7617	1.052e3
3872.3821	3.017e3
3872.9346	1.722e3
3873.4028	3.726e3
3873.9624	5.346e2
3874.4985	1.664e3
3874.7996	3.468e3
3875.3694	1.835e3
3876.2961	4.795e3
3876.8010	1.934e3
3877.3657	7.991e3
3877.8623	1.055e3
3878.3489	1.059e4
3878.8577	2.567e3
3879.3274	8.631e3
3879.8391	1.208e3
3880.3401	7.530e3
3880.9106	2.134e3
3881.3203	4.794e3
3881.7603	7.917e2
3882.2871	5.097e3
3883.3145	3.801e3
3883.6360	1.891e3
3883.9885	7.724e2
3884.2996	2.822e3
3884.6604	5.206e2
3885.2000	7.074e2
3885.5811	2.307e3
3886.3286	3.169e3
3886.8030	4.074e3
3887.2776	2.078e3
3887.5647	9.347e2
3888.0447	1.995e3
3888.3997	2.220e3
3888.8303	9.578e2
3889.2112	2.035e3
3889.6951	8.115e2
3889.9336	9.794e2
3890.3132	2.991e3
3890.8242	1.207e3
3891.3596	2.976e3
3891.7886	5.065e2
3892.3882	5.612e3
3892.9204	1.413e3
3893.3125	2.431e3
3893.7944	7.273e2
3894.3127	3.542e3
3894.8826	1.829e3
3895.3728	2.775e3
3895.7231	1.099e3
3896.3782	2.149e3
3896.7825	2.417e3
3897.2549	2.962e3
3897.8616	1.746e3
3898.3850	4.696e3
3899.2600	1.829e3
3899.6157	2.790e3
3900.2859	1.365e3
3900.9343	1.896e3
3901.2751	1.809e3
3901.7983	1.018e3
3902.2966	2.232e3
3902.8025	1.294e3
3903.3589	1.329e3
3903.7605	2.119e3
3904.3757	3.358e3
3904.8210	3.053e3
3905.3352	3.578e3
3905.8647	1.397e3
3906.3564	5.137e3
3906.8247	1.787e3
3907.3398	3.758e3
3908.1074	7.250e3
3908.3640	3.013e3
3908.8257	1.837e3
3909.2537	1.044e3
3909.5156	1.279e3
3909.8965	4.558e2
3910.3096	2.200e3
3910.7200	1.373e3
3911.0664	1.256e3
3911.3198	2.020e3
3911.6641	1.036e3
3911.9607	5.612e2
3912.3206	1.800e3
3912.8894	7.787e2
3913.3623	2.782e3
3913.9834	3.323e3
3914.2605	1.388e3
3914.7429	7.841e2
3915.3987	2.077e3
3915.9077	1.959e3
3916.3230	9.414e2
3916.7891	2.023e3
3917.3035	3.138e3
3918.2893	7.076e3
3918.7202	1.734e3
3919.3994	5.414e3
3919.8879	1.718e3
3920.3867	5.214e3
3920.9072	1.293e3
3921.3667	4.387e3
3921.9497	1.536e3
3922.3772	6.349e3
3922.9602	4.323e2
3923.3889	4.806e3
3924.0896	1.016e3
3924.3691	1.934e3
3924.9333	2.049e3
3925.3420	2.060e3
3925.7520	2.751e3
3926.3855	3.470e3
3927.1013	2.500e3
3927.4604	1.153e3
3928.1816	1.763e3
3928.5759	3.918e3
3929.2996	2.046e3
3929.6143	1.068e3
3930.2661	2.559e3
3930.8748	2.342e3
3931.4810	3.860e3
3932.2400	6.480e3
3932.7832	1.599e3
3933.2952	5.929e3
3933.8345	3.320e3
3934.3813	6.339e3
3934.8623	1.344e3
3935.3464	5.838e3
3935.8770	2.191e3
3936.3340	3.975e3
3936.8323	2.573e3
3937.3442	4.161e3
3937.9236	1.191e3
3938.3855	5.847e3
3938.8269	1.877e3
3939.3354	2.408e3
3939.6292	1.572e3
3940.0864	1.545e3
3940.4131	3.575e3
3940.9053	1.623e3
3941.2268	1.965e3
3941.9253	1.979e3
3942.3264	2.341e3
3942.8025	2.356e3
3943.3506	3.443e3
3943.6638	1.018e3
3943.9963	4.837e2
3944.3167	1.495e3
3944.7317	2.791e3
3945.3835	2.020e3
3945.6641	8.756e2
3946.2837	7.403e3
3946.8628	9.964e2
3947.4390	5.153e3
3947.7612	1.923e3
3948.3921	6.717e3
3948.9373	1.797e3
3949.3906	9.662e3
3949.9673	2.709e3
3950.3862	1.189e4
3950.7217	1.696e3
3951.3945	8.413e3
3951.6626	1.196e3
3951.9897	5.712e2
3952.4072	8.383e3
3953.3701	7.404e3
3953.8789	1.743e3
3954.4321	5.800e3
3954.9670	7.051e2
3955.3716	2.906e3
3956.0876	4.208e3
3956.6257	1.470e3
3957.3645	3.773e3
3958.3267	4.060e3
3958.6326	3.510e3
3959.3948	4.606e3
3959.9954	7.463e2
3960.3674	4.471e3
3961.3860	5.327e3
3961.7188	2.071e3
3962.3784	5.322e3
3962.9167	1.763e3
3963.3992	8.038e3
3963.7356	2.170e3
3964.3906	1.130e4
3964.9043	2.378e3
3965.4109	1.166e4
3965.7610	2.993e3
3966.4026	8.955e3
3967.3252	1.410e4
3968.4580	9.469e3
3969.0620	2.430e3
3969.4272	3.908e3
3970.0088	4.809e3
3970.3359	3.431e3
3970.7422	1.485e3
3971.3452	3.939e3
3971.7324	7.763e2
3971.9629	4.683e2
3972.3638	3.163e3
3972.7124	1.415e3
3973.3772	3.954e3
3973.7366	1.610e3
3974.3525	7.275e3
3974.9065	1.782e3
3975.3804	7.007e3
3976.3752	8.259e3
3976.8816	1.854e3
3977.3784	8.530e3
3977.9644	1.692e3
3978.3857	1.138e4
3978.9258	1.489e3
3979.3870	1.064e4
3979.7124	1.877e3
3980.3926	6.811e3
3980.7710	1.470e3
3981.3870	9.710e3
3981.6606	7.935e2
3982.2834	9.680e3
3983.0417	1.323e3
3983.3977	2.836e3
3983.8665	2.402e3
3984.3503	2.202e3
3984.9363	1.856e3
3985.3921	8.092e3
3986.3579	3.936e3
3986.7468	3.731e3
3987.3596	2.801e3
3987.6604	5.435e2
3988.3323	9.889e3
3988.6616	1.646e3
3989.3975	1.394e4
3989.9299	1.856e3
3990.3979	1.227e4
3990.8979	4.179e3
3991.3999	7.671e4
3991.8960	2.613e3
3992.4023	1.473e5
3992.8652	2.035e3
3993.4031	1.580e5
3993.8367	4.224e3
3994.4043	1.242e5
3994.8831	3.666e3
3995.4072	7.715e4
3995.9097	2.975e3
3996.4067	4.030e4
3996.8672	3.147e3
3997.4065	1.964e4
3997.9121	2.657e3
3998.4043	9.270e3
3998.7634	1.046e3
3999.1001	2.122e3
3999.4016	5.841e3
3999.7605	7.673e2
4000.4021	4.922e3
4000.7141	3.217e3
4001.3289	4.630e3
4001.9807	1.617e3
4002.4028	5.446e3
4002.8145	2.532e3
4003.4104	9.895e3
4004.3752	9.051e3
4004.8237	4.124e3
4005.4131	2.467e5
4005.8657	4.089e3
4006.4160	5.078e5
4006.8640	4.734e3
4007.4177	5.648e5
4007.9133	6.277e3
4008.4192	4.528e5
4008.9202	7.466e3
4009.4194	2.752e5
4009.9497	5.582e3
4010.4197	1.417e5
4010.9165	3.308e3
4011.4290	6.105e4
4011.9741	3.651e3
4012.4199	2.653e4
4013.0710	3.441e3
4013.4058	1.246e4
4013.9219	3.607e3
4014.4031	7.079e3
4014.8127	3.688e3
4015.3796	4.960e3
4015.7664	1.219e3
4016.3132	7.131e3
4016.7349	2.660e3
4017.4006	6.338e3
4017.9521	1.396e3
4018.3865	6.110e3
4018.8918	3.695e3
4019.4016	1.053e4
4019.9397	2.511e3
4020.4075	1.566e4
4020.9319	2.655e3
4021.4187	1.876e4
4021.8179	2.034e3
4022.4138	1.998e4
4022.7646	9.034e2
4023.0667	1.372e3
4023.4053	1.507e4
4023.9150	3.936e3
4024.4124	1.247e4
4024.8625	1.804e3
4025.4080	1.189e4
4026.0330	2.106e3
4026.4028	8.422e3
4026.7620	1.387e3
4027.4028	9.133e3
4028.4065	9.271e3
4028.8223	1.927e3
4029.3816	8.410e3
4029.9016	2.107e3
4030.3748	9.335e3
4030.6611	3.237e3
4031.3733	9.001e3
4031.8342	1.398e3
4032.3564	7.405e3
4032.9827	2.332e3
4033.3889	1.037e4
4033.9543	1.100e3
4034.4121	1.721e4
4034.9243	7.615e2
4035.4060	1.643e4
4035.8245	2.646e3
4036.4299	1.535e4
4037.4001	1.318e4
4037.9683	1.899e3
4038.4058	1.307e4
4038.9084	1.915e3
4039.4006	1.195e4
4039.8594	2.218e3
4040.4019	8.330e3
4040.8198	1.743e3
4041.3894	7.457e3
4041.9041	1.516e3
4042.3928	9.276e3
4043.3928	1.184e4
4043.9204	1.366e3
4044.3782	1.470e4
4044.9797	2.638e3
4045.3691	1.748e4
4045.9248	1.303e3
4046.4312	2.276e4
4047.3938	1.559e4
4048.0835	4.228e3
4048.4109	2.017e4
4048.9138	1.476e3
4049.4312	2.313e4
4049.9260	1.222e3
4050.4163	1.822e4
4051.3770	1.781e4
4051.8948	2.338e3
4052.4126	9.641e3
4052.7605	5.361e2
4053.0938	1.190e3
4053.4089	5.315e3
4053.8696	1.323e3
4054.3948	5.869e3
4054.9502	1.209e3
4055.3784	3.729e3
4055.8157	1.347e3
4056.3721	2.821e3
4056.8953	2.033e3
4057.4058	4.622e3
4058.3362	1.095e4
4058.6614	1.082e3
4058.9668	1.632e3
4059.3662	1.115e4
4059.9570	1.833e3
4060.3455	1.394e4
4060.8215	1.627e3
4061.3650	1.380e4
4061.7273	2.333e3
4062.3918	1.716e4
4062.8167	1.690e3
4063.4282	2.257e4
4064.4192	2.027e4
4065.0952	1.418e3
4065.4207	1.554e4
4065.9033	4.113e3
4066.4351	1.628e4
4067.4255	1.140e4
4068.3518	1.669e4
4069.0642	3.050e3
4069.4187	8.137e3
4069.9878	5.044e2
4070.4270	9.214e3
4071.0332	2.729e3
4071.4038	4.945e3
4071.7632	1.307e3
4072.3728	7.914e3
4072.8765	1.618e3
4073.3857	7.594e3
4073.9185	1.859e3
4074.4028	7.123e3
4074.9304	1.331e3
4075.4072	6.362e3
4075.9231	1.988e3
4076.4165	1.031e4
4076.8621	7.440e2
4077.4446	1.143e4
4077.8604	1.553e3
4078.4380	1.598e4
4078.8215	2.306e3
4079.4243	1.749e4
4079.9856	1.010e3
4080.4167	1.530e4
4081.4182	1.258e4
4081.8174	1.899e3
4082.4099	1.060e4
4083.3970	8.895e3
4083.9814	8.796e2
4084.3926	5.696e3
4084.9988	1.570e3
4085.3909	6.437e3
4085.9902	4.239e2
4086.3821	7.607e3
4086.9119	2.100e3
4087.3936	7.499e3
4087.6606	1.393e3
4087.9619	7.696e2
4088.3992	8.932e3
4089.3782	1.230e4
4089.9724	2.207e3
4090.3899	1.516e4
4090.8640	1.212e3
4091.3979	1.363e4
4091.8625	1.387e3
4092.3975	1.140e4
4093.3462	1.294e4
4093.9575	2.104e3
4094.3992	9.086e3
4094.8616	1.145e3
4095.3813	6.494e3
4095.9031	2.497e3
4096.3936	6.161e3
4096.8164	1.640e3
4097.3677	7.531e3
4098.0000	1.298e3
4098.3672	5.612e3
4098.7607	6.342e2
4099.3252	5.119e3
4099.8608	5.521e2
4100.3384	4.085e3
4100.7607	4.782e2
4101.3892	7.427e3
4101.9307	1.664e3
4102.4102	1.037e4
4102.8159	2.248e3
4103.3975	2.478e4
4103.8638	1.467e3
4104.3965	4.029e4
4104.9390	7.767e2
4105.3975	4.366e4
4105.8604	1.146e3
4106.3984	3.619e4
4106.9277	1.212e3
4107.3989	2.459e4
4107.9526	2.083e3
4108.3965	1.790e4
4108.8608	1.034e3
4109.4097	8.444e3
4109.9131	1.029e3
4110.4038	5.637e3
4111.3228	7.482e3
4111.9331	1.808e3
4112.4180	4.695e3
4112.8350	1.693e3
4113.3906	3.854e3
4113.9312	1.875e3
4114.3647	5.619e3
4114.9604	5.017e2
4115.4170	5.625e3
4115.9355	1.161e3
4116.4229	5.736e3
4116.9297	6.602e2
4117.4438	6.286e3
4118.4546	9.749e3
4119.0898	1.867e3
4119.4194	5.879e3
4120.4238	9.370e3
4121.4365	7.782e3
4121.9902	1.172e3
4122.4448	7.160e3
4122.9541	1.074e3
4123.3994	5.526e3
4123.9028	2.202e3
4124.4097	4.039e3
4124.8281	7.343e2
4125.3687	5.216e3
4125.6953	6.981e2
4125.9526	1.397e3
4126.3975	7.086e3
4127.3833	7.067e3
4127.7954	2.163e3
4128.3979	1.114e4
4128.9058	3.703e3
4129.3994	1.409e4
4129.9722	9.897e2
4130.4395	1.179e4
4130.9731	9.060e2
4131.4155	8.490e3
4132.0537	3.532e3
4132.3936	6.367e3
4132.9819	9.697e2
4133.4404	8.972e3
4134.4102	6.761e3
4135.4263	9.131e3
4135.9751	6.565e2
4136.4355	5.899e3
4136.7617	1.216e3
4137.4160	5.437e3
4138.4395	8.469e3
4138.6606	3.633e3
4139.4341	5.632e3
4140.3833	3.664e3
4140.8970	1.199e3
4141.3496	7.326e3
4141.8511	9.314e2
4142.3564	1.414e4
4142.7612	1.118e3
4143.3604	1.488e4
4144.3672	1.490e4
4145.3765	1.185e4
4145.8193	8.719e2
4146.3833	8.533e3
4146.9033	1.127e3
4147.4077	8.385e3
4147.8569	1.325e3
4148.4082	1.042e4
4148.9731	1.093e3
4149.4170	7.657e3
4150.0708	3.377e3
4150.4077	6.629e3
4150.8784	2.375e3
4151.4824	8.090e3
4152.3960	4.001e3
4153.2007	8.619e3
4153.9966	7.435e2
4154.4775	4.980e3
4155.3232	3.983e3
4155.6646	9.802e2
4156.2886	8.211e3
4156.8120	2.852e3
4157.3579	1.042e4
4158.3340	1.504e4
4158.9707	1.087e3
4159.3340	1.123e4
4159.9912	1.238e3
4160.3887	1.126e4
4161.3882	7.776e3
4161.9082	2.141e3
4162.4468	9.618e3
4162.9619	1.114e3
4163.4443	8.870e3
4164.4253	6.073e3
4165.3755	5.671e3
4165.8213	1.567e3
4166.4014	6.113e3
4166.9731	8.405e2
4167.4043	4.744e3
4168.3931	7.122e3
4169.3579	5.030e3
4169.9600	1.347e3
4170.3574	5.276e3
4171.4097	5.065e3
4171.8115	1.271e3
4172.4204	8.245e3
4173.4233	9.405e3
4173.9063	1.909e3
4174.4136	8.964e3
4174.9316	8.836e2
4175.3945	8.392e3
4176.4155	5.172e3
4177.3911	6.481e3
4178.4468	1.020e4
4179.3726	5.775e3
4179.8574	1.227e3
4180.3433	5.532e3
4180.8350	9.882e2
4181.3774	5.256e3
4182.3530	6.503e3
4182.8589	1.265e3
4183.3691	5.487e3
4183.8237	1.948e3
4184.3706	5.310e3
4185.3755	4.183e3
4185.9834	1.365e3
4186.3525	4.405e3
4186.9966	7.467e2
4187.3887	5.745e3
4188.3892	5.512e3
4188.9980	1.769e3
4189.3774	5.537e3
4190.3462	5.732e3
4190.7632	1.353e3
4191.3159	3.994e3
4191.6606	1.386e3
4192.1001	1.949e3
4192.4048	4.849e3
4193.3560	6.924e3
4194.3101	4.837e3
4195.2925	5.302e3
4196.3286	3.974e3
4196.8281	9.629e2
4197.3057	4.001e3
4197.7617	4.890e2
4198.3442	5.890e3
4198.7617	1.091e3
4199.3657	4.247e3
4199.7793	2.785e3
4200.3970	3.991e3
4200.8853	1.167e3
4201.3755	6.478e3
4201.9961	9.778e2
4202.3726	7.746e3
4203.3711	7.821e3
4203.9565	1.441e3
4204.3828	6.321e3
4204.8188	1.132e3
4205.3799	5.817e3
4205.9619	1.072e3
4206.3657	5.255e3
4207.3677	3.290e3
4208.3726	4.591e3
4209.3037	3.511e3
4210.3281	4.405e3
4210.8486	2.733e3
4211.3257	2.957e3
4211.5605	2.203e3
4212.3486	5.136e3
4213.3481	4.521e3
4214.2505	8.464e3
4215.2656	4.274e3
4216.4165	5.357e3
4216.9434	1.221e3
4217.2241	1.344e3
4217.6387	4.461e2
4218.4023	4.977e3
4219.3193	2.806e3
4219.8530	8.789e2
4220.2490	1.997e3
4220.7637	1.927e2
4221.2983	2.051e3
4222.1641	3.022e3
4222.4258	3.988e3
4223.0049	2.205e3
4223.3853	2.574e3
4223.6240	3.864e3
4224.3413	4.318e3
4224.9731	1.523e3
4225.3398	4.800e3
4225.9746	1.590e3
4226.3677	6.362e3
4227.3530	6.980e3
4228.3398	8.780e3
4228.8237	1.857e3
4229.3945	4.940e3
4229.9028	1.353e3
4230.3530	4.876e3
4230.9707	6.677e2
4231.2988	2.374e3
4231.8740	5.790e2
4232.3467	3.820e3
4232.8877	4.710e2
4233.3174	4.511e3
4234.2988	6.112e3
4235.3276	2.402e3
4235.5605	1.429e3
4236.3159	2.724e3
4236.5625	1.271e3
4237.0347	1.537e3
4237.3770	2.013e3
4237.6631	1.484e3
4238.4775	1.007e4
4239.3052	6.020e3
4239.9629	1.823e3
4240.3184	7.874e3
4241.3486	7.805e3
4242.3286	7.217e3
4243.3604	5.774e3
4243.8101	9.400e2
4244.3438	4.408e3
4245.3350	3.139e3
4245.9648	1.863e3
4246.3730	5.746e3
4247.2910	2.875e3
4247.5332	3.490e3
4248.2607	4.075e3
4248.4604	1.818e3
4249.0625	6.677e3
4249.4619	2.495e3
4249.8867	6.611e2
4250.2002	1.505e3
4250.4941	5.254e3
4250.8838	3.310e2
4251.3545	3.833e3
4251.9873	1.806e3
4252.2441	2.686e3
4252.5605	9.661e2
4252.8965	7.083e2
4253.4458	5.025e3
4253.8188	5.319e2
4254.3643	6.408e3
4255.3276	8.508e3
4255.8608	5.318e2
4256.3760	6.654e3
4257.3149	6.300e3
4258.2593	9.934e3
4259.3784	4.145e3
4259.5620	3.656e3
4260.3965	3.164e3
4261.1958	3.847e3
4261.6221	1.050e3
4261.9644	9.205e2
4262.3550	2.686e3
4262.5605	2.379e3
4263.2725	2.776e3
4263.5601	1.184e3
4264.2485	3.976e3
4264.8950	5.325e2
4265.3188	3.194e3
4266.3779	4.044e3
4266.9194	1.513e3
4267.4004	2.972e3
4267.7861	2.949e2
4268.4141	6.441e3
4268.9688	7.321e2
4269.3701	2.713e3
4269.7988	1.141e3
4270.3066	5.954e3
4271.4692	7.333e3
4271.9326	7.708e2
4272.4209	3.502e3
4273.0259	3.328e3
4273.3091	3.326e3
4274.4600	5.474e3
4275.3311	2.252e3
4276.0317	2.159e3
4276.3379	2.212e3
4276.9731	8.719e2
4277.2637	1.550e3
4277.6226	2.923e3
4278.2974	4.615e3
4278.6626	1.187e3
4279.2256	5.774e3
4279.8516	5.867e2
4280.3389	4.145e3
4281.2373	2.596e3
4281.6182	1.146e3
4282.3643	5.698e3
4283.1548	6.641e3
4283.6616	1.199e3
4284.2773	1.933e3
4284.8379	7.776e2
4285.3154	2.811e3
4285.7197	8.891e2
4286.3447	3.486e3
4286.7637	3.309e2
4287.3101	1.584e3
4288.2935	6.414e3
4289.3174	4.887e3
4290.2090	2.218e3
4290.6162	2.026e3
4291.2710	2.109e3
4291.8691	3.621e2
4292.2896	6.325e3
4293.2441	3.608e3
4293.7642	2.840e3
4294.2275	4.259e3
4294.6660	1.490e3
4295.3750	4.710e3
4295.8740	9.842e2
4296.2959	3.580e3
4297.2446	3.496e3
4297.7612	7.192e2
4298.4658	4.998e3
4299.3247	3.893e3
4300.2915	5.678e3
4301.3052	4.206e3
4302.3149	4.296e3
4303.2764	5.671e3
4304.3613	3.414e3
4305.2334	1.372e3
4305.5576	8.559e2
4305.9492	1.654e3
4306.2998	1.419e3
4306.5605	2.445e3
4307.4067	3.152e3
4308.2739	2.517e3
4308.5615	8.742e2
4309.2891	3.502e3
4309.8755	2.688e3
4310.4355	5.956e3
4311.2856	4.021e3
4312.3018	4.017e3
4312.5615	1.752e3
4313.1660	3.821e3
4313.7617	4.547e2
4314.2378	2.555e3
4314.6621	3.999e3
4315.2373	2.285e3
4316.1421	5.336e3
4316.8169	6.033e2
4317.3018	2.861e3
4317.7295	1.476e3
4318.3110	3.939e3
4318.8652	1.208e3
4319.2822	2.777e3
4320.3574	3.145e3
4320.6606	1.429e3
4321.2979	2.806e3
4321.8110	1.719e3
4322.3721	3.152e3
4322.8965	1.477e3
4323.2744	2.092e3
4323.5605	7.050e2
4324.2671	4.834e3
4324.7637	5.384e2
4325.3394	2.729e3
4325.6602	6.124e2
4326.3174	4.204e3
4326.9370	2.195e3
4327.2397	2.487e3
4327.5625	1.593e3
4327.9824	6.296e2
4328.4321	2.371e3
4328.8223	2.299e3
4329.3623	2.513e3
4329.9468	1.369e3
4330.3271	2.846e3
4331.2749	3.678e3
4331.9331	1.298e3
4332.1729	7.663e2
4332.5010	1.836e3
4332.9985	2.758e3
4333.4243	1.194e3
4333.9058	1.356e3
4334.4014	2.368e3
4334.9233	1.418e3
4335.3853	2.092e3
4335.9639	1.292e3
4336.2959	1.927e3
4337.2720	3.402e3
4338.3154	6.417e3
4339.1978	2.628e3
4339.7114	9.829e2
4340.3062	4.133e3
4341.3101	2.640e3
4342.2598	3.215e3
4342.9419	1.361e3
4343.1704	6.851e2
4343.5830	2.693e3
4344.3057	2.313e3
4345.0630	1.942e3
4345.2617	1.896e3
4345.9146	1.884e3
4346.2500	2.270e3
4346.6265	1.957e3
4347.2710	1.818e3
4347.7144	2.789e3
4347.9888	8.777e2
4348.3872	3.602e3
4349.2646	2.368e3
4349.5620	1.226e3
4350.1465	2.102e3
4350.8228	1.301e3
4351.3364	2.314e3
4351.7686	6.221e2
4352.2271	2.025e3
4353.2671	2.573e3
4353.9722	1.488e3
4354.3594	5.260e3
4354.7163	2.401e3
4355.2896	2.165e3
4355.8721	6.093e2
4356.2896	2.703e3
4357.1060	1.599e3
4357.5669	5.103e2
4357.9336	2.017e3
4358.1934	1.243e3
4358.4282	2.842e3
4358.8242	3.641e3
4359.4316	2.266e3
4360.1460	4.124e3
4360.7104	5.478e2
4361.1577	3.379e3
4362.2104	2.123e3
4362.6919	1.478e3
4363.3325	3.337e3
4364.2783	2.907e3
4364.5630	1.355e3
4365.1973	2.128e3
4365.5205	1.048e3
4366.2241	5.571e3
4367.2173	2.958e3
4367.6729	2.341e3
4368.1729	3.132e3
4368.6938	1.944e3
4369.1973	7.814e2
4369.4287	1.482e3
4370.1318	1.837e3
4370.5249	2.639e3
4371.1465	1.451e3
4371.5479	6.892e2
4372.0913	1.555e3
4372.3213	1.867e3
4373.2510	1.359e3
4373.5288	1.309e3
4374.2437	3.260e3
4374.7671	5.452e2
4375.2935	2.067e3
4376.2617	1.481e3
4376.7388	7.611e2
4377.1045	1.200e3
4377.7427	1.918e3
4378.1553	1.768e3
4378.6074	4.024e3
4379.1582	9.275e2
4379.4976	2.905e3
4380.1914	1.901e3
4380.8901	1.297e3
4381.2915	3.136e3
4381.7197	1.092e3
4382.2314	1.935e3
4382.5205	1.829e3
4382.8989	3.609e2
4383.2002	1.009e3
4383.4287	1.576e3
4384.2222	2.702e3
4384.9619	6.696e2
4385.1606	3.571e2
4385.4722	1.075e3
4386.2632	8.396e2
4387.0864	1.179e3
4387.3628	5.527e2
4387.7236	5.941e2
4388.4253	2.102e3
4389.2490	1.270e3
4389.8545	1.465e3
4390.3271	3.693e3
4391.0845	1.189e3
4391.3804	1.773e3
4391.8750	4.225e2
4392.1978	1.382e3
4393.3252	2.069e3
4394.3467	3.623e3
4395.1880	1.360e3
4395.8394	1.008e3
4396.2881	1.246e3
4396.8618	1.691e3
4397.1191	1.934e3
4397.6470	4.784e2
4398.0625	2.262e3
4398.4678	2.901e3
4398.8613	7.783e2
4399.2349	2.674e3
4399.5630	6.475e2
4399.8906	1.250e3
4400.3223	1.772e3
4400.8535	7.197e2
4401.2847	3.097e3
4401.7246	1.289e3
4402.2603	2.615e3
4402.5615	9.991e2
4403.2295	9.991e2
4403.6465	1.645e3
4404.2603	1.647e3
4405.0635	7.367e2
4405.5625	6.597e2
4405.9160	2.124e3
4406.4429	8.416e1
4407.0723	9.165e2
4407.5044	1.438e3
4408.3101	2.847e3
4408.7173	7.535e2
4409.1108	2.653e3
4409.5288	1.496e3
4410.2837	9.906e2
4410.5376	1.425e3
4411.1689	7.708e1
4411.4741	1.984e2
4411.8540	6.304e2
4412.1177	1.247e3
4413.3550	1.450e3
4413.7915	6.235e2
4414.3882	1.552e3
4415.3257	2.969e3
4416.0088	5.041e2
4416.6704	3.734e2
4417.1382	1.119e3
4417.7988	1.877e2
4418.3960	3.834e3
4418.7612	1.034e3
4419.4956	3.022e3
4420.3286	2.929e3
4421.2002	2.447e3
4421.6914	1.323e3
4422.2617	1.964e3
4422.6196	2.923e3
4423.2119	1.378e3
4423.6797	1.332e2
4424.2842	1.153e3
4424.6626	3.262e2
4425.0830	3.469e2
4425.3516	6.108e2
4426.1147	1.477e3
4426.6851	3.354e3
4426.9634	1.659e3
4427.7471	1.103e3
4428.3838	4.947e3
4428.9180	4.995e2
4429.3921	1.492e3
4429.9453	2.462e3
4430.2813	3.611e3
4430.5615	7.946e2
4430.9893	4.437e3
4431.5405	3.070e3
4432.0674	1.313e3
4432.4927	1.350e3
4433.1548	1.068e3
4433.7148	2.587e3
4434.1460	9.732e2
4434.8892	2.176e3
4435.1611	7.096e2
4435.9346	1.749e3
4436.2266	1.949e3
4437.1440	5.915e3
4438.2349	2.663e3
4438.7202	1.515e3
4439.2412	9.682e2
4439.5371	1.064e3
4439.9160	1.174e3
4440.5068	6.353e2
4441.1338	9.587e2
4441.4268	7.763e2
4442.0459	1.031e3
4442.5420	1.558e3
4442.8760	2.733e3
4443.6953	8.962e2
4444.2534	2.678e3
4444.8687	7.751e2
4445.1270	1.218e3
4445.6777	1.172e3
4446.3418	2.870e3
4447.0864	1.701e3
4447.6611	5.267e2
4448.3516	1.004e3
4449.3032	8.658e2
4449.8657	1.820e3
4450.4946	1.598e3
4450.7603	4.057e2
4451.5664	1.337e3
4451.9980	2.811e2
4452.2983	8.870e2
4452.6929	2.308e3
4452.9448	5.861e3
4453.8008	4.313e3
4454.4487	4.351e3
4454.9980	1.787e3
4455.4131	5.450e2
4456.0830	4.929e3
4456.6362	7.145e2
4457.1831	2.239e3
4457.6895	1.834e3
4458.2744	1.752e3
4458.8140	9.692e2
4459.3042	2.276e3
4460.1313	1.119e3
4460.4922	7.751e2
4460.7612	2.734e2
4461.2236	9.257e2
4461.9390	1.099e3
4462.4702	2.281e3
4463.1987	8.329e2
4463.5679	1.018e3
4464.2329	3.076e3
4465.0898	1.685e3
4465.4111	9.648e2
4466.2144	3.801e2
4466.7363	8.466e2
4467.1274	1.669e3
4468.2661	4.714e3
4469.4639	1.387e3
4470.3955	9.486e2
4470.6587	9.805e2
4471.1729	1.364e3
4471.4316	1.796e3
4471.9536	2.292e3
4472.4604	1.194e2
4473.1387	1.950e3
4473.4609	6.672e2
4474.2524	1.313e3
4474.5615	2.192e3
4474.8638	2.110e3
4475.7173	7.576e2
4476.1162	8.540e2
4476.5728	2.895e2
4477.1543	6.519e2
4477.4956	9.433e2
4478.0874	4.273e3
4478.7969	4.055e3
4479.1724	8.434e2
4479.5605	1.194e2
4480.1997	1.982e3
4480.6875	1.195e3
4481.2471	1.356e3
4481.7256	4.189e3
4482.3672	1.121e3
4482.6973	1.989e3
4483.1548	1.973e3
4484.3813	6.840e2
4484.9004	1.392e3
4485.2646	4.956e2
4486.0889	4.275e3
4486.4614	4.098e2
4486.7236	5.397e2
4487.1045	1.173e3
4487.5107	6.245e2
4488.1528	1.740e3
4488.7090	1.175e3
4489.2407	3.086e3
4490.0503	5.282e2
4490.4463	1.336e3
4490.7227	1.404e3
4491.0605	2.580e2
4491.4155	7.198e2
4492.0596	2.466e3
4492.5684	1.372e3
4492.7637	1.123e3
4493.2065	1.737e3
4493.7114	6.077e2
4494.3398	2.112e3
4494.8125	4.365e2
4495.3384	1.246e3
4496.2451	4.695e2
4496.6680	1.109e3
4497.1152	1.174e3
4497.4492	5.684e2
4497.7988	1.729e3
4498.2334	2.642e3
4498.5654	1.161e3
4498.9097	1.098e3
