3500.5723	4.427e2
3500.8555	5.040e2
3501.4924	3.161e2
3501.8154	9.132e2
3502.2222	8.715e2
3502.6260	1.687e3
3503.1501	5.788e2
3503.4172	8.925e2
3504.1748	1.668e2
3504.8416	7.431e1
3505.2075	2.441e2
3505.5845	6.806e2
3506.0349	1.057e3
3506.5139	6.047e2
3506.8245	4.999e2
3507.1621	1.355e1
3508.3521	8.613e2
3508.8542	2.340e3
3509.8286	3.211e2
3510.3037	1.267e3
3510.8855	1.685e3
3511.4631	2.850e3
3512.0205	7.481e2
3512.4146	2.045e3
3512.8130	1.778e2
3513.2795	6.660e2
3513.8625	5.297e2
3514.5613	8.249e2
3515.0710	5.901e2
3515.6274	1.078e3
3516.1814	8.400e2
3516.7463	2.049e2
3517.1116	1.022e2
3517.6821	8.263e2
3518.3699	2.126e3
3519.1013	1.320e3
3519.7837	1.289e3
3520.0837	2.753e2
3520.4890	2.081e3
3520.9185	1.295e3
3521.4749	2.164e3
3522.2119	1.325e3
3522.5425	1.447e3
3523.4031	7.397e2
3524.0669	7.908e2
3524.3613	1.553e2
3524.7441	5.685e2
3525.2717	1.972e2
3525.7393	3.354e2
3526.2981	8.729e2
3526.5923	2.725e3
3527.7954	1.291e2
3528.4441	9.716e2
3528.8523	7.811e2
3529.7278	3.472e3
3530.1318	3.465e3
3530.5237	8.217e2
3530.9763	1.363e3
3531.3855	9.760e2
3532.3093	2.606e2
3532.7939	4.816e2
3533.1909	5.396e2
3533.6050	1.138e3
3533.9629	8.900e1
3534.4177	9.186e2
3534.9822	2.481e2
3535.4448	1.727e3
3535.9097	7.837e2
3536.5566	2.691e2
3536.9106	7.619e2
3537.9321	1.183e3
3538.7163	4.111e3
3539.1746	1.859e3
3539.6208	6.060e2
3540.3953	1.325e3
3540.8127	7.806e2
3541.6689	7.943e2
3541.9343	8.882e2
3542.7971	2.757e3
3543.3679	3.472e2
3543.8660	7.639e2
3544.3152	1.257e3
3544.9434	1.261e2
3545.2610	1.061e1
3545.9395	6.286e2
3546.4871	7.891e2
3546.7607	2.946e2
3547.3613	5.374e2
3547.6736	6.479e2
3548.0149	1.339e3
3549.0139	2.198e3
3549.6970	5.008e2
3549.9785	1.038e2
3550.3398	6.883e2
3550.5640	4.049e2
3550.8159	1.139e3
3551.7871	1.322e3
3552.7012	7.443e2
3553.7717	2.717e3
3554.1606	4.736e2
3554.4612	2.732e2
3554.8210	7.946e2
3555.4792	4.452e2
3556.5383	2.324e3
3557.4080	2.643e1
3557.7690	2.237e1
3558.4968	4.033e3
3558.8628	6.422e2
3559.4724	6.362e2
3559.7913	1.533e3
3560.4739	5.667e2
3560.8757	1.299e3
3561.2163	1.185e3
3561.6628	1.729e3
3562.1948	2.083e3
3562.8071	1.370e3
3563.4648	1.171e3
3563.9561	1.904e3
3564.3430	7.125e2
3564.6860	3.462e2
3565.0159	9.008e2
3566.0293	1.712e2
3566.7820	9.496e2
3567.7053	4.420e2
3568.3733	1.202e3
3568.9519	2.408e3
3569.3628	3.743e2
3569.8157	6.410e2
3570.2222	5.680e2
3570.6951	5.215e2
3571.2241	1.073e3
3571.6260	1.599e3
3571.9934	2.765e3
3572.4519	2.946e2
3572.7568	4.085e2
3573.4919	6.250e2
3573.8623	1.800e2
3574.2793	2.159e2
3575.0569	8.211e2
3575.4949	1.695e2
3575.8174	7.162e2
3576.1982	3.971e2
3576.4590	5.241e2
3576.7292	7.508e2
3577.0613	3.541e1
3577.7356	3.149e2
3578.2803	5.353e2
3578.4612	4.709e2
3579.0144	1.173e3
3579.4519	5.519e2
3579.8098	1.065e3
3580.3914	2.309e3
3580.8413	1.700e3
3581.3953	2.211e3
3581.8760	1.572e3
3582.2825	1.823e3
3582.7629	2.681e2
3583.3250	2.362e3
3583.7632	1.185e3
3584.0503	1.822e3
3584.6284	5.565e2
3585.2310	2.443e2
3585.7146	4.844e2
3586.1348	1.710e3
3586.5942	6.800e2
3586.8623	4.501e2
3587.2349	5.498e2
3588.3455	4.866e2
3588.7332	1.058e3
3589.1179	1.177e3
3589.7412	1.489e3
3590.1809	2.021e3
3590.5200	1.652e3
3590.9194	1.037e3
3591.5134	1.561e3
3592.2170	1.025e3
3592.6689	1.086e1
3593.1462	6.614e2
3593.5168	1.032e3
3593.8628	2.193e2
3594.2603	9.976e2
3594.6084	3.199e2
3594.8647	1.172e2
3595.6079	1.388e3
3596.0435	5.342e2
3596.4204	3.049e2
3596.8801	9.633e2
3597.7590	2.045e2
3598.1755	1.000e3
3598.6868	2.605e3
3599.0269	1.537e3
3599.5569	1.186e3
3599.9868	9.469e2
3600.5317	1.624e3
3601.2056	9.354e2
3601.8860	9.068e2
3602.4556	5.038e2
3602.8220	5.848e2
3603.3220	7.210e2
3603.7383	4.229e2
3604.1274	7.017e2
3604.4204	8.333e2
3604.9624	1.127e2
3605.2322	1.170e2
3605.8486	2.271e2
3606.2429	3.061e2
3606.7539	8.272e2
3607.3640	1.739e2
3607.6799	3.201e2
3608.0354	1.463e3
3608.8887	9.945e2
3609.2463	6.214e2
3609.7144	1.848e3
3610.3357	1.370e3
3610.7058	1.433e3
3610.9602	7.826e2
3611.4365	3.652e2
3611.7300	2.366e2
3612.1975	1.403e3
3613.2778	3.459e2
3613.6995	1.142e3
3614.1765	1.993e3
3614.4612	2.196e2
3615.1670	7.109e2
3616.1040	1.288e3
3616.4639	8.341e2
3616.9465	1.013e3
3617.2617	3.198e2
3617.7036	1.996e3
3618.1321	1.239e3
3618.6248	1.963e3
3619.0271	1.118e3
3619.4343	4.692e2
3619.8774	9.818e2
3620.1169	1.320e3
3620.5728	2.160e2
3621.0117	5.573e2
3621.5273	1.674e3
3621.9749	2.054e2
3622.3354	3.983e2
3622.7063	7.107e2
3622.9890	2.841e2
3623.2341	5.362e2
3623.7241	5.583e2
3623.9614	2.899e2
3624.2964	7.187e2
3624.7197	4.906e2
3625.3364	1.463e3
3625.8306	7.379e2
3626.0623	7.753e2
3626.5947	2.512e2
3626.9641	1.082e3
3628.2156	1.871e3
3629.0439	1.990e3
3629.6199	2.251e2
3629.9355	2.367e2
3630.2732	3.859e2
3630.6335	1.020e3
3631.0894	7.533e2
3631.6809	1.558e3
3631.9612	5.194e2
3632.2622	1.302e2
3633.0671	1.116e3
3633.6809	5.114e2
3634.2356	1.117e3
3634.6279	1.298e3
3635.0981	7.449e2
3635.4148	6.623e2
3636.3718	5.611e2
3636.8079	4.694e2
3637.6548	4.381e2
3638.1167	1.063e3
3638.5481	8.316e2
3639.0073	2.141e3
3639.4861	1.270e3
3640.1060	2.820e2
3640.3635	4.293e1
3640.8284	7.333e2
3641.1399	5.484e2
3641.5264	9.208e2
3641.8652	4.661e2
3642.1611	3.184e2
3642.4614	1.692e2
3643.5315	1.259e3
3643.8608	5.750e2
3644.6306	4.458e-2
3645.5444	3.713e2
3645.8787	3.094e2
3646.4290	1.514e3
3646.8281	5.248e2
3647.4480	1.892e2
3648.4700	3.261e3
3649.1279	1.686e3
3649.6189	6.430e2
3650.1155	7.724e2
3650.8882	7.401e2
3651.3101	2.974e2
3651.6201	2.290e2
3651.9189	2.176e2
3652.3875	9.799e2
3652.8540	1.537e3
3653.3186	5.252e2
3654.4092	2.161e3
3654.9272	6.537e2
3655.2170	7.214e2
3655.9358	5.405e2
3656.8315	7.033e2
3657.0627	4.737e2
3657.6638	3.655e2
3657.9248	3.407e2
3658.4639	7.979e2
3658.9534	6.231e2
3659.2397	7.266e2
3659.6458	5.173e2
3659.9932	1.403e3
3660.3608	8.149e1
3660.7937	8.574e1
3661.3433	6.781e2
3661.7092	1.153e3
3662.1438	1.305e3
3662.6235	1.636e3
3663.1697	1.514e3
3663.9016	8.234e2
3664.3928	5.172e2
3664.7925	4.622e2
3665.1057	1.087e3
3665.8865	4.517e2
3666.4238	2.447e3
3666.9182	9.170e2
3667.3171	4.736e2
3667.7620	2.095e1
3668.3171	2.951e2
3668.7800	5.776e2
3669.2017	8.222e2
3670.3379	2.212e3
3670.8389	1.393e3
3671.2739	9.962e2
3671.7173	1.238e3
3672.0227	1.398e3
3672.9246	1.430e3
3673.4968	1.350e3
3673.7251	1.885e3
3674.1248	1.093e3
3674.5498	5.351e2
3675.1169	6.639e2
3675.5239	4.067e2
3676.0571	2.961e2
3676.5320	4.955e2
3676.9253	7.109e2
3677.3611	7.068e1
3677.7983	7.353e1
3678.6455	1.588e3
3679.2898	1.495e3
3679.7183	1.672e3
3680.2119	1.582e3
3680.6321	5.537e2
3681.0703	1.049e3
3681.4268	1.042e3
3681.9250	1.210e3
3682.3123	1.641e3
3682.8999	4.017e3
3683.4285	1.438e3
3684.1956	1.108e3
3684.7346	4.575e2
3685.2195	2.945e2
3685.8689	4.456e2
3686.1318	5.042e2
3686.6584	7.543e2
3687.2109	3.824e2
3687.6646	1.121e2
3688.5054	2.812e3
3688.9753	3.283e3
3689.6121	2.550e3
3690.3250	2.347e3
3690.8096	1.048e3
3691.1946	6.237e2
3691.5188	1.812e3
3691.8633	4.198e2
3692.1914	1.018e3
3692.6831	1.749e2
3693.0242	1.114e3
3693.2620	8.021e2
3694.4260	2.692e3
3694.8755	1.980e3
3695.6343	4.148e2
3696.1992	5.772e2
3697.6084	2.743e3
3698.0515	9.296e2
3698.2612	9.235e2
3698.8135	1.085e3
3699.1558	1.017e3
3699.5620	1.104e2
3699.9333	2.472e2
3700.2886	5.729e2
3700.5627	5.087e2
3700.9165	5.025e2
3701.3455	8.127e2
3701.7847	1.053e3
3702.3965	1.617e3
3702.7551	7.330e2
3703.4878	8.866e2
3703.9336	5.673e2
3704.2239	3.793e2
3704.6497	1.819e2
3704.9187	3.730e2
3705.4021	3.752e2
3705.7290	4.173e2
3706.2354	1.037e3
3706.7085	9.019e2
3706.9697	2.905e2
3707.3367	8.313e2
3707.6768	4.653e2
3708.0298	5.274e2
3708.3777	9.062e2
3708.8467	1.323e3
3709.1226	1.085e3
3709.7437	1.868e3
3710.3320	2.959e3
3710.8928	1.594e3
3711.1611	1.517e3
3712.0562	8.790e2
3712.4385	1.481e3
3712.9148	6.138e2
3713.2620	6.463e2
3713.6360	6.944e2
3714.1331	2.936e2
3714.3618	1.927e2
3715.2461	1.029e3
3715.6133	1.128e3
3716.1306	4.893e2
3716.7061	5.344e1
3717.2610	2.431e2
3718.6118	3.218e3
3718.9951	2.044e3
3719.3176	1.935e3
3719.7803	8.830e2
3720.0618	6.613e2
3720.6506	2.021e2
3721.1145	5.775e2
3721.7190	1.363e3
3722.2266	1.031e3
3722.6917	8.913e2
3723.1206	6.704e2
3723.5222	4.408e2
3723.8828	1.971e2
3724.2537	7.709e2
3724.8113	9.034e2
3725.1421	5.613e2
3725.5613	6.184e1
3726.2688	9.244e2
3727.0156	9.836e2
3727.5593	4.175e2
3728.1418	1.336e3
3728.4329	9.325e2
3728.9910	1.290e3
3729.5256	1.442e3
3730.2263	1.776e3
3730.6768	1.179e3
3731.2239	4.796e2
3731.6272	2.994e2
3731.8611	1.932e2
3732.2290	5.555e1
3732.5723	9.276e1
3732.8848	2.763e2
3733.2937	1.137e3
3733.8879	1.125e3
3734.3289	6.079e2
3734.8672	5.343e-5
3735.4819	1.096e-5
3736.6677	2.843e3
3737.2012	1.313e3
3738.0962	5.368e2
3738.5579	1.924e3
3739.5762	1.289e3
3739.9143	7.365e2
3740.5671	3.366e1
3741.2595	1.171e2
3741.8154	6.462e2
3742.3225	8.445e2
3742.7192	9.084e2
3743.2405	2.084e3
3743.7249	1.148e3
3744.5464	8.690e2
3745.3215	6.802e2
3745.6272	6.524e2
3746.3162	2.704e3
3746.7637	4.048e2
3747.1670	5.704e2
3747.5969	5.068e2
3747.8994	1.701e2
3748.1794	4.457e2
3748.5181	1.259e3
3748.8191	6.351e2
3749.4153	8.102e2
3750.2976	1.239e3
3750.6326	8.257e2
3751.0654	1.268e3
3751.4382	1.591e3
3751.7842	2.350e3
3752.2244	2.623e3
3752.5605	2.808e2
3753.1558	5.203e2
3753.7217	1.790e3
3754.2847	1.827e3
3754.7271	1.382e3
3755.2764	2.233e2
3755.6072	7.785e2
3756.0134	6.581e2
3756.4492	4.206e2
3756.9412	9.896e2
3757.5674	1.287e3
3758.3767	1.436e3
3758.7263	6.444e2
3759.1624	1.395e3
3759.6025	7.301e2
3760.4421	1.595e3
3760.9143	2.465e3
3761.3174	1.690e3
3761.8262	1.436e3
3762.2319	8.787e2
3762.6606	1.553e2
3763.6199	1.352e3
3764.0178	1.338e3
3764.4199	5.640e2
3764.9551	8.937e2
3765.2610	3.217e2
3765.7156	4.339e2
3766.3350	1.610e3
3766.7947	1.017e3
3767.2261	8.322e2
3767.4609	5.057e2
3767.8140	3.549e2
3768.3147	9.408e2
3768.9060	2.816e3
3769.5696	3.704e3
3770.7402	7.562e2
3771.2678	7.111e2
3771.5876	3.644e2
3771.9436	1.004e3
3772.3411	1.471e3
3773.0977	4.924e2
3773.3982	1.201e3
3773.9087	6.862e2
3774.3345	1.375e3
3774.5615	1.083e3
3774.9614	3.837e2
3775.4407	2.686e3
3775.9380	1.079e3
3776.8193	1.546e3
3777.7249	4.832e2
3778.2439	4.713e3
3778.7048	3.500e3
3779.1160	1.481e3
3779.5881	2.127e3
3780.0056	8.134e2
3780.4224	1.042e3
3780.9268	1.465e3
3781.2214	1.193e3
3781.8457	9.513e2
3782.2600	1.660e3
3782.8015	1.200e3
3783.0610	6.838e2
3783.4463	6.198e2
3783.6604	4.934e2
3784.2329	6.203e2
3785.2671	1.605e3
3785.6392	8.041e2
3785.9609	4.302e2
3786.4929	8.008e2
3786.8137	3.965e2
3787.2380	5.419e2
3787.8972	1.483e3
3788.3186	1.595e3
3788.7024	1.807e3
3789.4753	4.957e2
3790.2017	1.305e3
3790.6292	8.889e2
3791.0378	1.189e3
3791.3140	7.707e2
3791.7336	1.167e3
3792.0762	1.334e3
3792.4211	7.236e2
3792.7358	6.346e2
3793.0833	6.140e2
3793.5647	2.467e3
3794.2224	8.311e2
3794.6521	4.772e2
3795.1140	3.271e2
3795.6260	1.461e3
3796.3718	1.716e3
3796.9194	1.790e3
3797.4871	6.277e2
3798.4099	2.817e3
3798.7837	6.732e2
3799.0586	1.494e3
3799.5740	3.494e3
3799.8635	1.510e3
3800.1609	4.969e2
3800.4202	8.419e2
3800.9778	1.869e3
3801.5063	9.090e2
3801.8188	5.767e2
3802.2004	1.042e3
3802.7502	1.340e3
3803.1604	2.979e2
3803.5381	9.580e2
3804.1094	7.493e2
3804.5625	1.143e2
3804.9141	1.112e2
3805.3594	2.170e2
3806.2830	1.677e3
3806.5193	1.538e3
3807.1636	1.344e3
3807.6331	8.695e2
3807.9365	7.114e2
3808.3262	1.589e3
3808.7512	3.392e3
3809.3479	7.331e2
3809.7280	1.058e3
3810.2727	2.054e3
3810.7231	5.845e2
3811.1433	5.682e2
3811.4917	9.794e2
3811.9282	4.049e2
3812.3525	7.168e2
3812.6606	2.392e2
3813.1582	4.842e2
3813.4722	4.334e2
3813.8062	8.266e2
3814.5579	3.328e3
3814.9834	1.174e3
3815.2615	4.658e2
3815.6790	1.057e3
3815.9153	1.288e3
3816.5933	3.988e2
3817.2407	2.428e3
3817.7449	6.703e2
3817.9646	3.903e2
3818.4509	2.249e3
3818.8164	9.389e2
3819.1184	1.048e3
3819.5247	6.966e2
3819.9331	6.110e2
3820.4126	1.277e3
3820.8364	1.215e3
3821.3469	1.468e3
3822.0476	6.374e2
3822.3979	1.167e3
3823.2905	2.278e3
3823.7119	2.590e3
3824.2190	9.787e2
3824.5776	2.469e2
3824.8198	4.226e2
3825.3755	4.875e2
3825.9993	4.221e2
3826.2961	9.530e2
3826.8525	7.001e2
3827.0647	6.253e2
3827.5327	1.128e3
3827.9746	6.506e2
3828.4673	1.820e3
3828.9426	6.433e2
3829.3118	8.017e2
3829.6917	2.816e2
3830.0627	7.258e2
3830.2605	4.989e2
3830.5623	4.009e2
3831.0178	7.200e2
3831.9512	1.198e3
3832.4355	1.991e3
3832.8621	7.471e2
3833.3430	1.453e3
3834.1975	2.328e3
3834.6941	9.581e2
3835.4761	2.512e3
3836.3076	1.555e3
3836.8855	1.109e3
3837.3093	1.656e3
3837.9697	5.426e2
3838.3181	2.032e3
3838.6616	4.723e2
3839.2786	1.581e3
3839.9209	5.249e2
3840.3259	3.931e2
3841.0183	3.054e3
3841.3459	1.881e3
3841.8542	1.752e3
3842.4749	3.288e3
3842.8374	1.396e3
3843.1875	2.526e3
3843.5486	4.569e2
3843.9844	1.052e3
3844.4038	7.910e2
3844.7825	1.021e3
3845.2122	5.767e2
3845.7500	2.530e2
3846.2415	9.476e2
3846.5303	9.083e2
3847.0410	5.882e2
3847.3289	6.201e2
3847.9587	1.096e3
3848.3198	2.349e3
3848.7886	3.024e3
3849.3042	1.057e3
3849.7144	2.502e3
3850.3828	3.098e3
3850.9868	2.215e3
3851.3162	1.280e3
3851.5637	9.828e2
3852.0073	1.690e3
3852.3213	2.256e3
3852.9924	1.436e3
3853.4470	9.866e2
3853.8965	1.228e3
3854.3179	1.833e3
3854.7258	6.007e2
3855.0764	6.075e2
3855.3970	1.285e3
3855.7231	7.826e2
3856.0874	3.639e2
3856.5269	1.541e3
3856.9185	7.145e2
3857.3015	9.316e2
3857.8811	9.915e2
3858.4055	1.205e3
3858.8967	2.165e3
3859.3398	2.113e3
3859.7617	2.690e3
3860.2166	8.306e2
3860.7888	1.251e3
3861.3799	1.554e3
3862.1228	2.147e3
3862.4465	2.178e3
3862.7610	1.371e3
3863.2134	2.458e3
3863.6296	8.686e2
3864.2668	1.338e3
3864.7646	3.468e2
3865.3066	1.357e3
3865.7192	8.830e2
3865.9624	3.884e2
3866.3262	1.489e3
3867.1165	5.271e2
3867.3643	3.320e2
3868.2429	1.899e3
3868.7068	2.152e3
3869.0806	1.287e3
3869.4617	7.344e2
3869.7268	9.467e2
3870.2588	1.362e3
3870.6453	2.266e3
3871.2871	7.377e2
3871.7585	2.431e3
3872.3130	2.343e3
3872.9180	1.096e3
3873.3279	1.453e3
3873.9294	1.244e3
3874.2612	4.866e2
3874.8027	2.075e3
3875.1108	4.137e2
3875.4226	5.397e2
3876.2473	1.336e3
3876.5618	3.135e2
3876.8940	7.550e2
3877.4126	2.614e3
3877.9216	9.957e2
3878.3628	4.098e3
3878.8757	1.450e3
3879.3057	2.428e3
3879.7944	1.134e3
3880.3171	2.102e3
3880.6387	8.981e2
3880.9155	1.137e3
3881.2908	1.273e3
3881.5581	1.903e3
3882.1543	3.191e3
3883.2217	1.223e3
3883.6956	1.758e3
3884.3254	7.084e2
3884.7744	2.225e2
3884.9629	2.279e2
3885.6455	8.698e2
3886.2483	1.775e3
3886.7549	4.078e3
3887.5908	9.549e2
3888.0586	1.033e3
3888.4263	1.938e3
3888.9619	7.534e2
3889.2239	1.075e3
3889.6963	1.280e3
3890.3081	1.806e3
3890.9070	1.039e3
3891.3223	1.144e3
3891.9004	8.358e2
3892.3503	1.809e3
3892.8130	9.071e2
3893.3484	1.030e3
3894.1667	1.832e3
3894.7712	4.986e2
3895.3481	1.486e3
3895.7324	1.056e3
3896.3574	9.446e2
3896.8354	1.660e3
3897.1948	1.578e3
3897.5977	5.294e2
3897.9307	1.350e3
3898.3008	1.856e3
3898.6770	2.598e3
3899.2170	9.853e2
3899.5464	9.642e2
3900.1255	7.129e2
3900.8203	1.135e3
3901.1167	9.479e2
3901.6482	1.464e3
3902.2236	7.501e2
3902.7927	8.579e2
3903.3591	1.375e3
3903.7527	4.533e2
3904.2966	9.261e2
3904.5281	7.705e2
3904.9709	1.368e3
3905.3708	1.249e3
3905.8271	1.180e3
3906.3157	1.580e3
3906.8391	8.849e2
3907.3157	1.897e3
3907.7515	7.492e2
3908.1028	5.398e3
3908.5068	1.974e3
3908.9175	1.400e3
3909.2615	4.557e2
3909.8494	4.470e2
3910.3755	9.293e2
3910.6809	3.379e2
3911.0701	1.228e3
3911.6809	1.179e3
3912.2239	3.287e2
3912.6882	1.892e2
3913.3347	1.361e3
3913.7317	1.354e3
3914.0190	1.065e3
3914.3140	1.046e3
3914.8674	7.923e2
3915.3870	8.144e2
3915.7778	4.192e2
3916.1357	7.718e2
3916.3687	4.204e2
3916.7458	1.327e3
3917.2053	1.173e3
3917.6514	5.502e2
3918.1096	2.905e3
3918.5061	3.477e3
3919.1233	1.478e3
3919.3623	8.023e2
3919.7200	7.707e2
3920.3325	1.469e3
3920.8835	6.681e2
3921.3110	1.135e3
3921.9221	8.049e2
3922.3618	2.164e3
3922.8545	7.223e2
3923.4465	2.064e3
3924.2087	1.246e3
3924.9204	9.827e2
3925.5264	1.713e3
3926.0334	4.400e3
3927.1953	7.750e2
3927.5686	5.555e2
3928.1570	1.113e3
3928.5752	2.737e3
3929.2151	1.327e3
3929.5234	1.037e3
3930.3115	9.777e2
3930.7449	4.640e2
3931.4475	1.478e3
3932.1614	3.093e3
3932.7458	5.973e2
3933.3662	2.750e3
3933.8223	1.253e3
3934.4365	3.463e3
3934.9634	6.629e2
3935.3674	1.228e3
3935.6951	3.601e2
3935.9167	8.226e2
3936.3171	4.853e2
3937.0327	2.531e3
3937.8865	1.191e3
3938.3989	1.798e3
3938.8821	8.926e2
3939.3081	1.053e3
3939.8203	8.590e2
3940.4094	3.023e3
3940.7610	1.053e3
3941.1101	8.010e2
3941.3726	3.805e2
3942.0281	2.152e3
3942.3926	1.699e3
3942.7190	1.568e3
3943.2205	1.286e3
3943.4604	8.254e2
3943.9294	2.286e3
3944.8152	8.999e2
3945.2778	5.040e2
3945.5896	2.039e2
3946.3018	3.349e3
3946.8318	1.184e3
3947.1611	3.882e2
3947.4250	9.106e2
3947.9661	1.759e3
3948.4866	2.338e3
3949.3774	3.842e3
3949.9839	1.850e3
3950.3982	3.159e3
3951.3862	1.654e3
3951.7410	6.308e2
3952.3853	2.141e3
3952.6609	1.062e3
3953.3857	2.982e3
3953.8171	1.265e3
3954.3235	1.839e3
3955.3062	1.094e3
3955.9363	9.201e2
3956.3159	9.050e2
3956.6289	8.681e2
3956.9609	4.259e2
3957.4143	7.464e2
3957.7134	3.773e2
3958.3499	2.410e3
3958.6946	2.693e3
3959.0151	1.700e3
3959.4924	2.156e3
3960.3997	3.352e3
3960.9929	8.892e2
3961.3425	1.680e3
3961.6831	2.477e3
3962.3413	2.027e3
3962.9170	1.154e3
3963.3857	1.536e3
3963.9331	1.237e3
3964.3840	2.881e3
3964.7134	6.630e2
3965.5437	2.859e3
3966.4600	1.698e3
3967.2739	3.939e3
3967.7930	6.391e2
3968.0522	1.009e3
3968.4917	2.941e3
3969.2317	1.703e3
3969.5254	1.181e3
3970.1055	4.110e3
3970.5618	7.246e2
3970.9509	9.945e2
3971.3213	9.243e2
3971.6628	3.520e2
3972.0974	4.003e2
3972.3352	6.941e2
3972.7664	3.769e2
3973.4731	2.666e3
3974.2617	2.930e3
3974.6609	7.674e2
3975.0110	4.962e2
3975.4048	1.352e3
3975.7463	5.643e2
3976.4084	3.007e3
3976.9160	7.247e2
3977.3982	2.108e3
3977.9294	9.672e2
3978.3765	2.796e3
3978.6606	1.164e3
3979.3965	2.679e3
3979.7561	9.114e2
3980.3877	1.439e3
3980.6631	3.471e2
3981.3821	4.877e3
3982.2878	3.927e3
3982.9539	4.753e2
3983.6824	3.902e3
3984.3418	9.044e2
3984.9326	1.120e3
3985.4136	2.886e3
3985.8152	1.389e3
3986.3059	1.591e3
3986.7234	1.576e3
3986.9622	5.561e2
3987.3821	5.366e2
3987.6953	2.073e2
3988.2712	3.681e3
3988.7305	1.673e3
3989.4214	3.077e3
3989.8604	6.468e2
3990.4102	3.085e3
3990.9221	8.963e2
3991.4026	7.341e3
3991.7607	1.272e3
3992.4026	1.021e4
3992.9431	4.218e2
3993.4084	1.133e4
3993.8779	1.457e3
3994.4045	9.972e3
3994.7620	1.434e3
3995.4077	6.685e3
3995.9351	1.264e3
3996.4089	3.339e3
3996.6621	1.570e3
3997.3989	3.096e3
3997.9580	6.653e2
3998.3889	2.679e3
3998.7632	8.226e2
3999.3459	2.554e3
4000.0486	6.170e2
4000.3435	8.054e2
4000.7085	1.597e3
4001.3738	1.404e3
4002.0562	1.058e3
4002.5881	3.369e3
4003.4114	2.264e3
4003.8008	1.931e3
4004.3955	2.344e3
4004.8608	8.649e2
4005.4172	3.086e4
4005.9006	1.293e3
4006.4229	6.848e4
4006.9102	1.465e3
4007.4246	6.988e4
4007.8423	1.499e3
4008.4248	6.158e4
4008.9170	1.840e3
4009.4329	3.597e4
4009.9192	1.390e3
4010.4263	1.893e4
4010.9424	1.333e3
4011.4385	8.935e3
4011.9307	9.922e2
4012.4429	4.619e3
4012.9331	1.084e3
4013.4041	3.413e3
4013.9233	2.260e3
4014.4072	1.613e3
4014.7803	1.489e3
4015.3784	1.486e3
4015.6809	4.053e2
4016.3162	2.175e3
4016.5603	8.662e2
4016.9292	8.371e2
4017.3381	1.117e3
4017.5603	5.376e2
4017.9272	4.575e2
4018.3892	1.935e3
4018.9526	1.124e3
4019.3813	3.511e3
4019.9199	9.321e2
4020.4060	3.029e3
4020.9661	1.215e3
4021.4255	4.433e3
4021.8955	1.571e3
4022.4268	4.287e3
4022.7629	9.823e2
4023.0613	5.520e2
4023.4102	2.725e3
4023.7205	1.227e3
4024.4187	3.273e3
4024.9460	8.145e2
4025.3848	2.311e3
4025.8623	5.436e2
4026.4172	2.291e3
4026.8943	1.039e3
4027.4255	2.645e3
4028.0969	5.504e2
4028.4163	2.076e3
4028.9604	2.442e2
4029.4009	1.290e3
4029.9724	1.095e3
4030.4756	4.071e3
4030.8606	1.170e3
4031.3728	2.241e3
4032.1282	2.117e3
4032.3630	9.156e2
4032.7776	5.073e2
4033.0740	6.912e2
4033.4226	2.723e3
4033.8220	1.376e3
4034.4043	3.873e3
4034.7644	4.062e2
4035.1001	3.079e2
4035.4170	3.890e3
4035.9128	9.036e2
4036.4819	4.639e3
4037.4087	2.654e3
4037.7703	4.052e2
4038.0669	6.798e2
4038.4666	2.122e3
4038.8411	1.008e3
4039.5771	3.843e3
4040.4067	1.937e3
4040.9165	6.574e2
4041.3823	1.678e3
4041.8418	1.938e3
4042.4358	1.660e3
4042.6604	1.226e3
4043.4551	2.547e3
4043.9363	7.223e2
4044.3909	3.222e3
4045.3950	3.719e3
4045.9202	5.430e2
4046.3625	1.972e3
4046.6235	2.665e3
4046.9766	4.035e2
4047.4143	2.962e3
4047.7615	3.581e2
4048.3965	7.365e3
4048.9502	1.109e3
4049.4482	5.718e3
4049.9578	7.009e2
4050.4216	3.914e3
4051.1516	3.437e3
4051.4321	2.856e3
4051.8921	1.948e3
4052.4165	2.592e3
4053.0195	4.471e2
4053.3914	1.280e3
4054.3618	3.150e3
4054.9226	7.229e2
4055.3992	9.494e2
4055.7356	6.701e2
4056.3499	1.288e3
4056.8438	8.573e2
4057.3367	1.487e3
4057.9753	1.589e3
4058.4072	3.371e3
4058.7615	1.465e3
4059.3369	2.280e3
4059.6636	8.452e2
4060.3608	3.741e3
4060.9512	6.761e2
4061.3501	2.298e3
4061.6470	1.639e3
4061.9883	4.532e2
4062.3896	3.661e3
4062.9683	6.010e2
4063.5220	5.861e3
4064.0356	5.700e2
4064.4258	2.749e3
4064.9417	6.143e2
4065.3918	3.403e3
4065.9075	1.871e3
4066.4482	5.692e3
4067.3804	2.369e3
4068.1929	4.848e3
4068.5652	3.042e3
4069.4280	3.081e3
4069.9915	5.269e2
4070.4104	2.798e3
4071.0479	1.621e3
4071.4233	1.560e3
4071.7649	3.632e2
4072.0928	7.962e2
4072.4199	2.275e3
4072.7266	1.958e3
4073.3904	2.706e3
4073.8203	8.105e2
4074.4221	1.603e3
4074.8572	6.573e2
4075.3352	1.794e3
4075.7441	9.956e2
4076.0156	7.954e2
4076.4460	2.574e3
4076.8604	3.665e2
4077.4365	1.695e3
4078.0234	1.194e3
4078.4246	3.396e3
4078.8799	1.274e3
4079.4226	5.695e3
4080.3945	2.518e3
4080.9272	9.277e2
4081.4092	1.776e3
4081.7593	1.098e3
4082.4019	1.790e3
4082.8333	5.181e2
4083.3210	2.021e3
4083.7988	2.162e3
4084.3040	1.914e3
4084.7695	7.298e2
4085.0308	8.151e2
4085.3762	1.783e3
4086.3357	3.854e3
4087.0059	1.525e3
4087.4587	2.584e3
4087.9241	1.053e3
4088.4319	2.822e3
4088.7607	4.248e2
4089.4058	2.540e3
4090.0742	1.437e3
4090.4121	3.002e3
4090.9612	4.972e2
4091.4265	1.962e3
4091.8132	6.555e2
4092.4067	2.688e3
4092.8911	4.254e2
4093.3250	3.613e3
4093.9956	2.064e3
4094.3823	3.241e3
4095.3713	1.806e3
4095.8523	9.080e2
4096.4653	2.331e3
4096.9185	9.685e2
4097.3794	2.390e3
4098.2607	2.948e3
4099.3687	2.105e3
4099.8613	4.150e2
4100.2534	1.389e3
4100.6602	4.880e2
4101.4043	2.178e3
4101.9702	2.122e3
4102.4248	3.195e3
4102.6606	1.389e3
4102.9609	7.810e2
4103.3950	4.821e3
4103.7275	1.770e3
4104.3984	6.880e3
4104.8706	1.961e2
4105.4038	7.108e3
4105.9204	1.174e3
4106.4038	6.807e3
4107.4077	3.927e3
4107.8364	8.182e2
4108.3965	4.074e3
4108.9287	9.901e2
4109.4194	1.840e3
4109.9976	4.392e2
4110.4570	1.886e3
4110.9448	1.478e3
4111.3618	2.578e3
4111.9019	1.412e3
4112.3892	2.437e3
4112.9546	1.422e3
4113.3218	2.056e3
4113.9106	1.301e3
4114.3794	2.475e3
4114.8584	8.134e2
4115.4209	1.648e3
4115.9492	9.082e2
4116.4395	1.313e3
4117.2686	8.710e2
4117.5723	5.621e2
4117.9331	1.109e3
4118.3901	2.298e3
4118.8022	1.416e3
4119.3374	1.075e3
4119.7114	5.285e2
4120.1875	9.280e2
4120.5229	2.056e3
4121.1304	1.449e3
4121.4897	1.749e3
4121.7612	6.882e2
4122.4229	2.601e3
4122.8618	6.264e2
4123.3906	2.643e3
4123.8159	1.425e3
4124.3833	1.199e3
4124.8110	3.157e2
4125.4790	1.639e3
4126.4507	3.518e3
4127.4126	1.528e3
4127.7139	1.643e3
4128.4048	1.737e3
4128.8682	3.051e3
4129.3848	3.367e3
4129.9224	1.530e3
4130.4282	2.090e3
4131.3691	1.851e3
4131.6621	3.239e2
4132.0669	1.498e3
4132.4150	1.508e3
4132.9810	3.777e2
4133.4194	1.393e3
4133.6611	9.330e2
4134.2813	2.043e3
4134.8223	1.250e3
4135.4858	2.228e3
4135.8633	8.543e2
4136.4004	1.939e3
4136.9639	6.005e2
4137.4248	1.371e3
4138.4111	5.160e3
4138.7231	3.147e3
4139.0605	6.602e2
4139.4478	2.249e3
4140.3716	1.378e3
4140.7466	9.696e2
4141.3813	1.485e3
4141.9448	1.425e3
4142.3823	3.160e3
4142.8604	4.616e2
4143.3774	2.392e3
4144.3677	2.980e3
4145.3418	3.388e3
4145.8843	9.820e2
4146.3867	1.715e3
4147.4077	2.393e3
4147.8931	1.268e3
4148.4199	3.240e3
4148.7607	1.362e3
4149.3550	6.307e2
4149.6880	1.050e3
4150.1274	2.293e3
4150.4370	1.488e3
4150.8794	1.789e3
4151.5449	3.581e3
4152.0967	3.392e2
4152.3447	1.060e3
4152.6641	4.705e2
4153.0933	3.382e3
4153.5605	9.269e2
4154.1992	6.818e2
4154.5967	1.624e3
4155.4463	1.053e3
4155.9922	9.620e2
4156.3438	2.180e3
4156.6626	9.843e2
4156.9619	8.132e2
4157.4653	2.196e3
4157.9614	7.888e2
4158.3413	2.208e3
4158.6719	2.352e3
4159.0986	1.316e3
4159.3857	3.156e3
4160.0293	2.525e3
4160.4111	4.040e3
4160.9399	9.291e2
4161.4536	1.620e3
4162.0063	2.051e3
4162.4136	2.575e3
4162.8882	9.471e2
4163.4424	2.474e3
4163.9121	4.572e2
4164.3521	1.137e3
4164.8809	2.550e2
4165.3086	1.083e3
4165.6724	6.705e2
4165.9912	1.287e3
4166.2861	5.010e2
4166.5215	1.172e3
4166.8613	3.755e2
4167.4858	7.587e2
4168.2090	3.113e3
4168.6807	2.394e3
4169.3823	1.341e3
4169.8945	1.193e3
4170.3315	1.680e3
4170.9849	1.449e3
4171.4443	2.457e3
4171.8643	7.739e2
4172.4438	3.251e3
4173.0693	6.155e2
4173.4497	3.159e3
4173.9585	1.175e3
4174.4336	4.111e3
4175.0425	8.425e2
4175.4160	2.277e3
4175.8613	3.390e2
4176.4023	1.268e3
4177.3115	2.837e3
4177.8140	2.038e3
4178.1895	1.421e3
4178.4307	4.467e3
4179.4189	1.256e3
4180.4688	2.293e3
4180.9346	1.079e3
4181.4399	2.486e3
4182.0425	1.262e3
4182.4180	1.878e3
4183.0664	1.232e3
4183.4111	2.022e3
4183.8613	1.275e3
4184.3755	2.074e3
4184.9434	4.474e2
4185.5171	1.856e3
4186.1357	1.230e3
4186.4185	1.845e3
4186.9614	6.145e2
4187.4014	1.486e3
4187.9277	5.027e2
4188.3066	1.074e3
4188.9160	1.385e3
4189.3486	2.578e3
4190.1631	4.279e3
4190.8115	1.245e3
4191.1724	6.559e2
4191.4336	1.118e3
4191.8511	1.264e3
4192.3730	3.107e3
4193.2495	3.974e3
4193.8633	7.668e2
4194.3125	1.535e3
4194.9624	7.491e2
4195.2979	8.472e2
4195.7720	9.166e2
4196.2964	7.297e2
4196.6187	4.795e2
4196.9946	4.205e2
4197.3159	9.604e2
4198.4023	4.282e3
4199.1841	1.145e3
4199.7935	2.440e3
4200.1411	3.319e2
4200.5527	1.144e3
4200.8306	8.700e2
4201.4463	3.684e3
4201.8472	2.079e3
4202.3008	3.490e3
4203.3174	1.854e3
4203.8784	1.518e3
4204.3838	1.814e3
4204.7603	1.398e3
4205.3550	1.896e3
4205.9854	4.807e2
4206.4390	2.062e3
4206.9141	5.553e2
4207.3750	3.465e2
4207.7446	6.845e2
4208.4736	2.766e3
4209.3174	1.171e3
4210.2544	2.670e3
4210.8101	1.484e3
4211.3179	1.827e3
4211.7808	2.179e3
4212.3271	1.205e3
4212.5605	6.571e2
4213.1958	1.254e3
4213.6377	1.014e3
4214.2402	4.315e3
4215.2803	1.394e3
4215.6641	3.809e2
4216.0703	6.260e2
4216.4829	1.708e3
4216.9185	5.086e2
4217.1616	4.335e2
4217.6987	2.767e2
4218.2988	1.396e3
4218.7939	1.426e3
4219.2563	1.240e3
4219.6841	1.281e3
4220.3140	5.918e2
4221.0591	4.489e2
4221.2603	3.803e2
4222.1060	2.828e3
4222.5298	1.893e3
4222.8159	1.667e3
4223.3125	1.406e3
4223.7134	2.572e3
4224.3398	1.881e3
4224.9131	5.400e2
4225.3711	9.643e2
4225.7681	7.797e2
4226.1426	1.627e3
4226.4204	1.907e3
4226.9878	1.224e3
4227.4814	1.599e3
4228.0337	2.111e3
4228.2813	1.015e3
4228.5376	2.839e3
4229.3618	1.825e3
4229.8721	5.941e2
4230.3647	2.081e3
4230.8296	7.040e2
4231.4429	4.946e2
4231.9971	1.098e3
4232.4800	1.360e3
4232.9956	5.455e2
4233.3901	1.781e3
4233.9902	1.568e3
4234.3652	1.511e3
4234.7632	5.176e2
4235.4004	6.992e2
4235.6621	3.172e2
4236.1328	3.344e2
4236.5581	5.572e2
4236.9800	1.153e3
4237.8755	2.573e3
4238.4312	5.369e3
4238.7642	1.421e3
4239.2588	2.434e3
4239.7842	6.800e2
4240.2231	1.620e3
4240.5889	1.954e3
4241.4102	2.180e3
4241.8149	8.341e2
4242.3081	1.693e3
4243.3232	1.299e3
4243.8281	1.499e3
4244.4092	1.543e3
4245.3086	6.048e2
4245.9551	8.208e2
4246.3643	1.918e3
4246.8472	7.424e2
4247.2959	1.552e3
4247.7744	2.432e3
4248.2070	1.953e3
4248.5938	1.690e3
4249.0103	3.103e3
4249.5195	1.439e3
4250.2881	3.103e3
4250.9121	1.023e3
4251.4224	2.086e3
4252.0190	1.585e3
4252.5811	2.597e2
4252.9028	8.296e2
4253.4922	1.509e3
4254.4443	2.106e3
4254.8184	1.106e3
4255.4224	2.642e3
4255.8628	6.932e2
4256.4326	2.141e3
4257.3013	1.216e3
4258.2314	4.499e3
4258.9253	2.216e3
4259.3457	1.856e3
4259.6987	2.325e3
4260.3833	6.547e2
4260.6230	8.516e2
4261.1304	1.509e3
4261.5566	5.660e2
4261.8345	6.354e2
4262.3770	1.736e3
4262.7153	8.979e2
4263.2837	1.623e3
4263.8179	2.931e2
4264.3560	1.750e3
4264.8784	9.169e2
4265.2271	6.315e2
4265.6162	1.132e3
4265.9995	3.962e2
4266.2139	7.079e2
4266.5640	5.994e2
4266.8887	6.791e2
4267.2319	1.423e3
4267.7168	8.018e2
4268.3564	3.469e3
4269.0303	1.815e3
4269.9927	1.415e3
4270.4941	2.139e3
4270.8311	1.535e3
4271.4941	3.761e3
4271.8198	1.061e3
4272.3408	1.775e3
4273.0254	2.509e3
4273.3286	1.769e3
4274.1045	1.058e3
4274.4966	1.203e3
4274.8608	4.020e2
4275.4063	1.063e3
4276.0273	7.703e2
4276.2617	3.237e2
4276.5635	5.920e2
4276.9790	6.219e2
4277.6709	8.631e2
4278.1733	9.201e2
4278.5952	1.123e3
4279.1172	1.934e3
4279.3613	1.462e3
4280.1455	9.202e2
4280.6978	7.918e2
4281.3901	1.098e3
4282.0894	2.774e3
4282.8789	5.868e3
4283.4238	1.219e3
4283.8198	6.507e2
4284.3105	1.039e3
4284.8335	4.982e2
4285.3848	1.228e3
4286.2266	8.607e2
4286.5200	5.120e2
4287.0815	4.834e2
4287.5972	1.197e2
4288.0430	1.732e3
4288.4775	1.815e3
4289.1025	2.551e3
4289.4619	1.084e3
4290.2695	1.345e3
4290.5605	3.925e2
4290.8618	2.656e2
4291.6743	1.300e3
4292.3057	1.811e3
4293.1919	1.597e3
4293.8643	1.336e3
4294.3091	2.643e3
4294.8154	1.577e3
4295.3906	1.227e3
4295.8188	5.257e2
4296.2397	8.133e2
4296.5151	8.909e2
4297.1665	1.367e3
4297.8135	6.279e2
4298.4937	1.649e3
4299.3037	1.715e3
4299.7754	6.510e2
4300.1196	9.664e2
4300.6533	1.773e3
4301.2402	8.137e2
4301.5195	7.234e2
4302.1372	1.280e3
4302.5439	1.292e3
4303.1406	2.065e3
4303.4614	1.613e3
4304.0303	1.243e3
4304.4619	3.545e2
4304.9248	4.928e2
4305.2173	4.331e2
4305.8936	6.373e2
4306.1929	8.713e2
4306.4976	1.694e3
4306.8159	1.078e3
4307.2627	5.310e2
4307.6250	1.180e2
4308.0952	7.369e2
4308.5127	7.406e2
4308.8301	3.295e2
4309.2607	7.917e2
4309.6558	1.337e3
4310.0396	1.837e3
4310.4272	2.652e3
4310.7285	2.071e3
4311.2534	1.487e3
4311.6172	5.488e2
4312.0947	1.522e3
4312.5566	1.218e3
4312.7622	9.289e2
4313.1196	1.275e3
4313.8789	1.345e3
4314.3579	1.182e3
4314.6226	9.480e2
4315.5049	7.705e2
4316.0181	9.302e2
4316.2622	5.382e2
4316.6133	4.758e2
4317.0659	7.952e2
4317.4976	4.073e2
4317.8218	9.571e2
4318.3335	1.899e3
4318.6606	5.234e2
4319.0029	1.423e3
4319.4883	8.198e2
4319.9580	5.381e2
4320.3135	7.613e2
4320.7261	9.266e2
4321.1147	1.195e3
4321.8188	3.122e3
4322.3164	1.756e3
4322.8364	1.326e3
4323.2993	6.597e2
4323.6680	6.348e2
4324.2114	1.511e3
4324.8486	3.578e2
4325.1470	6.293e2
4325.5903	9.314e2
4326.0454	4.348e2
4326.4268	9.378e2
4326.8467	7.163e2
4327.2407	9.512e2
4327.7300	1.157e3
4327.9609	6.536e2
4328.4263	1.366e3
4328.8486	1.381e3
4329.3174	3.929e2
4329.6831	4.369e2
4329.9629	5.502e2
4330.3242	1.317e3
4330.6875	4.441e2
4331.0986	1.363e3
4331.4629	4.403e2
4331.8179	6.156e2
4332.4614	2.248e3
4333.0752	1.527e3
4333.6621	1.115e3
4333.9390	1.306e3
4334.4839	1.370e3
4334.8223	7.628e2
4335.3032	7.755e2
4335.9487	1.531e3
4336.5747	8.527e2
4336.9224	9.184e2
4337.5654	1.163e3
4337.9517	6.126e2
4338.3325	2.211e3
4338.7295	1.301e3
4339.2153	2.951e2
4339.7158	7.319e2
4340.3345	1.202e3
4340.7617	1.956e2
4341.1885	1.817e2
4341.6299	9.833e2
4342.0327	5.282e2
4342.2612	3.169e2
4342.5806	8.127e1
4343.1089	1.206e3
4343.6841	1.507e3
4344.0229	1.009e3
4344.7935	9.794e2
4345.1929	1.425e3
4345.8970	2.764e3
4346.3682	1.228e3
4346.5757	6.201e2
4346.8145	1.214e3
4347.2832	8.724e2
4347.7070	2.209e3
4348.2319	1.515e3
4348.5205	1.102e3
4348.9131	1.454e3
4349.4990	1.296e3
4349.8550	7.518e2
4350.2178	8.019e2
4350.7988	1.266e3
4351.5264	8.886e2
4352.0562	8.122e2
4353.2505	1.107e3
4353.8906	4.329e2
4354.2837	1.703e3
4354.5635	1.276e3
4355.2681	3.195e2
4355.7310	7.440e2
4356.1807	1.181e3
4356.5991	2.452e2
4357.1787	1.958e3
4357.9463	4.567e3
4358.5059	2.412e3
4358.8237	2.255e3
4359.6260	1.030e3
4360.0229	2.479e3
4360.6255	8.713e2
4361.2607	9.071e2
4361.5615	2.898e2
4361.9834	3.672e2
4362.2158	5.252e2
4362.8857	5.317e2
4363.2466	8.226e2
4363.4629	6.623e2
4364.3491	1.257e3
4364.7236	2.360e2
4365.1187	3.512e2
4365.6104	7.987e2
4366.2798	2.576e3
4366.9219	1.327e3
4367.2607	3.620e2
4367.8071	2.639e3
4368.2124	1.448e3
4368.7188	1.663e3
4369.2285	1.745e3
4369.7993	3.162e3
4370.1172	1.016e3
4370.3613	6.637e2
4370.6636	2.220e2
4371.0342	9.186e2
4371.8774	1.281e3
4372.2349	9.943e2
4372.6807	2.059e2
4373.1904	1.075e3
4373.5801	6.456e2
4373.8569	8.706e2
4374.1631	5.372e2
4374.7666	7.115e2
4375.2021	1.172e3
4375.9063	1.413e2
4376.3232	2.918e2
4376.6714	2.288e2
4377.0117	5.328e2
4377.7832	5.202e2
4378.1138	1.129e3
4378.6494	2.578e3
4379.4873	2.447e3
4380.0610	1.193e3
4380.7480	1.706e3
4381.2764	1.944e3
4381.7524	2.539e3
4382.4214	1.664e3
4382.8975	5.989e2
4383.3350	2.438e2
4383.8408	7.708e2
4384.3486	1.505e3
4384.6626	4.772e2
4385.0352	3.108e2
4385.8726	4.170e2
4387.1343	7.536e2
4387.6563	1.117e3
4388.3081	7.266e2
4389.2441	3.339e2
4390.0781	1.939e3
4390.4873	2.895e3
4391.1084	2.316e3
4391.5156	1.138e3
4392.0659	5.980e2
4392.3804	8.884e2
4392.7891	1.094e3
4393.3086	1.401e3
4393.8145	7.301e2
4394.3164	1.257e3
4394.6616	3.000e2
4395.2114	4.168e2
4395.7324	2.546e2
4396.2378	2.817e2
4396.6265	3.719e2
4396.9819	5.264e2
4397.7266	7.748e2
4398.1631	7.155e2
4398.5386	1.247e3
4399.0791	1.391e3
4399.4727	1.783e3
4400.4741	8.770e2
4401.0732	4.446e2
4401.3843	6.340e2
4401.7471	1.453e3
4402.2568	4.525e3
4403.2607	3.553e2
4403.7861	8.814e2
4404.2915	8.927e2
4404.9395	1.071e2
4405.3452	2.796e2
4405.6177	2.269e2
4406.0449	6.771e2
4406.4697	4.161e2
4406.8979	3.454e2
4407.3774	4.026e2
4408.3101	8.643e2
4408.7290	1.085e3
4409.1250	1.479e3
4409.5923	1.137e3
4409.9688	2.506e2
4410.3115	7.218e2
4410.6245	9.208e2
4411.3569	1.369e2
4411.7871	9.742e2
4412.1914	6.585e2
4412.5605	4.229e1
4413.2368	8.845e2
4413.5342	6.782e2
4414.0840	9.495e2
4414.5000	9.774e2
4414.9873	4.276e2
4415.3291	8.642e2
4415.7280	2.839e2
4416.1177	1.893e2
4416.4702	8.004e1
4416.7725	1.081e2
4417.3281	4.333e2
4417.6436	3.248e2
4418.0264	7.880e2
4418.5430	1.939e3
4419.5059	1.644e3
4419.7847	3.266e2
4420.3188	2.552e3
4420.9355	9.673e2
4421.2373	7.865e2
4421.8340	1.516e3
4422.2241	1.037e3
4422.7036	1.105e3
4423.1753	9.373e2
4423.8159	3.532e2
4424.4756	6.509e2
4424.9370	1.545e2
4425.2798	1.389e2
4425.8423	7.748e2
4426.1616	2.839e2
4426.7881	1.385e3
4427.4678	1.444e2
4427.8345	5.181e2
4428.3013	1.310e3
4428.6167	6.399e2
4429.1665	6.518e2
4429.5176	9.610e2
4429.9253	2.385e3
4430.2632	1.559e3
4430.8975	1.962e3
4431.5103	2.407e3
4431.9575	2.314e3
4432.3618	7.380e2
4432.7158	7.086e2
4433.3101	4.379e2
4433.7388	2.382e2
4434.3511	3.626e2
4434.9380	1.281e3
4435.9956	8.268e2
4436.2617	5.664e2
4437.1265	6.487e2
4437.7461	3.401e2
4438.3149	1.506e3
4438.7988	1.448e3
4439.2451	5.647e2
4439.6992	1.320e3
4440.1255	4.481e2
4440.5024	7.016e2
4441.0039	5.770e2
4441.9219	1.246e3
4442.3481	1.112e3
4442.6997	1.069e3
4443.0713	4.227e3
4443.5933	3.717e2
4443.9795	1.211e3
4444.4160	5.522e2
4444.8999	3.053e2
4445.2266	5.703e2
4445.5132	4.217e2
4446.4927	1.646e3
4446.9668	7.844e2
4447.3125	3.905e2
4447.7749	6.217e2
4448.2910	1.188e3
4448.6265	6.533e2
4449.2192	2.773e2
4449.6543	3.324e2
4450.0552	9.802e2
4450.5840	1.408e3
4451.4854	1.689e2
4452.1709	3.297e2
4452.7280	1.557e3
4453.3716	1.304e3
4453.8291	3.282e3
4454.2192	1.406e3
4454.9746	1.478e3
4456.0518	1.125e3
4456.4702	1.933e2
4457.0972	1.789e3
4457.5654	8.977e2
4457.8633	6.186e2
4458.2197	5.298e2
4458.7871	1.449e3
4459.2334	4.034e2
4459.7153	3.869e2
4460.2959	5.415e2
4460.6226	3.087e2
4461.1240	3.349e2
4461.9067	1.362e3
4462.2686	9.668e2
4462.5605	5.044e2
4463.0288	2.996e2
4463.6514	4.488e2
4463.9756	4.086e2
4464.2109	4.949e2
4464.6187	3.965e2
4465.1060	6.119e2
4465.7866	5.229e2
4466.5356	1.135e3
4466.9141	1.720e3
4467.5776	5.593e2
4468.0444	9.300e2
4468.3838	1.591e3
4468.8740	8.411e2
4469.3838	2.981e2
4470.0859	6.219e2
4470.7612	5.248e2
4471.1943	1.556e3
4471.5225	1.512e3
4471.9146	1.284e3
4473.0317	3.597e2
4473.3906	3.782e2
4473.9404	6.423e2
4474.4893	2.482e3
4474.9365	1.218e3
4475.7622	1.540e2
4476.1592	2.497e1
4476.7705	3.537e1
4477.0967	5.281e1
4477.4604	5.202e2
4477.9868	1.919e3
4478.7842	4.341e3
4479.5313	1.037e3
4480.3179	7.527e2
4480.7314	8.949e2
4481.1382	1.239e3
4481.6860	2.237e3
4482.3647	5.475e2
4482.7451	1.113e3
4483.2178	5.203e2
4483.6392	8.833e1
4484.4429	5.236e2
4484.9067	7.654e2
4486.0659	1.965e3
4486.5488	1.717e2
4486.8228	2.168e2
4487.4370	1.034e2
4488.1260	5.478e2
4488.6387	1.550e3
4489.2866	2.120e3
4489.7720	1.564e3
4490.5142	2.003e3
4491.1953	7.769e2
4491.7783	2.678e2
4492.2026	9.897e2
4492.7129	7.111e2
4493.0640	3.410e2
4493.5366	4.059e2
4493.8936	6.635e2
4494.3970	9.001e2
4494.9419	4.463e2
4495.5415	5.226e2
4496.1382	1.933e2
4497.1035	9.369e1
4497.8247	6.811e2
4498.2485	1.551e3
4498.7651	1.663e3
4499.3804	7.292e2
