3500.1082	6.024e2
3500.8330	6.803e2
3501.2703	9.839e2
3501.9380	2.849e3
3502.7515	3.011e3
3503.2869	1.049e3
3503.5610	3.138e2
3503.9099	7.486e2
3504.2837	1.206e3
3504.7563	9.691e2
3505.2139	3.889e2
3505.6895	9.628e2
3506.0181	2.345e3
3506.4397	4.929e2
3506.9104	2.070e3
3507.8254	8.846e2
3508.2517	2.269e3
3508.7263	2.359e3
3509.0369	1.533e3
3509.6357	2.039e3
3510.2900	3.546e3
3510.8977	6.003e3
3511.4385	1.824e3
3512.1016	1.962e3
3512.4292	1.748e3
3512.8491	6.778e2
3513.2378	1.536e3
3513.4607	1.569e3
3514.4556	2.161e3
3514.9280	1.199e3
3515.7344	1.137e3
3516.4128	1.576e2
3516.9756	5.236e2
3517.5352	7.357e2
3518.1511	2.081e3
3518.9363	4.699e3
3519.4607	3.415e2
3519.8047	2.299e3
3520.2922	2.628e3
3520.7397	9.398e2
3521.0654	6.520e2
3521.5156	1.829e3
3522.1958	2.866e3
3522.4636	1.323e3
3522.8328	1.207e3
3523.3813	1.646e3
3523.8823	1.085e3
3524.3337	8.351e2
3524.8040	1.380e3
3525.2610	3.317e2
3525.7275	7.546e2
3526.2114	1.433e3
3526.6145	1.775e3
3527.0063	2.299e3
3527.7449	9.196e2
3528.4133	1.877e3
3528.7241	1.400e3
3529.2412	1.329e3
3529.7234	1.904e3
3530.2234	9.088e2
3530.5847	1.325e3
3531.0425	2.333e3
3532.1309	1.200e3
3533.0876	1.051e3
3533.6479	1.318e3
3534.4897	2.165e3
3534.9944	2.980e2
3535.4067	2.361e3
3535.9131	1.601e3
3536.4629	4.578e1
3537.0247	1.368e3
3537.6143	6.216e2
3538.0168	1.519e3
3538.3533	9.900e2
3538.7979	2.065e3
3539.1755	2.713e3
3539.7202	5.934e2
3540.4292	4.013e3
3540.8777	2.011e3
3541.2698	6.185e1
3541.7358	1.743e3
3542.0630	9.218e2
3542.8667	6.618e3
3543.3303	1.795e3
3543.7158	4.638e2
3544.1655	6.034e2
3544.5017	1.217e3
3545.2441	1.001e3
3546.1375	1.360e3
3546.5989	1.176e3
3547.0417	1.065e3
3547.3633	4.622e2
3547.8557	2.272e3
3548.2607	5.911e2
3548.8267	3.087e3
3549.1638	9.953e2
3549.7388	1.374e3
3550.1565	6.457e2
3550.5979	9.651e2
3551.0886	1.580e3
3551.3621	6.273e2
3552.0396	6.364e2
3552.7151	1.588e3
3553.2532	9.046e2
3553.7729	2.321e3
3554.1201	1.014e3
3554.5752	8.221e2
3554.9543	4.739e2
3555.4019	5.608e2
3556.1057	1.248e3
3556.7847	8.371e2
3557.2864	3.889e2
3557.7686	2.213e1
3558.1526	1.490e3
3558.5032	7.289e3
3558.9773	1.922e3
3559.7959	3.834e3
3560.0608	4.306e2
3560.3894	9.386e2
3560.7849	1.004e3
3561.2261	4.411e3
3561.6265	1.199e3
3562.2102	4.171e3
3562.7705	2.475e3
3563.0662	4.958e2
3563.4087	2.156e3
3563.9385	3.999e3
3564.2629	6.127e2
3564.8372	2.486e3
3565.1638	2.194e3
3566.0442	1.708e3
3566.5229	7.326e2
3566.9912	2.479e3
3567.7866	2.155e3
3568.2957	7.158e2
3568.5374	8.224e2
3568.9609	2.822e3
3569.4666	2.713e3
3570.3994	6.270e2
3570.7036	1.344e3
3571.1990	7.867e2
3571.8438	3.193e3
3573.0393	1.112e3
3573.8367	1.061e3
3574.2844	6.931e2
3574.5889	1.457e3
3575.1169	2.460e3
3575.7004	1.302e3
3576.0161	5.804e2
3576.3984	1.934e3
3576.9585	1.466e3
3577.7795	6.308e2
3578.2065	2.505e3
3579.0735	2.034e3
3579.7739	2.860e3
3580.3489	2.975e3
3580.8982	2.472e3
3581.4036	1.172e3
3581.8435	1.127e3
3582.2290	1.924e3
3582.6985	1.521e3
3583.3521	2.181e3
3584.0518	5.528e3
3584.7380	1.241e3
3585.0635	3.590e2
3586.1155	3.488e3
3586.4607	5.417e2
3587.1484	1.486e3
3587.6416	2.227e2
3588.1428	9.863e2
3588.7476	1.711e3
3589.0186	1.982e3
3589.7075	1.623e3
3590.1084	1.989e3
3590.5415	1.607e3
3590.8164	1.416e3
3591.4092	2.121e3
3592.2590	1.638e3
3592.7344	7.310e2
3593.0818	1.080e3
3593.5798	8.426e2
3594.2576	5.134e3
3595.1638	1.934e2
3595.5771	1.856e3
3595.8611	5.553e2
3596.1201	1.166e3
3596.4688	3.146e2
3596.8708	1.510e3
3597.1626	2.319e2
3597.7793	9.575e2
3598.2239	2.128e3
3598.6472	3.513e3
3599.0964	1.933e3
3599.4585	1.250e3
3600.0286	1.696e3
3600.5488	1.983e3
3600.8628	9.226e2
3601.2258	1.827e3
3601.8296	1.159e3
3602.1189	1.263e3
3602.5181	6.504e2
3602.8701	2.111e2
3603.3918	1.555e3
3603.9658	1.209e3
3604.3623	3.467e2
3604.6619	6.965e2
3605.3184	3.779e2
3605.8201	3.954e2
3606.6326	7.110e2
3607.3162	2.631e3
3608.1177	2.020e3
3608.8772	1.037e3
3609.6731	2.284e3
3610.2336	1.341e3
3610.5789	2.030e3
3611.0303	8.557e2
3611.3413	9.714e2
3612.1956	7.242e3
3612.9194	1.188e3
3613.2637	1.138e3
3613.7271	1.570e3
3614.1689	7.010e3
3615.0586	2.779e3
3616.1348	4.621e3
3616.8582	1.679e3
3617.2441	2.026e3
3617.6912	1.808e3
3618.0178	1.438e3
3618.5708	1.873e3
3619.0439	1.827e3
3619.6138	5.649e2
3620.1245	3.141e3
3621.0601	6.570e2
3621.4983	1.184e3
3622.2056	3.038e3
3622.7371	1.097e3
3623.1626	1.094e3
3623.4246	1.678e3
3624.1885	1.936e3
3624.6782	7.444e2
3625.3289	2.566e3
3626.2017	2.474e3
3626.9746	2.095e3
3627.4443	5.628e2
3628.0674	2.534e3
3628.6184	1.178e3
3629.2610	1.316e3
3629.8984	5.685e2
3630.4363	1.328e3
3630.8997	2.163e3
3631.6450	1.888e3
3631.9985	1.892e3
3632.9158	1.906e3
3633.3721	1.781e3
3633.7148	1.161e3
3634.2366	3.825e3
3634.5623	2.860e2
3635.1497	2.830e3
3635.6248	1.378e3
3636.2781	1.366e3
3636.8398	1.356e3
3637.2271	5.882e2
3637.6304	7.071e2
3638.1963	2.399e3
3638.6521	1.189e3
3639.0359	1.804e3
3639.5601	3.121e3
3640.2966	9.673e2
3640.8071	1.348e3
3641.1794	7.244e2
3641.7688	4.287e2
3642.1809	2.311e2
3642.6819	8.038e0
3643.5095	8.764e2
3643.9438	7.506e2
3644.1616	4.137e2
3644.8035	1.522e2
3645.3999	4.394e2
3645.7778	5.371e2
3646.2935	1.601e3
3646.8186	3.079e2
3647.2874	7.046e2
3647.9353	1.318e3
3648.3914	2.613e3
3648.8391	1.791e3
3649.2263	5.166e2
3649.6877	1.204e3
3650.1882	1.377e3
3650.8870	8.917e2
3651.3157	4.438e2
3651.7280	3.642e2
3652.0740	6.013e2
3652.3428	7.516e2
3652.8120	2.492e3
3653.3052	1.358e3
3654.3535	3.472e3
3654.9939	9.257e2
3655.4614	2.916e2
3655.9270	1.081e3
3656.3640	2.467e2
3657.0896	1.204e3
3657.6440	6.086e2
3658.3362	1.700e3
3658.8093	2.633e3
3659.3538	1.538e3
3659.6765	1.420e3
3659.9749	3.672e3
3660.8965	1.042e3
3661.3289	6.758e2
3661.7759	3.075e3
3662.2200	1.600e3
3662.5986	2.235e3
3663.1575	1.970e3
3663.4214	1.912e3
3663.8281	1.580e3
3664.2471	9.313e2
3664.5771	1.547e3
3664.8623	4.204e2
3665.2292	1.395e3
3665.8486	1.170e3
3666.2524	1.803e3
3666.4602	1.065e3
3666.7607	5.176e2
3667.1128	1.608e3
3667.7993	2.155e2
3668.2695	3.883e2
3668.8186	8.548e2
3669.1938	8.670e2
3669.7024	8.651e2
3670.2739	5.251e3
3670.8398	1.960e3
3671.0608	1.177e3
3671.6140	4.326e3
3671.8875	9.568e2
3672.1970	3.177e3
3672.9590	3.286e3
3673.3523	1.015e3
3673.6831	1.605e3
3674.3013	3.384e3
3674.9839	1.549e3
3675.5149	1.443e3
3676.0144	1.622e3
3676.9912	7.748e2
3677.4282	1.778e2
3677.7998	1.770e2
3678.1763	1.079e3
3678.5996	3.077e3
3679.2566	3.841e3
3679.7190	1.024e3
3680.2051	3.924e3
3680.7744	1.415e3
3681.3743	3.963e3
3681.8701	2.940e2
3682.2422	1.734e3
3682.8059	3.236e3
3683.2871	1.449e3
3683.8906	8.573e2
3684.2070	1.818e3
3684.9167	1.293e3
3685.3210	9.128e2
3686.0898	2.192e3
3686.8789	1.148e3
3687.6033	7.098e2
3688.0474	1.149e3
3688.4636	3.209e3
3688.9580	5.719e3
3689.6484	3.202e3
3690.2473	3.205e3
3690.5615	7.324e2
3691.0574	2.673e3
3691.6006	2.911e3
3692.2954	3.311e3
3693.0933	6.127e3
3693.5615	7.648e2
3694.2131	3.413e3
3694.5176	1.740e3
3695.2524	2.627e3
3695.8269	3.288e2
3696.2324	5.091e2
3696.6641	1.796e-1
3697.4702	3.589e3
3698.0979	1.909e3
3698.8000	1.885e3
3699.0610	7.929e2
3699.8381	6.251e2
3700.1389	4.542e2
3700.4280	6.111e2
3701.2686	1.239e3
3701.7239	1.082e3
3701.9724	4.885e2
3702.2158	8.772e2
3702.6941	1.910e3
3703.3091	1.120e3
3703.6340	9.336e2
3704.1763	1.574e3
3704.8726	6.669e2
3705.1448	8.670e2
3705.7119	5.350e2
3706.3069	1.797e3
3706.7888	9.115e2
3707.1929	1.465e3
3707.6069	1.331e3
3708.2422	1.884e3
3708.5161	9.184e2
3708.8672	1.313e3
3709.2136	2.680e3
3709.7856	1.308e3
3710.2979	4.369e3
3710.7302	1.971e3
3711.1963	1.580e3
3711.6682	1.428e3
3712.3992	2.770e3
3712.9907	8.244e2
3713.2310	1.588e3
3713.8145	9.476e2
3714.1333	5.351e2
3714.6333	7.505e2
3714.9617	7.093e2
3715.5378	7.120e2
3716.0442	2.170e3
3716.5637	1.466e2
3717.0486	4.160e2
3717.3450	4.399e2
3718.3352	2.525e3
3719.3223	4.955e3
3719.8369	1.427e3
3720.6794	2.574e2
3721.0879	1.355e3
3721.4812	5.076e2
3721.8323	5.708e2
3722.2222	1.566e3
3722.7393	9.015e2
3723.2551	1.429e3
3723.5630	3.861e2
3724.2224	1.601e3
3724.8611	1.022e3
3725.2366	9.235e2
3725.8562	8.992e1
3726.2183	1.853e3
3726.9167	8.248e2
3727.2415	8.981e2
3727.5618	3.949e2
3727.8621	5.248e2
3728.2451	1.280e3
3728.4619	8.306e2
3728.9661	2.290e3
3729.4939	1.344e3
3730.3652	4.238e3
3731.5012	1.399e3
3732.2983	2.381e3
3732.6970	4.336e2
3733.0857	1.685e3
3733.4946	1.320e3
3733.9214	1.300e3
3734.2266	2.086e3
3734.8069	1.928e3
3735.1628	3.043e1
3735.6694	8.682e2
3736.6248	2.653e3
3736.9939	7.190e2
3737.3289	2.190e3
3737.7605	1.334e2
3738.2383	9.123e2
3738.6716	1.592e3
3739.2588	4.358e2
3739.8105	2.235e3
3740.6335	6.571e0
3741.1245	9.002e2
3741.8228	1.039e3
3742.0747	3.824e2
3742.5520	2.475e3
3743.4751	3.762e3
3744.0642	3.333e2
3744.6396	1.423e3
3745.3201	3.739e2
3745.5625	2.089e2
3746.2222	3.844e3
3746.4614	1.886e3
3746.7622	5.627e2
3747.3870	1.468e3
3747.8945	4.182e2
3748.4890	3.016e3
3748.8916	1.788e3
3749.3127	2.572e3
3749.8752	4.008e2
3750.2390	2.218e3
3750.7087	2.204e3
3751.0435	1.716e3
3751.4585	2.312e3
3751.8325	3.468e3
3752.2454	2.169e3
3752.5608	1.011e3
3752.9197	8.346e2
3753.3750	9.026e2
3753.6384	1.512e3
3754.2932	4.567e3
3755.0435	2.163e3
3755.5786	2.176e3
3756.2019	1.559e3
3756.9199	3.022e3
3757.6736	1.013e3
3758.3394	4.276e3
3758.8081	1.604e3
3759.2000	1.300e3
3759.6689	1.745e3
3760.1128	2.799e3
3760.9155	3.682e3
3761.3118	1.785e3
3761.7810	1.460e3
3762.2195	2.716e3
3762.9880	3.129e2
3763.4717	2.579e3
3763.8635	7.075e2
3764.2161	2.173e3
3764.9075	2.120e3
3765.2629	1.514e3
3765.6472	7.944e2
3766.2468	2.548e3
3766.7983	1.350e3
3767.2793	1.823e3
3767.7446	1.047e3
3768.1421	1.337e3
3768.3611	6.254e2
3768.8633	4.013e3
3769.4360	3.393e3
3770.2007	2.222e3
3770.5610	2.523e2
3770.9507	1.002e3
3771.4729	1.232e3
3771.8135	2.149e3
3772.4106	1.297e3
3773.0452	9.756e2
3773.4951	2.314e3
3774.0112	2.130e3
3774.3435	1.855e3
3774.6650	1.179e3
3775.3582	3.598e3
3776.0945	1.746e3
3776.8174	4.617e3
3777.6812	1.188e3
3778.2556	9.352e3
3778.7100	3.648e3
3779.0288	2.251e3
3779.5461	5.647e3
3780.2053	2.025e3
3780.9331	5.458e3
3781.7759	1.435e3
3782.2573	3.239e3
3782.8237	2.422e3
3783.2659	1.172e3
3783.5381	2.533e3
3784.4751	1.338e3
3784.9531	7.679e2
3785.2214	1.595e3
3786.1387	2.017e3
3786.7029	1.097e3
3787.1978	1.046e3
3787.5718	7.376e2
3787.9153	1.606e3
3788.2993	2.582e3
3788.7808	2.205e3
3789.4922	1.977e3
3790.3477	1.615e3
3790.7139	1.587e3
3791.0898	1.690e3
3791.6187	1.801e3
3791.8884	7.333e2
3792.4009	3.155e3
3792.9292	8.706e2
3793.4856	3.855e3
3794.2869	1.256e3
3794.9558	2.413e3
3795.6863	3.011e3
3796.3230	2.747e3
3796.9126	3.420e3
3797.4265	2.334e3
3797.6604	1.223e3
3798.2380	2.482e3
3798.4614	2.623e3
3799.1094	2.725e3
3799.5942	4.257e3
3799.9854	1.680e3
3800.4287	2.194e3
3800.9373	2.843e3
3801.6375	1.802e3
3802.1968	1.576e3
3802.6135	4.475e2
3803.3887	2.259e3
3804.1990	9.228e2
3804.5286	3.429e2
3805.1238	1.811e3
3805.6218	1.056e3
3806.2192	3.575e3
3806.5618	1.012e3
3806.9106	9.693e2
3807.2671	1.967e3
3807.5615	1.280e3
3808.3306	3.444e3
3808.7854	3.150e3
3809.3159	1.885e3
3809.8352	8.285e2
3810.2546	2.898e3
3811.0176	1.843e3
3811.3604	6.858e2
3811.7922	1.193e3
3812.2761	1.134e3
3812.6421	6.579e2
3813.1228	1.895e3
3813.5923	1.718e3
3814.5576	5.712e3
3814.9924	3.175e3
3815.5208	1.076e3
3815.9751	4.067e3
3816.4778	8.193e2
3816.8818	8.976e2
3817.2898	3.303e3
3817.9448	3.294e2
3818.4739	4.327e3
3819.0383	1.774e3
3819.3369	1.286e3
3819.7070	2.494e3
3820.3315	3.161e3
3820.9619	1.467e3
3821.2993	3.995e3
3821.7827	3.213e2
3822.2942	4.333e3
3823.2581	5.062e3
3823.6262	2.849e3
3824.2764	2.070e3
3824.8752	1.349e3
3825.3306	9.533e2
3825.8726	5.717e2
3826.2224	1.699e3
3826.6194	1.210e3
3827.4443	2.839e3
3827.6614	1.477e3
3828.5293	2.913e3
3828.7617	1.347e3
3829.1628	1.274e3
3830.2271	3.127e3
3830.9446	1.095e3
3831.2290	1.268e3
3831.5825	5.484e2
3831.8323	1.181e3
3832.4084	2.919e3
3832.7141	1.945e3
3833.3176	1.991e3
3833.5627	9.380e2
3833.8171	1.130e3
3834.2891	3.355e3
3834.8799	1.565e3
3835.3958	3.063e3
3835.7896	1.196e3
3836.2878	4.736e3
3836.8945	2.289e3
3837.3076	5.109e3
3837.7214	1.048e3
3838.3010	5.248e3
3838.7227	1.063e3
3839.3220	3.503e3
3840.2544	1.567e3
3840.9978	2.659e3
3841.3701	1.735e3
3841.9004	1.639e3
3842.4429	4.454e3
3842.9060	2.176e3
3843.2983	2.349e3
3843.5603	9.733e2
3843.9255	9.851e2
3844.4070	2.216e3
3844.8621	7.090e2
3845.3057	1.362e3
3846.1499	1.238e3
3846.5054	1.620e3
3847.2815	2.398e3
3847.9473	1.697e3
3848.3145	3.311e3
3848.6326	3.839e3
3849.3293	3.224e3
3849.6858	3.217e3
3850.3130	4.399e3
3850.9207	3.183e3
3851.3303	3.670e3
3851.6606	6.227e2
3851.9238	9.867e2
3852.3296	4.647e3
3853.1545	4.091e3
3853.8687	2.118e3
3854.3118	3.702e3
3854.7163	8.887e2
3855.3098	5.592e3
3855.6628	1.708e3
3856.5020	5.578e3
3857.3372	2.991e3
3857.9265	1.371e3
3858.3608	3.145e3
3858.8965	2.609e3
3859.3425	4.271e3
3859.6619	1.835e3
3860.3108	2.553e3
3860.8086	2.674e3
3861.3118	2.115e3
3861.7485	7.242e2
3862.3701	6.668e3
3862.7617	1.384e3
3863.3398	5.811e3
3863.8196	1.357e3
3864.3250	5.290e3
3865.3140	5.138e3
3865.8057	9.208e2
3866.3210	4.012e3
3866.8462	7.157e2
3867.4060	3.335e3
3867.9944	9.193e2
3868.3879	3.058e3
3868.7976	3.060e3
3869.1411	1.471e3
3869.4187	2.322e3
3870.0920	2.654e3
3870.5325	3.582e3
3870.8625	1.512e3
3871.2136	1.244e3
3871.6438	2.409e3
3872.4050	2.764e3
3872.7290	9.822e2
3873.3652	3.978e3
3873.8193	1.433e3
3874.2332	1.062e3
3874.8052	4.163e3
3875.4224	2.027e3
3876.2839	5.328e3
3876.8354	2.131e3
3877.4163	1.057e4
3878.3542	1.124e4
3878.6970	8.130e2
3878.9207	1.602e3
3879.3372	8.664e3
3879.7546	1.010e3
3879.9976	6.007e2
3880.3528	8.533e3
3880.9023	2.203e3
3881.3320	4.872e3
3881.6614	9.581e2
3882.2703	5.716e3
3883.2673	4.615e3
3883.9104	1.422e3
3884.3694	3.292e3
3885.0576	1.053e3
3885.6018	2.442e3
3885.9875	7.324e2
3886.4233	2.786e3
3886.7971	3.051e3
3887.2129	1.700e3
3887.5618	1.037e3
3887.9834	2.033e3
3888.2620	1.569e3
3888.7415	1.060e3
3889.1794	2.360e3
3889.8027	1.539e3
3890.3057	3.698e3
3890.8313	1.405e3
3891.4165	3.090e3
3891.9797	7.442e2
3892.3755	5.015e3
3892.8696	1.779e3
3893.3604	2.822e3
3894.3059	3.903e3
3894.8594	1.906e3
3895.4053	3.171e3
3895.7163	1.618e3
3896.3748	1.746e3
3896.8013	2.570e3
3897.1724	2.212e3
3897.9021	2.183e3
3898.3372	2.734e3
3898.6204	2.144e3
3899.2847	2.225e3
3899.5120	2.462e3
3900.0125	8.104e2
3900.2629	5.153e2
3900.9822	2.446e3
3901.2625	1.329e3
3901.7493	1.053e3
3902.3037	1.090e3
3902.7405	1.139e3
3903.4241	3.510e3
3904.3572	3.132e3
3904.8308	3.052e3
3905.3696	4.035e3
3905.8643	1.745e3
3906.3665	4.741e3
3907.0713	1.499e3
3907.3835	3.691e3
3908.1123	7.941e3
3908.4163	3.579e3
3908.8970	2.156e3
3909.3816	2.245e3
3909.8762	7.867e2
3910.3220	2.131e3
3910.6377	1.460e3
3911.3103	2.923e3
3911.6624	1.837e3
3912.4658	1.411e3
3912.7612	3.846e2
3913.3877	3.019e3
3913.7546	1.706e3
3914.1523	3.325e3
3914.5601	5.303e2
3915.3921	2.354e3
3915.7183	1.024e3
3916.2905	1.727e3
3916.7900	2.082e3
3917.2192	2.581e3
3918.3032	9.215e3
3919.4080	5.977e3
3919.8738	1.709e3
3920.3879	5.100e3
3920.8989	1.408e3
3921.3752	3.670e3
3921.9197	1.748e3
3922.3621	6.381e3
3923.3950	4.376e3
3924.0068	1.570e3
3924.3752	1.815e3
3924.9270	2.745e3
3925.4307	1.851e3
3925.9023	2.771e3
3926.2729	3.167e3
3927.1694	2.667e3
3927.9973	9.199e2
3928.5793	4.738e3
3929.2727	2.406e3
3929.7134	1.573e3
3930.2483	2.256e3
3930.9080	2.881e3
3931.4067	2.859e3
3931.8003	2.568e3
3932.2937	4.693e3
3933.0764	3.875e3
3933.4197	4.617e3
3933.8792	3.006e3
3934.4021	7.454e3
3935.3633	5.765e3
3935.9390	1.515e3
3936.3801	4.192e3
3936.8799	2.939e3
3937.3413	3.992e3
3937.7932	1.162e3
3938.3877	5.910e3
3938.7134	1.276e3
3939.0977	1.458e3
3939.3223	2.232e3
3939.7966	1.971e3
3940.4023	5.310e3
3941.2097	3.602e3
3941.8911	1.920e3
3942.4036	2.313e3
3942.8125	2.455e3
3943.3257	3.453e3
3943.6628	9.840e2
3944.3101	1.979e3
3944.7107	2.982e3
3945.3616	1.696e3
3945.6670	5.585e2
3946.2542	6.405e3
3946.7356	1.465e3
3947.4343	5.370e3
3947.9026	2.442e3
3948.3850	6.772e3
3948.9375	2.433e3
3949.3938	9.141e3
3949.9395	2.100e3
3950.3843	1.109e4
3950.8069	2.136e3
3951.3997	9.968e3
3952.4094	7.014e3
3952.7629	1.367e3
3953.3640	7.133e3
3953.9600	1.245e3
3954.4578	5.823e3
3955.4038	3.576e3
3956.0034	2.886e3
3956.3352	1.676e3
3956.8315	1.376e3
3957.3975	3.164e3
3958.3362	3.890e3
3958.6089	3.854e3
3959.3867	4.033e3
3959.7622	7.447e2
3960.3848	4.785e3
3960.8225	1.342e3
3961.3794	4.216e3
3961.6621	1.741e3
3962.3647	5.489e3
3962.9670	2.423e3
3963.3997	6.457e3
3963.7451	2.470e3
3964.3931	9.928e3
3964.8979	1.694e3
3965.4097	7.150e3
3965.6616	4.519e3
3966.4033	6.873e3
3967.2683	1.028e4
3967.8167	1.621e3
3968.4863	8.444e3
3969.0454	2.002e3
3969.4458	3.450e3
3970.0452	4.970e3
3970.3442	3.523e3
3970.7900	6.327e2
3971.3567	4.955e3
3971.8098	1.035e3
3972.3474	2.889e3
3972.7815	1.686e3
3973.3647	4.283e3
3973.6621	1.046e3
3974.3618	7.770e3
3974.8677	2.251e3
3975.4055	7.057e3
3976.3894	7.495e3
3976.8823	2.553e3
3977.3862	7.196e3
3977.6890	6.864e2
3978.3889	1.236e4
3979.3892	1.112e4
3979.8179	2.208e3
3980.3950	7.094e3
3980.8337	2.074e3
3981.3711	8.831e3
3982.2690	1.010e4
3982.9844	1.271e3
3983.3699	4.153e3
3983.9458	1.703e3
3984.3853	1.980e3
3984.9595	1.681e3
3985.3723	5.420e3
3985.7112	2.899e3
3986.3564	2.930e3
3986.6277	4.295e3
3987.3586	3.169e3
3988.3279	1.115e4
3988.7627	1.071e3
3989.4167	1.336e4
3989.9348	1.456e3
3990.3948	1.208e4
3990.9448	3.356e3
3991.4026	7.953e4
3991.8213	3.100e3
3992.4058	1.543e5
3992.9253	2.150e3
3993.4045	1.633e5
3993.8225	4.446e3
3994.4082	1.297e5
3994.9050	3.188e3
3995.4080	8.028e4
3995.9229	3.583e3
3996.4119	4.288e4
3996.9146	2.919e3
3997.4138	1.983e4
3997.9119	2.153e3
3998.4109	1.021e4
3998.8435	1.850e3
3999.3701	8.705e3
4000.4070	4.925e3
4000.8308	3.276e3
4001.3181	4.208e3
4001.9353	1.778e3
4002.3835	6.790e3
4002.9514	2.270e3
4003.4121	7.880e3
4003.8201	2.818e3
4004.3552	9.990e3
4004.8782	3.252e3
4005.4160	2.690e5
4005.8818	5.442e3
4006.4194	5.420e5
4006.8640	6.114e3
4007.4209	6.012e5
4007.9114	8.819e3
4008.4214	4.869e5
4008.9905	7.554e3
4009.4236	2.879e5
4009.9773	5.572e3
4010.4241	1.534e5
4010.9175	3.803e3
4011.4229	6.567e4
4011.9727	4.321e3
4012.4338	2.866e4
4013.0244	3.388e3
4013.4160	1.306e4
4013.9333	4.204e3
4014.4146	7.127e3
4014.7866	3.650e3
4015.3833	5.428e3
4015.7183	1.223e3
4016.3389	7.999e3
4016.8208	2.406e3
4017.4216	6.947e3
4017.9980	9.174e2
4018.3967	6.753e3
4018.9382	4.208e3
4019.4021	1.098e4
4019.9453	3.235e3
4020.4092	1.625e4
4020.9363	2.615e3
4021.4246	1.983e4
4021.9302	1.227e3
4022.4080	1.971e4
4023.0366	2.572e3
4023.4089	1.706e4
4023.9866	4.521e3
4024.4028	1.316e4
4024.8574	2.656e3
4025.4036	1.151e4
4025.8748	1.584e3
4026.4023	8.493e3
4026.6619	1.952e3
4027.0146	1.244e3
4027.4021	8.607e3
4027.9597	1.042e3
4028.4055	8.973e3
4028.9182	2.022e3
4029.3901	8.584e3
4029.9573	2.775e3
4030.3967	1.333e4
4031.3813	9.221e3
4031.6606	1.108e3
4032.3337	8.481e3
4033.0654	3.245e3
4033.3977	1.039e4
4033.8833	1.568e3
4034.4060	1.770e4
4034.7615	1.040e3
4035.4060	1.761e4
4035.8728	2.659e3
4036.4319	1.763e4
4037.4036	1.391e4
4037.9890	1.229e3
4038.4026	1.398e4
4038.9355	1.549e3
4039.4009	1.140e4
4039.9053	2.384e3
4040.4070	7.930e3
4040.9478	1.754e3
4041.3962	8.254e3
4041.9500	1.752e3
4042.4097	8.987e3
4043.4053	1.206e4
4043.9976	1.378e3
4044.3804	1.511e4
4044.9658	3.203e3
4045.3831	1.834e4
4046.4353	2.241e4
4046.9614	1.147e3
4047.3938	1.624e4
4048.0867	4.001e3
4048.4119	2.220e4
4048.9326	1.551e3
4049.4238	2.473e4
4050.0154	1.597e3
4050.4180	1.911e4
4051.0723	5.714e3
4051.4197	1.377e4
4051.8623	2.491e3
4052.4155	1.064e4
4053.0315	1.345e3
4053.4146	6.090e3
4053.9614	1.401e3
4054.4214	5.673e3
4054.9373	1.197e3
4055.3806	4.239e3
4055.8130	9.675e2
4056.3501	3.516e3
4056.8967	2.332e3
4057.3936	4.353e3
4057.8955	2.153e3
4058.3555	9.359e3
4058.9119	1.966e3
4059.3557	1.175e4
4059.8152	1.296e3
4060.3496	1.403e4
4060.7764	1.828e3
4061.3564	1.533e4
4061.7632	2.009e3
4062.3901	1.742e4
4062.9146	1.618e3
4063.4326	2.349e4
4064.4248	2.041e4
4064.9519	1.540e3
4065.4170	1.646e4
4065.9041	3.767e3
4066.4448	1.572e4
4067.4258	1.159e4
4068.3296	1.870e4
4069.0581	3.091e3
4069.4058	7.131e3
4070.4587	1.023e4
4070.9148	2.575e3
4071.3950	4.116e3
4071.7285	1.242e3
4072.3943	1.005e4
4073.3875	7.782e3
4073.8447	1.885e3
4074.3943	6.020e3
4074.9297	1.509e3
4075.4033	5.925e3
4075.9241	1.757e3
4076.4131	1.142e4
4077.4395	1.231e4
4077.8760	1.858e3
4078.4304	1.746e4
4078.7666	1.169e3
4079.4309	1.816e4
4079.9207	1.379e3
4080.4172	1.341e4
4080.9856	1.461e3
4081.4063	9.669e3
4081.8511	2.068e3
4082.3914	8.456e3
4082.9851	9.292e2
4083.3960	6.223e3
4083.6609	2.101e3
4083.9624	9.713e2
4084.3752	5.324e3
4084.9209	1.543e3
4085.3948	7.233e3
4086.3774	8.835e3
4086.9407	2.483e3
4087.3977	8.678e3
4087.7634	1.494e3
4088.4072	9.386e3
4088.7620	1.260e3
4089.3855	1.145e4
4089.9631	2.160e3
4090.3970	1.557e4
4090.8296	1.835e3
4091.3965	1.570e4
4092.3999	1.255e4
4093.3477	1.340e4
4093.9468	2.045e3
4094.3896	9.839e3
4094.9143	1.077e3
4095.3772	5.663e3
4095.8982	2.535e3
4096.3872	6.178e3
4096.8223	1.404e3
4097.3633	7.950e3
4098.3501	6.185e3
4098.7202	1.760e3
4099.3398	5.925e3
4100.3442	5.481e3
4101.3994	7.565e3
4101.9336	2.181e3
4102.4009	1.038e4
4102.8169	2.406e3
4103.4033	2.745e4
4103.9165	1.381e3
4104.3975	4.451e4
4104.9404	1.221e3
4105.3984	4.809e4
4105.9180	1.066e3
4106.4014	4.131e4
4107.3994	2.621e4
4107.9150	2.675e3
4108.4009	1.772e4
4108.9136	1.431e3
4109.4067	8.694e3
4109.8247	1.157e3
4110.4014	6.369e3
4110.9888	1.821e3
4111.3740	5.435e3
4111.8652	2.035e3
4112.3965	5.008e3
4112.9063	1.969e3
4113.3672	4.473e3
4113.9199	2.017e3
4114.3604	5.307e3
4114.8247	9.411e2
4115.3989	6.218e3
4115.9873	8.083e2
4116.4541	6.006e3
4117.4668	7.394e3
4118.4336	1.004e4
4118.9795	1.098e3
4119.4243	6.988e3
4119.7671	9.298e2
4120.4404	8.422e3
4121.4346	8.276e3
4122.4434	7.937e3
4122.9614	7.278e2
4123.3896	5.840e3
4123.7637	1.841e3
4124.4102	4.033e3
4124.8213	7.910e2
4125.3838	4.532e3
4125.9556	1.571e3
4126.3970	7.868e3
4127.3657	7.621e3
4127.8491	1.027e3
4128.3916	1.224e4
4128.7778	2.957e3
4129.4028	1.665e4
4129.9326	1.034e3
4130.4336	1.252e4
4130.8311	9.541e2
4131.4150	9.319e3
4132.0688	3.748e3
4132.3804	7.810e3
4132.9883	5.995e2
4133.4409	8.414e3
4133.8838	6.316e2
4134.4165	8.956e3
4135.4048	8.579e3
4135.8613	9.468e2
4136.4570	7.220e3
4137.4072	4.790e3
4137.9590	2.047e3
4138.4067	5.908e3
4138.6616	3.550e3
4139.4429	5.766e3
4139.9355	9.849e2
4140.4048	3.619e3
4140.9648	8.450e2
4141.3462	6.794e3
4141.9604	1.542e3
4142.3604	1.532e4
4143.3613	1.511e4
4143.8828	1.593e3
4144.3740	1.445e4
4144.9600	1.306e3
4145.3608	1.213e4
4146.3921	9.320e3
4146.9624	4.262e2
4147.3950	1.064e4
4148.4131	1.192e4
4148.9614	7.143e2
4149.4233	8.545e3
4150.0947	2.968e3
4150.4077	9.481e3
4151.4761	9.048e3
4152.4072	5.055e3
4153.1890	6.346e3
4153.5601	2.358e3
4154.4414	4.690e3
4154.9189	4.639e2
4155.3574	2.956e3
4155.6631	1.149e3
4156.3008	7.514e3
4156.7998	3.169e3
4157.3662	1.123e4
4158.3301	1.323e4
4158.6636	2.997e3
4159.3442	1.239e4
4159.9561	1.986e3
4160.3804	1.145e4
4160.9629	1.020e3
4161.4111	8.086e3
4161.8838	1.617e3
4162.4541	1.136e4
4162.9839	1.150e3
4163.4570	8.759e3
4164.4204	6.385e3
4165.4097	6.504e3
4165.8633	1.397e3
4166.4302	6.574e3
4167.4253	5.118e3
4167.9985	1.394e3
4168.4277	6.044e3
4169.3667	4.768e3
4169.8325	1.360e3
4170.3931	4.576e3
4171.3999	5.016e3
4171.8794	1.555e3
4172.4346	8.264e3
4172.8208	9.784e2
4173.4194	9.159e3
4173.9624	1.314e3
4174.4189	9.413e3
4174.9453	1.609e3
4175.4102	8.223e3
4176.3770	5.254e3
4176.9653	1.506e3
4177.4038	6.575e3
4178.4019	1.019e4
4179.3896	5.840e3
4179.9312	1.723e3
4180.3315	5.567e3
4180.8735	6.365e2
4181.3696	6.380e3
4182.3516	5.588e3
4182.8164	1.214e3
4183.3428	5.801e3
4183.7637	1.496e3
4184.3330	6.083e3
4185.3730	3.915e3
4185.6611	6.401e2
4186.3711	6.644e3
4187.4077	5.418e3
4188.3774	5.062e3
4188.8608	2.666e3
4189.3354	5.437e3
4189.7646	8.718e2
4190.2881	7.196e3
4190.8408	2.101e3
4191.3384	4.454e3
4191.8696	1.655e3
4192.3545	6.821e3
4193.4028	6.910e3
4194.3062	5.293e3
4195.2856	5.830e3
4196.2988	4.386e3
4196.8574	9.650e2
4197.2520	3.441e3
4197.6982	1.540e3
4198.3579	6.184e3
4198.6616	2.327e3
4199.3442	3.332e3
4199.7915	3.671e3
4200.3730	4.639e3
4200.8604	5.089e2
4201.3838	7.954e3
4202.3896	9.445e3
4202.9839	7.957e2
4203.3740	7.071e3
4203.9351	1.447e3
4204.3809	6.693e3
4204.8345	1.502e3
4205.3740	6.571e3
4205.9619	1.017e3
4206.3696	4.400e3
4206.6636	1.168e3
4207.3315	2.791e3
4207.7178	1.459e3
4208.3940	3.695e3
4209.3394	3.349e3
4210.2432	3.364e3
4210.4609	1.641e3
4210.8467	1.853e3
4211.2998	4.474e3
4211.7271	1.467e3
4212.3447	3.525e3
4212.7271	1.070e3
4213.3223	5.777e3
4214.1880	5.655e3
4214.5601	1.891e3
4215.2798	4.372e3
4216.3516	6.233e3
4216.9355	1.027e3
4217.3105	2.037e3
4217.8950	4.475e2
4218.3638	3.174e3
4218.6606	1.121e3
4219.3232	3.580e3
4219.6606	8.114e2
4220.2598	1.871e3
4220.6606	3.915e2
4221.3159	2.112e3
4222.1445	5.095e3
4222.5156	3.028e3
4222.9878	2.004e3
4223.3745	2.045e3
4223.6279	3.670e3
4224.3237	4.529e3
4224.9678	1.765e3
4225.3208	4.678e3
4225.8906	8.468e2
4226.3931	7.638e3
4227.3599	5.944e3
4227.9800	2.499e3
4228.3564	6.649e3
4228.7607	1.558e3
4229.3965	5.956e3
4230.3237	5.246e3
4230.9585	5.941e2
4231.3159	2.467e3
4231.8643	8.105e2
4232.3433	3.344e3
4233.3345	5.303e3
4233.8691	1.419e3
4234.3379	5.112e3
4234.8628	3.353e2
4235.3638	3.029e3
4236.1797	2.357e3
4236.5776	1.772e3
4237.1924	2.163e3
4237.6641	2.971e3
4238.4580	8.545e3
4238.8613	4.375e2
4239.2817	7.172e3
4240.3306	8.930e3
4240.7627	1.627e3
4241.3711	7.964e3
4242.3311	8.011e3
4242.8857	2.807e2
4243.3462	5.524e3
4243.7119	1.435e3
4244.3403	5.348e3
4245.3320	2.336e3
4246.0449	2.953e3
4246.3359	4.955e3
4247.4380	6.691e3
4247.9688	1.545e3
4248.3530	4.914e3
4249.0776	6.222e3
4249.5186	3.668e3
4250.4590	6.664e3
4251.1133	2.445e3
4251.3613	2.174e3
4252.0972	3.191e3
4252.4106	1.769e3
4252.8447	1.437e3
4253.4434	4.903e3
4253.8857	6.483e2
4254.3672	6.321e3
4254.9551	2.304e3
4255.3896	7.688e3
4256.3750	7.188e3
4256.8896	6.480e2
4257.3330	5.837e3
4258.3081	9.209e3
4259.4741	6.979e3
4260.3545	2.682e3
4260.7837	4.921e2
4261.2090	3.570e3
4261.9463	9.500e2
4262.2910	1.910e3
4262.5186	2.870e3
4263.3071	3.577e3
4263.8613	1.060e3
4264.3027	4.154e3
4264.8926	9.138e2
4265.3281	4.017e3
4266.2827	3.233e3
4266.5620	1.669e3
4266.9795	1.155e3
4267.3301	3.254e3
4268.1929	2.467e3
4268.5254	5.037e3
4268.9385	9.615e2
4269.3721	2.414e3
4269.9404	2.349e3
4270.3730	4.669e3
4271.4473	7.762e3
4271.9097	6.887e2
4272.4521	4.265e3
4273.0244	3.088e3
4273.3823	3.429e3
4274.3379	6.197e3
4275.3633	2.186e3
4275.9458	1.944e3
4276.3208	2.022e3
4276.9736	1.121e3
4277.3403	2.283e3
4277.6177	2.067e3
4278.3477	5.677e3
4279.2417	6.155e3
4279.8779	5.022e2
4280.3438	3.825e3
4281.1963	2.611e3
4281.5654	8.638e2
4282.2935	4.754e3
4282.8838	5.530e3
4283.2813	3.643e3
4283.7173	8.694e2
4284.2764	2.348e3
4284.7798	5.818e2
4285.3145	2.586e3
4285.5601	8.059e2
4286.3374	3.026e3
4287.2637	1.683e3
4288.3057	5.747e3
4288.8193	1.966e3
4289.3691	3.869e3
4290.2173	2.017e3
4290.5215	1.513e3
4290.9180	7.614e2
4291.1968	5.384e2
4291.4307	1.060e3
4291.8638	4.258e2
4292.2959	6.345e3
4293.2480	3.800e3
4293.8486	3.525e3
4294.2456	4.942e3
4294.6714	1.780e3
4294.9937	1.090e3
4295.3887	3.869e3
4295.8892	8.260e2
4296.2764	3.727e3
4297.2817	3.859e3
4298.4668	5.834e3
4299.2900	2.536e3
4299.5615	8.624e2
4300.0679	1.955e3
4300.4346	3.451e3
4301.4019	4.219e3
4302.3760	5.389e3
4302.9937	1.267e3
4303.3086	3.497e3
4304.2715	4.105e3
4304.8369	5.656e2
4305.2856	2.064e3
4305.9717	1.518e3
4306.4668	4.294e3
4306.9507	7.460e2
4307.3735	2.198e3
4307.7622	5.733e2
4308.3032	2.862e3
4309.3677	3.895e3
4309.9077	2.142e3
4310.4165	5.597e3
4311.2197	4.140e3
4312.2085	3.457e3
4312.5386	2.157e3
4313.1440	3.867e3
4313.7656	5.898e2
4314.2271	2.849e3
4314.6729	4.073e3
4315.2378	1.156e3
4315.5151	7.180e2
4316.1792	4.521e3
4317.2813	3.906e3
4317.7969	1.669e3
4318.3901	3.439e3
4318.9434	1.801e3
4319.3247	2.809e3
4319.9634	9.340e2
4320.2910	1.649e3
4320.7231	1.219e3
4321.2334	3.478e3
4321.8296	2.427e3
4322.2378	1.574e3
4322.4634	1.306e3
4322.8320	1.560e3
4323.3335	3.057e3
4324.2700	5.145e3
4325.3115	2.780e3
4325.6152	1.169e3
4326.3320	4.484e3
4326.9097	1.720e3
4327.3232	2.222e3
4327.7124	1.958e3
4328.3794	3.435e3
4328.7837	2.401e3
4329.3110	2.404e3
4329.8867	8.928e2
4330.1929	1.178e3
4330.4233	2.237e3
4330.7891	4.184e2
4331.2935	3.368e3
4331.8760	8.131e2
4332.1704	9.616e2
4332.5103	1.814e3
4333.0742	3.142e3
4333.4565	1.859e3
4333.9595	1.480e3
4334.4004	3.220e3
4335.0767	1.135e3
4335.2612	8.248e2
4335.5630	6.903e2
4335.9668	1.190e3
4336.3145	1.455e3
4336.8540	7.236e2
4337.3350	2.902e3
4338.3140	7.085e3
4339.1782	1.960e3
4339.7222	7.187e2
4340.3008	3.671e3
4341.3687	2.470e3
4342.2339	2.589e3
4342.6807	6.936e2
4342.9536	7.718e2
4343.2739	9.096e2
4343.6211	2.413e3
4344.3169	1.611e3
4344.6670	1.021e3
4345.1411	2.949e3
4345.5381	1.235e3
4345.9063	2.324e3
4346.2368	1.703e3
4346.5151	1.785e3
4346.8721	6.156e2
4347.1890	1.712e3
4347.7256	2.716e3
4347.9927	1.025e3
4348.2285	2.082e3
4348.5610	1.333e3
4349.2451	2.583e3
4349.5640	1.538e3
4350.1982	2.223e3
4350.4624	6.569e2
4350.9165	1.968e3
4351.3633	2.137e3
4351.8574	7.034e2
4352.3042	1.984e3
4353.2310	3.148e3
4354.3091	6.093e3
4354.7119	2.250e3
4355.2515	1.579e3
4355.5610	7.071e2
4356.2109	2.552e3
4357.1216	2.230e3
4358.0020	3.346e3
4358.3975	2.107e3
4358.8145	5.000e3
4359.4106	2.703e3
4360.0527	3.754e3
4361.2090	4.001e3
4362.2031	2.127e3
4362.7261	1.745e3
4363.2153	2.290e3
4363.4639	1.881e3
4364.2900	3.065e3
4364.5625	1.023e3
4365.1743	1.533e3
4365.4644	1.142e3
4365.9663	2.388e3
4366.2612	1.151e3
4366.5259	2.393e3
4367.3149	2.626e3
4367.6826	2.233e3
4368.2168	3.585e3
4368.8018	1.601e3
4369.1582	1.368e3
4369.4351	1.692e3
4369.8779	1.920e3
4370.2563	1.139e3
4370.6035	2.078e3
4371.1431	1.972e3
4371.8828	1.262e3
4372.2319	2.464e3
4372.5620	9.416e2
4373.3491	2.792e3
4374.2134	2.641e3
4374.6216	7.720e2
4375.3301	2.096e3
4376.2451	1.168e3
4376.4629	6.443e2
4377.1523	2.283e3
4378.1934	2.389e3
4378.4795	7.733e2
4378.7217	1.658e3
4379.4551	3.319e3
4379.9990	7.757e2
4380.2217	1.371e3
4380.7051	1.490e3
4381.2246	2.735e3
4381.7393	1.627e3
4382.2339	1.831e3
4382.5176	1.718e3
4383.2925	2.539e3
4384.3188	3.194e3
4384.8623	2.754e2
4385.2354	1.018e3
4386.2637	1.226e3
4387.3086	2.348e3
4388.3394	2.414e3
4389.2559	1.372e3
4389.6392	6.663e2
4390.0288	2.609e3
4390.4111	2.618e3
4391.1963	2.195e3
4391.4619	1.154e3
4392.1929	1.615e3
4392.7520	6.114e2
4393.2598	2.157e3
4393.8462	5.156e2
4394.3481	3.264e3
4395.1938	1.200e3
4395.4639	2.740e2
4395.8496	6.565e2
4396.2539	1.647e3
4396.7964	9.062e2
4397.1904	2.203e3
4397.5615	2.137e2
4398.0654	1.710e3
4398.4902	3.900e3
4399.1182	1.900e3
4399.4131	1.419e3
4399.9116	1.333e3
4400.3623	2.136e3
4401.2974	3.457e3
4401.7935	7.567e2
4402.2236	3.473e3
4402.6602	7.281e2
4403.1855	5.368e2
4403.6011	1.456e3
4403.8633	7.441e2
4404.2778	1.930e3
4405.1704	1.684e3
4405.5752	3.755e2
4405.9248	1.833e3
4406.5703	3.811e0
4407.0952	9.014e2
4407.4883	1.536e3
4408.2632	2.455e3
4408.6230	1.043e3
4409.1167	2.695e3
4409.6895	2.717e2
4410.1499	1.284e3
4410.6455	7.704e2
4411.2236	2.168e2
4411.7236	9.887e2
4412.2441	1.553e3
4413.2949	1.494e3
4413.8232	8.008e2
4414.3257	1.856e3
4414.7617	3.261e2
4415.1938	1.130e3
4415.5151	7.617e2
4416.0415	1.330e2
4416.5796	1.777e2
4417.2944	1.178e3
4417.5161	1.086e3
4418.1880	1.729e3
4418.4565	2.672e3
4419.1719	5.448e2
4419.5049	2.813e3
4420.2939	4.046e3
4420.8936	3.776e2
4421.1299	7.377e2
4421.7227	2.000e3
4422.2349	1.398e3
4422.6357	1.568e3
4423.2202	1.226e3
4423.7236	7.836e1
4424.3247	1.156e3
4425.0796	5.657e2
4425.3154	5.171e2
4425.6646	9.757e1
4426.0317	1.075e3
4426.7271	4.739e3
4427.7412	1.412e3
4427.9639	6.496e2
4428.3530	4.598e3
4428.7139	8.628e2
4429.3813	1.519e3
4429.9277	2.394e3
4430.3052	3.540e3
4430.5640	8.598e2
4430.9956	4.997e3
4431.5488	3.673e3
4432.0239	1.435e3
4432.4512	1.177e3
4433.1968	1.451e3
4433.7417	2.352e3
4434.2227	8.820e2
4434.9092	2.297e3
4435.1636	5.998e2
4435.8721	7.215e2
4436.2432	1.495e3
4436.4604	8.089e2
4437.1636	5.992e3
4438.2837	3.345e3
4438.8091	8.263e2
4439.3408	1.861e3
4439.7114	1.149e3
4440.4028	2.067e3
4440.8252	5.199e2
4441.2417	1.307e3
4442.0981	1.180e3
4442.5576	1.279e3
4442.8994	3.604e3
4443.7793	1.426e3
4444.1563	9.878e2
4444.4341	1.618e3
4445.3335	7.882e2
4445.7314	6.719e2
4446.1914	1.481e3
4446.5107	6.496e2
4446.8965	6.429e2
4447.1230	9.162e2
4447.5840	5.710e2
4448.2217	1.003e3
4449.1875	8.049e2
4449.8071	1.445e3
4450.4160	2.031e3
4450.8320	3.467e2
4451.2104	7.786e2
4451.5947	1.646e3
4452.1899	9.293e2
4452.9414	8.322e3
4453.8076	4.814e3
4454.4614	3.665e3
4454.9360	2.044e3
4455.4473	7.316e2
4456.0581	3.059e3
4456.5757	1.679e2
4457.1724	3.347e3
4457.6729	2.054e3
4458.2012	1.817e3
4458.7021	5.224e2
4459.3208	2.057e3
4459.7686	1.629e2
4460.1929	1.438e3
4460.6475	1.013e3
4461.0151	9.012e2
4461.2617	4.881e2
4462.1328	2.695e3
4462.4370	1.985e3
4463.4731	1.815e3
4464.1284	2.173e3
4464.6553	3.498e2
4465.0767	2.345e3
4465.8125	6.217e2
4466.5874	1.567e2
4467.0791	2.095e3
4467.4624	3.501e2
4468.1973	2.996e3
4468.6143	1.051e3
4469.1411	5.727e2
4469.4893	1.226e3
4470.1631	4.630e2
4470.5166	1.045e3
4471.1353	2.224e3
4471.5269	1.332e3
4471.8984	1.396e3
4472.1602	7.677e2
4473.1440	2.615e3
4473.7437	3.830e2
4474.4497	3.253e3
4474.7124	2.459e3
4475.2163	1.285e3
4475.7134	9.520e2
4476.1284	8.449e2
4476.6006	6.439e2
4477.2207	1.234e3
4478.1021	3.381e3
4478.7910	4.933e3
4479.3608	3.180e2
4479.8950	1.444e2
4480.2593	2.266e3
4480.7300	1.063e3
4481.2749	8.155e2
4481.7466	4.637e3
4482.1602	5.715e2
4482.6924	2.897e3
4483.1973	1.581e3
4483.6616	5.186e1
4484.3257	5.281e2
4484.8057	1.296e3
4485.2202	3.632e2
4485.6519	6.595e2
4486.1265	3.565e3
4487.1514	2.003e3
4487.9575	1.121e3
4488.2803	8.549e2
4488.6992	1.284e3
4489.1641	1.610e3
4489.4443	1.740e3
4490.3887	3.537e3
4490.7280	1.664e3
4491.1465	8.835e2
4491.6611	2.265e2
4492.0776	2.400e3
4492.6514	1.571e3
4493.1816	2.023e3
4494.3965	2.538e3
4495.0303	6.759e2
4495.3271	4.945e2
4496.1421	7.512e2
4496.6089	8.031e2
4497.1196	1.512e3
4497.8276	1.898e3
4498.2251	3.022e3
4498.5620	1.273e3
4498.9785	1.196e3
4499.5278	7.259e2
