3500.0703	1.512e2
3500.5637	8.048e1
3501.3091	9.156e2
3501.9221	1.567e3
3502.2593	1.319e3
3502.7910	2.257e3
3503.1458	1.228e3
3503.4607	6.188e2
3503.9260	2.616e2
3504.2910	6.560e2
3504.7166	3.169e2
3505.1287	5.235e2
3505.6428	1.455e3
3506.0305	1.406e3
3506.5112	7.286e2
3506.8757	7.670e2
3507.8184	2.795e2
3508.2581	1.396e3
3508.7605	2.443e3
3509.2979	2.869e2
3509.6006	1.213e3
3510.2830	2.595e3
3510.8643	3.644e3
3511.3889	1.424e3
3512.0427	8.947e2
3512.4167	1.992e3
3512.8604	9.807e1
3513.2903	1.210e3
3513.7554	1.050e3
3514.6379	1.113e3
3515.1885	7.456e2
3515.7366	2.247e2
3516.1812	5.309e2
3516.9177	3.508e2
3517.4600	5.585e2
3518.4006	2.540e3
3518.8894	2.424e3
3519.3445	9.523e2
3519.8030	1.611e3
3520.4197	3.033e3
3521.0486	1.896e3
3521.4971	1.926e3
3522.1631	1.741e3
3522.6274	1.443e3
3523.3311	1.351e3
3524.0161	1.137e3
3524.3123	4.940e2
3524.8137	8.109e2
3525.2183	7.671e2
3525.6189	5.759e2
3526.2256	1.058e3
3526.5930	2.284e3
3526.9556	2.178e3
3527.8469	4.573e2
3528.3442	1.003e3
3528.7100	1.470e3
3529.2139	1.072e3
3529.7227	2.210e3
3530.1404	3.315e3
3530.5684	1.215e3
3531.0327	1.822e3
3531.5513	4.137e2
3531.7615	3.063e2
3532.2219	2.690e2
3532.8208	1.101e3
3533.1631	3.644e2
3533.7368	1.395e3
3534.3350	1.161e3
3534.7622	2.760e2
3535.3650	2.279e3
3535.9167	1.694e3
3536.4365	1.559e2
3536.9478	1.103e3
3537.7629	9.934e2
3537.9622	7.040e2
3538.3855	1.048e3
3538.7463	2.460e3
3539.1292	1.798e3
3539.6748	4.852e2
3540.0967	5.669e2
3540.4229	1.715e3
3540.8428	9.427e2
3541.7620	1.280e3
3542.1233	4.308e2
3542.5474	7.392e2
3542.9382	1.509e3
3543.3323	1.308e3
3543.7275	6.425e2
3544.2029	8.603e2
3544.4622	4.766e2
3545.3613	8.920e2
3545.8401	3.595e2
3546.4314	1.616e3
3546.9409	1.017e3
3547.3633	3.211e2
3547.8230	1.541e3
3548.1606	8.251e2
3548.7788	9.311e2
3549.1079	1.705e3
3549.7253	9.218e2
3550.1802	4.516e2
3550.6099	7.057e2
3551.0781	9.871e2
3551.3621	5.331e2
3552.0073	8.694e2
3552.7527	1.047e3
3552.9612	6.685e2
3553.3796	5.506e2
3553.7324	2.153e3
3554.0662	6.869e2
3554.6804	1.042e3
3555.0291	3.550e2
3555.5903	4.308e2
3556.2373	1.269e3
3556.7188	1.029e3
3557.2227	4.532e1
3558.1772	1.294e3
3558.5007	5.765e3
3558.9944	1.303e3
3559.4751	6.309e2
3559.8115	3.142e3
3560.3286	7.634e2
3560.8462	1.521e3
3561.1179	2.209e3
3561.7375	1.217e3
3562.2034	2.787e3
3562.7952	2.518e3
3563.4761	1.891e3
3563.9626	3.157e3
3564.4202	5.486e2
3564.8462	1.656e3
3565.1179	1.821e3
3565.7917	1.298e2
3566.0190	2.089e2
3566.5842	8.551e2
3566.9082	2.281e3
3567.7534	1.344e3
3568.1638	6.035e2
3568.4961	1.260e3
3568.9238	2.955e3
3569.4207	9.477e2
3570.3318	9.841e2
3570.7815	1.186e3
3571.1550	8.531e2
3571.4993	4.018e2
3571.9216	3.346e3
3572.8826	3.740e2
3573.2407	2.227e2
3573.6995	9.083e2
3574.2693	4.565e2
3574.6318	1.430e3
3575.0613	1.247e3
3575.7434	1.724e3
3576.4058	1.049e3
3576.8809	1.200e3
3577.4475	1.252e2
3577.7358	2.282e2
3578.1978	1.496e3
3579.0874	1.838e3
3579.7273	1.761e3
3580.3650	2.455e3
3580.8389	2.018e3
3581.2905	1.153e3
3581.8010	7.386e2
3582.2678	1.168e3
3582.6704	1.046e3
3583.3420	2.776e3
3584.0720	4.016e3
3584.6877	1.113e3
3585.1602	9.577e1
3586.1611	3.397e3
3586.9500	1.274e3
3587.7935	4.279e2
3588.6189	1.485e3
3589.0205	2.041e3
3589.6870	1.991e3
3590.1416	1.841e3
3590.5093	2.184e3
3590.9307	5.062e2
3591.3386	1.423e3
3591.7732	5.437e2
3592.2019	1.074e3
3592.9338	1.028e3
3593.2886	3.421e2
3593.6187	1.243e3
3594.2458	2.429e3
3594.7007	8.580e2
3595.0918	8.014e1
3595.6040	1.913e3
3596.0400	8.196e2
3596.3420	7.284e2
3596.8477	1.476e3
3597.8069	3.884e2
3598.2283	1.591e3
3598.6626	2.900e3
3599.1130	2.024e3
3599.4280	1.063e3
3600.0327	1.001e3
3600.5127	1.595e3
3600.8154	9.149e2
3601.2322	1.136e3
3601.7854	7.739e2
3602.1257	1.368e3
3602.8823	6.239e2
3603.3047	6.323e2
3603.9321	6.896e2
3604.3232	1.113e3
3605.0059	4.671e2
3605.4668	7.236e0
3605.9915	5.749e2
3606.6636	3.136e2
3606.9868	3.820e2
3607.3257	1.425e3
3608.0593	1.216e3
3608.8545	3.034e2
3609.7642	1.761e3
3610.3892	1.705e3
3610.8760	1.148e3
3611.1614	8.378e2
3611.7668	8.718e2
3612.2136	2.833e3
3612.9402	4.247e2
3613.7302	2.158e3
3614.1206	3.731e3
3614.4604	3.123e2
3615.0710	1.587e3
3616.1404	2.884e3
3616.6641	1.170e3
3616.8608	9.735e2
3617.3613	1.195e3
3617.6230	1.753e3
3618.1128	1.365e3
3618.6143	1.885e3
3619.1062	1.659e3
3620.1040	2.736e3
3620.5615	1.556e2
3621.0339	8.858e2
3621.5146	3.150e3
3622.1917	9.301e2
3622.6616	1.206e3
3623.3965	2.126e3
3623.9585	8.425e2
3624.3357	1.370e3
3624.8025	7.062e2
3625.3857	2.214e3
3625.7612	4.897e2
3626.3577	7.356e2
3626.9292	1.874e3
3627.6445	6.434e2
3628.0767	1.083e3
3628.2605	5.799e2
3628.5178	1.142e3
3629.0718	1.458e3
3629.8311	3.511e2
3630.5073	1.772e3
3630.8794	1.740e3
3631.2603	3.654e2
3631.6289	2.308e3
3631.9517	1.320e3
3632.9055	9.029e2
3633.3064	1.616e3
3633.6653	5.897e2
3634.2634	2.346e3
3634.6743	1.421e3
3635.1282	1.829e3
3635.5632	7.545e2
3635.8630	2.675e2
3636.1921	1.038e3
3636.7649	5.131e2
3637.0210	6.385e2
3637.5322	8.021e2
3638.1765	2.340e3
3638.9255	2.631e3
3639.5034	1.982e3
3640.0220	5.979e2
3640.3716	1.436e2
3640.8081	1.538e3
3641.2908	1.108e3
3641.8464	5.216e2
3642.7974	1.458e2
3643.4932	1.104e3
3643.8262	7.195e2
3644.2168	5.532e2
3644.8584	1.756e2
3645.3687	3.486e2
3645.8076	6.062e2
3646.1990	5.393e2
3646.4688	1.228e3
3646.8232	4.850e2
3647.2180	7.955e2
3647.7468	1.402e3
3648.4121	2.142e3
3648.8369	1.874e3
3649.1626	7.493e2
3649.6023	1.253e3
3650.1187	1.517e3
3650.7722	6.523e2
3651.0608	3.906e2
3651.3616	1.663e2
3651.6255	3.295e2
3652.1973	5.052e2
3652.7463	2.693e3
3653.2217	8.552e2
3654.0962	5.978e2
3654.3960	1.546e3
3654.6648	8.829e2
3655.0891	9.642e2
3655.8474	1.214e3
3657.0610	4.016e2
3657.6907	3.472e2
3658.4268	2.010e3
3658.8403	2.870e3
3659.5447	1.313e3
3660.0007	2.699e3
3660.2625	1.984e2
3660.6968	2.128e2
3661.2251	1.342e3
3661.7224	1.521e3
3662.1121	1.915e3
3662.6047	2.057e3
3662.9932	1.196e3
3663.4397	1.645e3
3663.9124	9.569e2
3664.6011	1.438e3
3665.2151	8.635e2
3665.8879	7.918e2
3666.2527	2.334e3
3666.5605	9.972e2
3666.9739	1.456e3
3667.6819	1.253e2
3668.3210	2.131e2
3668.8459	6.673e2
3669.1877	1.539e3
3670.2334	3.075e3
3670.7424	1.450e3
3670.9609	1.402e3
3671.5945	3.006e3
3672.2837	1.673e3
3672.9189	1.971e3
3673.4556	1.383e3
3673.8391	1.573e3
3674.1228	1.794e3
3674.5649	4.841e2
3675.0239	8.242e2
3675.6150	1.036e3
3676.0994	1.091e3
3676.9443	1.228e3
3677.8433	6.105e2
3678.2183	7.654e2
3678.7722	1.491e3
3679.2446	2.193e3
3679.5620	1.228e3
3680.2073	2.976e3
3680.8513	1.398e3
3681.3809	2.680e3
3681.8240	7.669e2
3682.2778	1.715e3
3682.8999	4.123e3
3683.5234	1.367e3
3683.9487	1.050e3
3684.1631	6.845e2
3684.7754	4.465e2
3685.2063	8.224e2
3685.5615	2.591e2
3686.0457	1.271e3
3686.8042	9.566e2
3687.2197	3.403e2
3688.0483	6.590e2
3688.4468	2.413e3
3688.9531	4.763e3
3689.6409	2.909e3
3690.2974	3.037e3
3690.9314	1.529e3
3691.1619	8.885e2
3691.6147	3.006e3
3692.2571	2.590e3
3692.9468	2.109e3
3693.2185	2.704e3
3694.2837	2.419e3
3694.6194	1.219e3
3695.2107	1.861e3
3695.6301	2.789e2
3696.1296	8.775e2
3696.5652	6.459e1
3697.5383	3.114e3
3698.1526	1.964e3
3698.9170	2.776e3
3699.6726	2.076e2
3700.2737	1.237e3
3700.8240	4.267e2
3701.3452	9.308e2
3702.0281	8.566e2
3702.3918	1.144e3
3702.7139	1.234e3
3703.2813	5.697e2
3703.5872	1.100e3
3704.1162	1.480e3
3704.8340	5.754e2
3705.1936	7.483e2
3705.7871	4.963e2
3706.2737	1.432e3
3706.6621	6.811e2
3707.2368	1.268e3
3707.6335	7.965e2
3708.1650	1.176e3
3708.8428	1.226e3
3709.1995	1.959e3
3709.6997	1.676e3
3710.3047	3.285e3
3710.5632	1.841e3
3711.2075	1.058e3
3711.7083	1.259e3
3712.4788	3.280e3
3713.1125	1.576e3
3713.7168	8.231e2
3714.2881	1.212e3
3714.9172	5.841e2
3715.3149	3.285e2
3715.8357	5.874e2
3716.1680	9.066e2
3716.8811	4.762e2
3717.4260	1.027e2
3718.2361	1.365e3
3718.6309	1.610e3
3718.8616	1.066e3
3719.3606	4.452e3
3720.0610	6.068e2
3720.8108	6.522e2
3721.2122	2.997e2
3721.7598	5.989e2
3722.1863	2.010e3
3722.7607	7.677e2
3723.2998	1.282e3
3723.6606	4.038e2
3724.2024	1.070e3
3724.7322	8.355e2
3725.2290	8.760e2
3726.2241	1.854e3
3726.5647	2.191e2
3727.0361	1.563e3
3727.3611	3.690e2
3727.9517	1.371e3
3728.3198	1.765e3
3729.0154	2.163e3
3729.4148	1.858e3
3730.3479	4.262e3
3731.6211	1.008e3
3732.3296	1.727e3
3733.0188	1.021e3
3733.4487	1.745e3
3733.9995	9.333e2
3734.2136	1.111e3
3734.7803	1.063e3
3735.1636	1.868e-1
3735.6035	1.730e1
3736.0933	2.194e2
3736.3865	5.542e2
3736.7515	1.665e3
3737.2263	1.658e3
3737.8008	1.139e1
3738.2354	1.182e3
3738.5288	1.355e3
3739.5244	8.136e2
3739.9033	1.311e3
3741.1196	2.613e2
3741.4932	1.185e2
3741.8252	9.528e2
3742.2488	1.106e3
3742.5918	1.810e3
3743.4126	3.445e3
3744.6172	6.485e2
3745.1948	8.260e2
3745.7275	5.773e2
3746.3252	3.831e3
3747.1475	7.574e2
3747.5156	1.282e3
3748.4421	2.203e3
3748.8293	9.674e2
3749.2913	9.391e2
3749.5933	1.503e2
3750.1982	1.774e3
3750.8374	1.943e3
3751.1526	1.266e3
3751.7842	4.793e3
3752.2939	1.628e3
3752.8281	6.756e2
3753.7029	2.009e3
3754.2810	2.322e3
3754.8381	1.035e3
3755.2939	6.324e2
3755.5327	1.283e3
3756.2117	1.799e3
3756.9111	1.890e3
3757.6475	1.729e3
3758.2969	3.431e3
3758.9485	1.436e3
3759.6763	8.796e2
3760.2415	3.267e3
3760.8997	2.586e3
3761.3035	2.508e3
3761.7422	1.090e3
3762.2078	1.486e3
3762.6199	5.426e2
3763.5356	2.553e3
3764.2717	1.723e3
3764.9077	1.457e3
3765.2256	1.074e3
3766.2344	2.474e3
3766.7070	1.292e3
3767.2314	1.659e3
3767.8228	1.525e3
3768.3713	1.440e3
3768.8645	2.978e3
3769.3174	1.686e3
3769.7004	1.892e3
3770.1721	1.266e3
3770.5957	3.837e2
3770.8928	7.695e2
3771.3997	6.902e2
3771.6484	1.327e3
3772.0117	1.154e3
3772.4631	5.603e2
3772.7969	8.283e2
3773.4783	2.678e3
3773.9365	9.813e2
3774.2654	1.004e3
3774.6121	1.591e3
3775.3591	3.530e3
3775.9495	1.126e3
3776.2639	5.993e2
3776.8174	2.931e3
3777.4148	5.209e2
3778.2388	7.746e3
3778.6934	3.448e3
3779.0300	2.051e3
3779.5481	4.303e3
3780.1367	1.737e3
3780.9063	2.681e3
3781.2126	7.968e2
3781.7957	1.173e3
3782.2383	2.295e3
3782.6956	1.373e3
3782.9631	9.093e2
3783.4927	2.510e3
3784.3635	7.650e2
3784.7974	2.134e2
3785.3052	1.562e3
3785.5630	7.445e2
3786.2874	1.855e3
3786.9001	1.014e3
3787.7817	2.263e3
3788.2671	2.575e3
3788.7390	2.125e3
3789.4165	1.030e3
3789.7234	5.451e2
3790.0828	9.184e2
3790.3616	4.738e2
3790.7302	1.089e3
3791.0767	1.309e3
3791.5281	1.424e3
3791.9033	1.320e3
3792.3469	2.740e3
3792.9741	7.823e2
3793.2908	9.919e2
3793.6218	2.020e3
3794.2261	1.672e3
3794.9580	8.060e2
3795.1609	4.333e2
3795.6396	2.271e3
3796.2761	2.321e3
3796.9351	3.156e3
3797.4045	1.594e3
3798.3030	3.400e3
3798.7852	1.183e3
3799.0930	2.097e3
3799.6008	5.410e3
3800.3940	2.056e3
3800.9512	2.400e3
3801.2891	4.611e2
3801.5227	9.471e2
3801.8708	4.266e2
3802.1914	1.080e3
3802.5740	4.847e2
3802.8281	7.345e2
3803.4380	1.433e3
3804.2036	5.558e2
3804.5884	2.323e2
3804.8955	6.254e2
3805.3174	7.642e2
3805.8728	8.252e2
3806.2859	2.963e3
3807.0583	2.279e3
3807.6450	1.023e3
3808.3123	2.640e3
3808.7869	3.889e3
3809.4626	7.496e2
3809.8940	5.524e2
3810.3557	2.517e3
3811.0320	1.095e3
3811.3962	1.198e3
3811.7622	4.275e2
3812.2871	1.048e3
3812.7788	5.095e2
3813.1250	1.167e3
3813.6277	1.289e3
3814.5200	5.621e3
3814.9185	1.696e3
3815.2617	8.444e2
3815.5889	5.381e2
3815.9246	2.241e3
3816.4265	1.167e3
3816.9302	1.537e3
3817.2944	1.959e3
3817.8357	6.766e2
3818.4365	3.589e3
3818.8862	2.238e3
3819.3679	1.055e3
3819.6189	1.622e3
3820.3086	2.347e3
3820.7407	8.710e2
3821.2490	2.548e3
3821.8516	6.371e2
3822.3035	2.875e3
3822.7637	4.094e2
3823.3000	3.460e3
3823.6599	2.307e3
3824.2458	1.792e3
3824.8555	1.176e3
3825.2136	9.215e2
3825.8594	4.825e2
3826.3301	1.506e3
3826.8110	8.847e2
3827.3079	1.589e3
3827.5610	1.228e3
3828.0920	2.591e2
3828.5317	2.329e3
3829.2275	9.067e2
3829.6143	5.022e2
3830.2458	1.908e3
3831.2219	1.523e3
3831.8074	1.480e3
3832.3794	2.330e3
3832.8149	7.436e2
3833.1958	7.249e2
3833.5432	1.538e3
3833.8137	9.281e2
3834.2642	2.139e3
3834.8738	1.307e3
3835.5212	2.323e3
3835.8608	9.183e2
3836.2820	1.873e3
3836.8909	1.612e3
3837.2905	2.988e3
3837.5635	5.906e2
3837.9966	7.505e2
3838.2981	3.040e3
3838.5615	1.010e3
3839.2666	2.936e3
3839.6633	5.184e2
3840.3022	1.316e3
3841.0127	2.659e3
3841.3447	1.725e3
3841.8882	1.659e3
3842.4663	3.738e3
3843.1575	3.924e3
3843.6101	1.092e3
3843.9158	1.513e3
3844.5217	6.032e2
3844.8818	7.997e2
3845.3052	1.023e3
3845.8818	3.540e2
3846.2910	1.302e3
3846.6309	1.011e3
3847.0483	8.487e2
3847.4158	5.740e2
3847.8484	1.070e3
3848.3440	2.980e3
3848.7473	4.587e3
3849.3481	1.936e3
3849.7192	2.953e3
3850.3496	3.718e3
3850.6990	6.339e2
3850.9897	2.243e3
3851.3904	3.167e3
3851.9678	1.252e3
3852.3359	3.348e3
3852.8591	1.523e3
3853.1582	1.953e3
3853.9155	2.208e3
3854.2996	2.186e3
3854.5637	1.330e3
3855.3152	3.101e3
3855.6274	1.390e3
3855.9797	2.609e2
3856.5078	2.938e3
3856.8604	1.028e3
3857.3489	1.768e3
3857.8953	7.847e2
3858.3240	3.252e3
3858.9294	2.013e3
3859.3179	3.209e3
3859.7793	2.375e3
3860.2832	1.548e3
3860.8313	1.790e3
3861.3086	1.332e3
3862.4065	5.763e3
3862.7632	1.535e3
3863.2971	4.036e3
3863.8606	7.700e2
3864.3076	2.242e3
3865.0002	8.393e2
3865.3054	2.220e3
3865.6641	6.115e2
3865.9834	4.127e2
3866.3450	2.186e3
3866.6631	3.615e2
3867.3147	1.363e3
3867.5623	6.585e2
3867.8777	3.763e2
3868.2983	2.420e3
3868.7285	2.487e3
3869.0540	1.594e3
3869.4355	7.882e2
3869.7864	9.744e2
3870.0430	1.518e3
3870.4990	2.514e3
3870.9221	1.900e3
3871.3542	9.589e2
3871.7161	2.199e3
3872.3713	2.207e3
3872.9246	1.925e3
3873.4014	2.977e3
3873.9697	4.018e2
3874.3286	9.587e2
3874.7949	3.243e3
3875.1633	4.147e2
3875.4951	9.846e2
3876.2766	3.692e3
3876.8184	1.395e3
3877.4099	6.136e3
3877.9331	1.030e3
3878.3484	7.379e3
3878.9500	1.843e3
3879.3176	5.571e3
3879.7205	1.255e3
3880.3655	5.912e3
3880.8533	2.052e3
3881.3308	3.541e3
3881.6624	1.032e3
3882.2847	4.522e3
3882.7710	7.060e2
3883.3418	4.027e3
3883.8630	9.597e2
3884.3638	2.011e3
3884.7129	3.417e2
3885.0874	7.466e2
3885.6563	2.098e3
3886.0481	9.378e2
3886.4475	1.849e3
3886.8477	3.929e3
3887.5186	8.345e2
3888.0466	2.166e3
3888.3611	1.730e3
3889.2285	1.687e3
3889.7463	1.256e3
3890.2847	2.459e3
3890.9319	1.504e3
3891.3323	2.067e3
3891.9158	6.725e2
3892.3970	3.504e3
3892.8308	9.422e2
3893.3149	1.629e3
3894.2610	3.277e3
3894.8716	1.348e3
3895.3672	2.261e3
3895.7195	9.596e2
3896.3584	1.602e3
3896.7783	1.279e3
3897.0952	2.640e3
3897.9355	2.042e3
3898.2524	2.254e3
3898.6360	2.459e3
3899.2056	1.289e3
3899.5911	1.763e3
3899.9968	9.254e2
3900.5920	9.748e2
3900.9258	1.366e3
3901.2881	1.355e3
3901.8284	1.107e3
3902.3127	1.455e3
3902.7937	1.007e3
3903.4497	2.331e3
3903.8315	8.904e2
3904.3145	1.313e3
3904.8159	2.846e3
3905.3201	2.570e3
3905.8879	1.284e3
3906.3335	3.325e3
3906.9817	8.814e2
3907.3569	2.347e3
3908.0959	7.427e3
3908.3621	1.637e3
3908.8989	1.620e3
3909.3567	1.310e3
3909.8799	4.857e2
3910.3376	1.942e3
3910.8630	1.220e3
3911.1619	9.006e2
3911.6445	2.096e3
3912.3254	5.171e2
3913.3257	2.654e3
3913.9038	2.753e3
3914.1621	1.747e3
3914.8379	8.570e2
3915.1802	4.633e2
3915.5449	1.594e3
3915.9707	4.593e2
3916.3464	1.264e3
3916.8013	1.997e3
3917.2307	8.442e2
3917.4614	5.998e2
3917.9973	1.909e3
3918.3057	5.524e3
3919.3904	4.045e3
3919.9170	1.016e3
3920.3921	2.594e3
3920.9629	1.041e3
3921.3611	2.055e3
3921.8777	1.207e3
3922.3772	4.468e3
3922.8960	1.218e3
3923.3787	2.255e3
3923.6609	5.923e2
3923.9958	2.315e3
3924.8970	1.681e3
3925.3899	8.730e2
3925.6431	1.204e3
3925.9226	1.404e3
3926.3813	3.088e3
3927.1414	1.344e3
3927.4607	5.058e2
3928.0337	1.310e3
3928.5688	3.238e3
3928.8611	8.661e2
3929.2402	1.239e3
3929.5154	1.632e3
3930.1467	1.263e3
3930.4141	8.017e2
3930.7983	1.310e3
3931.4243	2.926e3
3931.9373	1.848e3
3932.3782	3.333e3
3932.9619	1.731e3
3933.3374	4.081e3
3933.7632	8.901e2
3934.3511	5.273e3
3934.9729	1.252e3
3935.3154	3.341e3
3935.7622	1.341e3
3936.2849	2.033e3
3936.8647	2.280e3
3937.3044	2.088e3
3937.7410	8.408e2
3938.4185	4.117e3
3939.0330	1.276e3
3939.3169	1.354e3
3939.7302	1.562e3
3940.4094	4.519e3
3940.9336	7.474e2
3941.2817	1.759e3
3941.9187	1.649e3
3942.3545	2.486e3
3942.7922	2.270e3
3943.3115	2.634e3
3943.7363	8.567e2
3943.9602	4.375e2
3944.2253	1.030e3
3944.7166	1.861e3
3945.3223	9.077e2
3945.6851	6.762e2
3946.2798	5.181e3
3946.8167	1.286e3
3947.4275	2.954e3
3947.9089	2.109e3
3948.3889	4.267e3
3948.9431	1.396e3
3949.3950	5.860e3
3949.9253	2.400e3
3950.3811	7.369e3
3950.9604	3.979e2
3951.3838	4.213e3
3951.7117	9.069e2
3952.4131	5.374e3
3953.3389	4.967e3
3953.8147	1.693e3
3954.3728	4.366e3
3955.3721	1.844e3
3955.9377	1.639e3
3956.4634	3.122e3
3957.4128	1.096e3
3957.8367	7.464e2
3958.3157	2.723e3
3958.7090	3.719e3
3959.2793	1.523e3
3959.5398	2.183e3
3959.9985	4.808e2
3960.3906	3.454e3
3961.3821	4.064e3
3961.6616	1.020e3
3962.3687	4.520e3
3962.7974	5.460e2
3963.0657	1.126e3
3963.3875	3.754e3
3963.7363	1.627e3
3964.3862	6.280e3
3964.8149	1.101e3
3965.4084	3.643e3
3965.7412	2.114e3
3966.3977	3.774e3
3967.2607	7.455e3
3967.9255	1.113e3
3968.4861	5.728e3
3969.0359	2.331e3
3969.4702	2.334e3
3970.0144	3.945e3
3970.3284	2.436e3
3970.7180	1.161e3
3971.3386	2.896e3
3971.9409	9.080e2
3972.3235	2.102e3
3972.6611	9.050e2
3973.4270	4.102e3
3974.2986	4.021e3
3974.6226	1.246e3
3974.9111	9.783e2
3975.3901	3.101e3
3975.6602	5.028e2
3975.9666	1.029e3
3976.3306	4.059e3
3976.9226	1.652e3
3977.3706	3.883e3
3977.6919	4.827e2
3977.9880	1.055e3
3978.3997	6.430e3
3978.9375	9.661e2
3979.3938	6.050e3
3979.8130	1.076e3
3980.3931	3.633e3
3980.8191	1.287e3
3981.3931	5.914e3
3981.7878	8.346e2
3982.1643	3.351e3
3982.3628	3.406e3
3982.9597	8.637e2
3983.3291	2.539e3
3983.6731	2.595e3
3984.3989	1.607e3
3985.4150	8.085e3
3986.3403	2.537e3
3986.7197	3.598e3
3987.3601	1.831e3
3988.0842	2.252e3
3988.3848	5.252e3
3989.0400	1.878e3
3989.4092	7.352e3
3989.9641	1.197e3
3990.3967	6.556e3
3990.9375	2.174e3
3991.3987	2.144e4
3991.9180	1.505e3
3992.4023	3.585e4
3992.8618	7.833e2
3993.4055	3.662e4
3993.8635	2.847e3
3994.4055	3.007e4
3995.0308	1.599e3
3995.4072	1.968e4
3995.9304	1.492e3
3996.4124	1.127e4
3996.9609	1.171e3
3997.4009	6.088e3
3997.9321	1.365e3
3998.3938	4.108e3
3998.8848	9.337e2
3999.3506	4.981e3
4000.2891	1.648e3
4000.6248	2.277e3
4000.9150	1.704e3
4001.3965	2.087e3
4001.9453	1.557e3
4002.3333	3.453e3
4002.6621	1.720e3
4003.0999	1.440e3
4003.4565	5.216e3
4003.9231	2.535e3
4004.3862	4.499e3
4004.8743	2.285e3
4005.4165	1.462e5
4005.9050	3.262e3
4006.4199	3.038e5
4006.9106	2.868e3
4007.4211	3.346e5
4007.8652	3.654e3
4008.4219	2.680e5
4008.9382	3.654e3
4009.4246	1.584e5
4009.9229	3.513e3
4010.4285	8.312e4
4010.9097	2.695e3
4011.4314	3.558e4
4011.9768	3.098e3
4012.4285	1.452e4
4012.9578	2.962e3
4013.4187	7.593e3
4013.9058	3.447e3
4014.4329	4.607e3
4014.8362	1.902e3
4015.3845	3.054e3
4015.6611	6.435e2
4016.3149	4.810e3
4016.9172	1.757e3
4017.4087	3.547e3
4017.9792	8.582e2
4018.3914	4.326e3
4018.9033	2.356e3
4019.3972	7.733e3
4019.9099	2.240e3
4020.4072	9.514e3
4020.9219	1.357e3
4021.4404	1.256e4
4021.9048	2.007e3
4022.4136	1.282e4
4023.0774	2.072e3
4023.4072	1.056e4
4023.8604	1.221e3
4024.4121	7.686e3
4024.9314	1.593e3
4025.3938	6.189e3
4025.9568	1.331e3
4026.4055	6.040e3
4026.9622	5.702e2
4027.4058	4.934e3
4027.8481	6.242e2
4028.3911	5.355e3
4028.9255	1.070e3
4029.3987	4.500e3
4029.8455	1.246e3
4030.3845	6.428e3
4030.6606	2.516e3
4031.3867	5.027e3
4032.3149	5.667e3
4033.0400	1.770e3
4033.4075	6.278e3
4033.9277	1.401e3
4034.4099	1.065e4
4034.9299	5.391e2
4035.4192	1.017e4
4035.8274	1.823e3
4036.4458	1.028e4
4037.0457	1.579e3
4037.4084	7.607e3
4038.0947	1.147e3
4038.4087	7.565e3
4038.8198	1.588e3
4039.4221	6.155e3
4039.8835	1.672e3
4040.3984	4.259e3
4040.8455	1.089e3
4041.3843	4.200e3
4041.9211	1.623e3
4042.3967	4.369e3
4042.7209	1.379e3
4043.4194	7.956e3
4044.3806	9.539e3
4044.9971	1.895e3
4045.3772	9.385e3
4045.9124	7.370e2
4046.4678	1.302e4
4046.9644	8.756e2
4047.4033	9.710e3
4048.0979	2.336e3
4048.4106	1.330e4
4048.8616	1.170e3
4049.4412	1.582e4
4049.9199	9.119e2
4050.4258	1.203e4
4051.0833	3.938e3
4051.4189	8.403e3
4051.8845	1.833e3
4052.4141	6.538e3
4052.9705	8.557e2
4053.4055	3.770e3
4053.9768	1.369e3
4054.4172	3.760e3
4054.9131	1.100e3
4055.3726	2.653e3
4055.8804	8.934e2
4056.3257	1.795e3
4056.7744	1.091e3
4056.9609	7.131e2
4057.3860	3.221e3
4057.9724	1.892e3
4058.3530	7.666e3
4059.3401	7.207e3
4059.8174	1.627e3
4060.3547	9.442e3
4060.9170	1.410e3
4061.3638	1.156e4
4062.3879	9.447e3
4062.9368	1.330e3
4063.4546	1.470e4
4064.4229	1.100e4
4065.4126	9.544e3
4065.9368	3.575e3
4066.4329	9.454e3
4067.0913	1.316e3
4067.4128	5.008e3
4067.8713	9.759e2
4068.2209	7.696e3
4068.4619	3.747e3
4069.0491	1.984e3
4069.4307	4.182e3
4069.7615	6.052e2
4070.4421	6.504e3
4071.0366	2.263e3
4071.3892	2.442e3
4071.8582	1.213e3
4072.4084	6.985e3
4072.9604	6.069e2
4073.4236	5.896e3
4074.4211	2.712e3
4074.8799	1.387e3
4075.3901	3.907e3
4075.8389	1.836e3
4076.4270	5.997e3
4077.4275	6.625e3
4077.9565	1.771e3
4078.4402	9.522e3
4079.4224	1.214e4
4079.8821	1.527e3
4080.4194	7.500e3
4081.4014	6.016e3
4081.8579	1.305e3
4082.4011	4.453e3
4082.9993	9.174e2
4083.3811	4.011e3
4083.7170	2.297e3
4084.3948	3.566e3
4084.9919	1.170e3
4085.3855	4.004e3
4086.3667	6.718e3
4086.9426	2.520e3
4087.3936	5.150e3
4087.8914	1.488e3
4088.4219	7.043e3
4088.9351	1.093e3
4089.4023	5.422e3
4089.9832	1.398e3
4090.3958	8.206e3
4090.9185	1.142e3
4091.4246	6.447e3
4092.4324	5.433e3
4093.3499	7.592e3
4093.9348	2.422e3
4094.4226	5.523e3
4094.8621	9.350e2
4095.3723	3.059e3
4095.8579	1.996e3
4096.4009	4.149e3
4096.8916	1.546e3
4097.3726	5.291e3
4097.8447	8.966e2
4098.3257	4.026e3
4098.7295	8.568e2
4099.3252	3.116e3
4099.6616	7.680e2
4100.3032	2.645e3
4100.6172	1.314e3
4101.3862	4.501e3
4101.9434	1.881e3
4102.4199	7.325e3
4102.8174	1.946e3
4103.4019	1.582e4
4103.9141	1.257e3
4104.3979	2.295e4
4104.9385	5.772e2
4105.3999	2.632e4
4105.8281	1.451e3
4106.3994	2.250e4
4106.8354	1.557e3
4107.3999	1.377e4
4107.9536	1.163e3
4108.3994	1.179e4
4109.4131	6.061e3
4110.3989	3.693e3
4111.0273	2.261e3
4111.3677	2.739e3
4111.7261	1.185e3
4111.9619	1.027e3
4112.4092	3.050e3
4113.0220	1.959e3
4113.3867	2.838e3
4113.8442	1.386e3
4114.3555	4.453e3
4114.9565	8.224e2
4115.4141	3.980e3
4116.4429	3.330e3
4116.8672	3.967e2
4117.4263	2.840e3
4117.9463	1.370e3
4118.4370	5.903e3
4118.9927	8.431e2
4119.4619	3.678e3
4120.4312	5.338e3
4121.4209	5.757e3
4122.4438	5.117e3
4123.3652	5.862e3
4123.9380	1.447e3
4124.4204	2.319e3
4125.3838	4.195e3
4125.9697	1.057e3
4126.4063	6.332e3
4127.3809	4.178e3
4127.8892	1.305e3
4128.4087	5.978e3
4128.9160	3.774e3
4129.4009	6.708e3
4129.8613	1.000e3
4130.4404	5.502e3
4131.3726	4.505e3
4132.0938	2.384e3
4132.3848	3.824e3
4133.4438	5.203e3
4134.3740	3.402e3
4134.7261	1.940e3
4135.4312	5.307e3
4135.8604	9.166e2
4136.4595	3.500e3
4136.9375	7.582e2
4137.4053	2.551e3
4138.3442	6.892e3
4138.6626	4.089e3
4139.3901	3.318e3
4139.8154	8.984e2
4140.3613	2.324e3
4140.7622	7.005e2
4141.3525	4.517e3
4141.9521	1.143e3
4142.3618	8.704e3
4142.8628	7.286e2
4143.3735	8.334e3
4144.3711	8.949e3
4145.3989	6.494e3
4146.3926	5.835e3
4146.9463	6.413e2
4147.3896	4.569e3
4147.8213	1.628e3
4148.4033	8.383e3
4149.3975	3.998e3
4150.1206	4.176e3
4150.3638	4.147e3
4151.0127	1.900e3
4151.5171	5.888e3
4152.4063	2.587e3
4153.1016	4.428e3
4153.4150	2.102e3
4154.4927	4.042e3
4155.3110	2.153e3
4156.2720	6.287e3
4156.8164	2.471e3
4157.3716	6.593e3
4158.3232	7.968e3
4158.6631	2.188e3
4159.3481	8.642e3
4159.9746	1.675e3
4160.3770	7.502e3
4160.9233	9.306e2
4161.3853	3.885e3
4161.9102	1.868e3
4162.4194	6.034e3
4162.8608	5.055e2
4163.4375	5.221e3
4163.9536	5.187e2
4164.4590	2.880e3
4165.3960	3.506e3
4165.9258	1.570e3
4166.4272	3.877e3
4167.4243	2.323e3
4168.3955	4.900e3
4168.7603	1.194e3
4169.3638	4.247e3
4170.3467	3.601e3
4170.9712	8.141e2
4171.4053	3.885e3
4171.9116	1.450e3
4172.4214	7.373e3
4172.7622	8.715e2
4173.4277	7.415e3
4173.8940	1.593e3
4174.4219	7.628e3
4174.9116	1.465e3
4175.4390	7.065e3
4176.3960	3.260e3
4176.9868	1.224e3
4177.4111	5.060e3
4178.4346	7.567e3
4178.9927	1.390e3
4179.3623	3.647e3
4179.8394	9.492e2
4180.3496	3.568e3
4180.9341	1.090e3
4181.3569	3.252e3
4182.2632	4.016e3
4182.8652	2.142e3
4183.3516	3.305e3
4183.7534	1.683e3
4184.3643	3.502e3
4184.7627	2.852e2
4185.3696	3.225e3
4186.3638	4.660e3
4186.7622	7.962e2
4187.4170	3.481e3
4187.7603	8.073e2
4188.3887	3.480e3
4189.0659	1.900e3
4189.3945	3.855e3
4190.1865	5.000e3
4190.8159	2.161e3
4191.3906	2.596e3
4191.8452	1.880e3
4192.3911	4.377e3
4193.4063	5.344e3
4193.8906	5.396e2
4194.3149	3.798e3
4195.3169	3.200e3
4196.3188	2.494e3
4197.2393	2.756e3
4198.3896	5.502e3
4198.8198	1.058e3
4199.3740	2.562e3
4199.7900	2.922e3
4200.4229	3.039e3
4200.8638	5.757e2
4201.4185	5.011e3
4202.3696	6.554e3
4202.8657	6.924e2
4203.3521	4.187e3
4203.9243	1.341e3
4204.3477	4.064e3
4204.8374	1.155e3
4205.3892	4.383e3
4205.9629	4.723e2
4206.3726	3.094e3
4206.8174	7.706e2
4207.3828	1.604e3
4207.7119	6.191e2
4208.0752	9.106e2
4208.4702	2.451e3
4209.0981	9.577e2
4209.3452	1.316e3
4210.2168	2.842e3
4210.4619	1.479e3
4210.8369	1.397e3
4211.2217	2.714e3
4211.7559	2.036e3
4212.3140	2.910e3
4212.6616	6.579e2
4213.2910	3.324e3
4214.2739	7.124e3
4215.2856	2.787e3
4216.4399	4.820e3
4217.2305	8.878e2
4217.6611	3.577e2
4218.2275	2.109e3
4218.5977	2.046e3
4219.3457	2.378e3
4219.7319	7.055e2
4220.0771	9.516e2
4220.3628	6.291e2
4220.6768	2.730e2
4221.2988	1.180e3
4222.1631	4.194e3
4222.6548	4.315e3
4223.3823	1.469e3
4223.6855	2.958e3
4224.3516	3.249e3
4224.9707	1.313e3
4225.3608	2.054e3
4225.8853	7.767e2
4226.3433	5.210e3
4226.9741	9.872e2
4227.4009	3.518e3
4227.9834	1.682e3
4228.4111	5.815e3
4229.0322	1.097e3
4229.4326	3.341e3
4229.8926	7.056e2
4230.3550	3.946e3
4231.1177	1.327e3
4231.4609	3.646e2
4231.8516	8.007e2
4232.1982	7.371e2
4232.4834	1.783e3
4232.7612	2.451e2
4233.2861	2.421e3
4233.5601	7.868e2
4234.2236	5.367e3
4235.3403	1.761e3
4235.8760	1.156e2
4236.3076	1.323e3
4236.6714	4.052e2
4237.1235	2.192e3
4237.7813	2.366e3
4238.4639	8.883e3
4239.2739	4.065e3
4240.2412	5.158e3
4240.8896	1.343e3
4241.3667	5.004e3
4242.3247	3.981e3
4242.9878	3.080e2
4243.4033	2.596e3
4243.8848	1.019e3
4244.3877	2.544e3
4244.9224	1.588e2
4245.3770	1.551e3
4246.0083	2.545e3
4246.3511	2.865e3
4246.7671	1.062e3
4247.4907	5.351e3
4247.9277	1.483e3
4248.4268	3.421e3
4249.1064	7.658e3
4249.9653	6.039e2
4250.4702	3.818e3
4251.0591	1.067e3
4251.4141	2.333e3
4252.1265	3.374e3
4252.8789	1.891e3
4253.4839	3.162e3
4254.4023	4.775e3
4255.3628	6.486e3
4255.8691	1.130e3
4256.3975	4.731e3
4256.8955	3.390e2
4257.3428	3.251e3
4258.1772	4.495e3
4258.4614	2.109e3
4258.8618	6.952e2
4259.2461	2.176e3
4259.6177	3.109e3
4260.1455	7.260e2
4260.5190	1.263e3
4260.7622	6.099e2
4261.2261	2.698e3
4261.7969	6.206e2
4262.4629	3.581e3
4263.2510	2.349e3
4264.3081	3.783e3
4264.7607	7.097e2
4265.1938	8.067e2
4265.5088	1.485e3
4266.0000	8.378e2
4266.4678	3.026e3
4267.2847	2.658e3
4267.7603	2.519e2
4268.2358	2.561e3
4268.5176	2.314e3
4268.9458	9.073e2
4269.3472	2.034e3
4269.9614	2.796e3
4270.4302	3.911e3
4271.4692	6.302e3
4271.9609	8.537e2
4272.3638	3.017e3
4273.0288	3.378e3
4273.2627	2.851e3
4273.8813	1.025e3
4274.5137	3.319e3
4275.0479	8.187e2
4275.3975	1.386e3
4276.0059	1.104e3
4276.4077	1.213e3
4276.9229	1.063e3
4277.2993	8.544e2
4277.5591	1.535e3
4277.9600	7.682e2
4278.4146	3.248e3
4279.2241	4.691e3
4279.7627	6.451e2
4280.3140	1.386e3
4280.5615	7.572e2
4281.2363	1.325e3
4281.6113	1.661e3
4282.1587	3.165e3
4282.4751	1.226e3
4282.9238	5.345e3
4283.2622	2.284e3
4283.8145	5.832e2
4284.3516	2.458e3
4285.3086	1.733e3
4285.7222	5.981e2
4286.3364	2.275e3
4286.9004	1.417e2
4287.3491	8.488e2
4287.6929	1.827e2
4288.1631	2.284e3
4288.4365	2.791e3
4289.3135	3.992e3
4290.2114	1.534e3
4290.5146	1.408e3
4291.3960	1.938e3
4292.2344	2.113e3
4292.5601	8.171e2
4293.2070	3.001e3
4293.6729	1.590e3
4294.1704	3.792e3
4294.6221	9.256e2
4294.9839	1.166e3
4295.3452	2.481e3
4295.9375	8.801e2
4296.3169	2.491e3
4297.2021	1.533e3
4297.4624	5.019e2
4298.4692	4.105e3
4299.3247	2.828e3
4300.3530	4.193e3
4301.3774	2.369e3
4302.3394	4.011e3
4303.0938	1.285e3
4303.3887	1.526e3
4303.7422	9.862e2
4304.3325	2.328e3
4305.0933	1.413e3
4305.9248	1.393e3
4306.5405	3.706e3
4307.2041	1.065e3
4307.4629	5.501e2
4307.8911	5.190e2
4308.3833	2.120e3
4308.9868	1.012e3
4309.3096	1.938e3
4309.7280	1.747e3
4310.0308	1.297e3
4310.4443	4.337e3
4311.0181	1.847e3
4311.3203	1.450e3
4311.9917	1.231e3
4312.2612	1.326e3
4312.5498	1.491e3
4313.1396	3.100e3
4313.6172	7.121e2
4314.2642	2.476e3
4314.6284	2.135e3
4315.2573	7.792e2
4315.9644	1.235e3
4316.2207	1.474e3
4316.8633	9.943e2
4317.3452	1.766e3
4317.8535	1.375e3
4318.2393	2.350e3
4318.8643	3.132e3
4319.5288	9.178e2
4319.9165	5.852e2
4320.2983	9.471e2
4320.8003	1.425e3
4321.3076	2.369e3
4321.8896	2.337e3
4322.2803	2.073e3
4322.8433	1.290e3
4323.1597	1.271e3
4323.4639	6.304e2
4324.2798	4.234e3
4324.9458	6.468e2
4325.3813	2.071e3
4325.9238	1.108e3
4326.3657	2.039e3
4326.8618	1.008e3
4327.2534	2.181e3
4327.7534	8.978e2
4328.3442	3.141e3
4328.7246	1.693e3
4329.3125	1.451e3
4329.8408	7.805e2
4330.1948	1.034e3
4330.4424	1.935e3
4331.1079	1.871e3
4331.3623	8.474e2
4331.9160	9.197e2
4332.4336	2.016e3
4333.0068	2.384e3
4333.4175	1.283e3
4333.8950	1.155e3
4334.3750	1.782e3
4334.9897	2.504e3
4336.0698	2.144e3
4336.6406	7.588e2
4337.2222	2.506e3
4337.5605	7.609e2
4338.3389	5.687e3
4338.8608	7.478e2
4339.2319	8.568e2
4339.7822	4.286e2
4340.3130	2.899e3
4341.3657	1.850e3
4342.0508	2.075e3
4342.8853	1.667e3
4343.2642	4.648e2
4343.6304	2.066e3
4344.2568	1.474e3
4345.1377	2.056e3
4345.9131	2.765e3
4346.2876	1.568e3
4346.5630	1.067e3
4346.9268	8.995e2
4347.2295	1.047e3
4347.7100	3.166e3
4348.3262	2.782e3
4349.3423	3.220e3
4349.6626	9.676e2
4350.2617	1.914e3
4350.9341	1.537e3
4351.3911	1.469e3
4352.3740	2.003e3
4353.2485	1.918e3
4354.1968	2.544e3
4354.4160	2.277e3
4354.8350	1.735e3
4355.2427	6.895e2
4355.6699	1.354e3
4356.2749	2.104e3
4357.1191	1.777e3
4357.5259	4.061e2
4357.9360	3.835e3
4358.4219	3.307e3
4358.8203	3.428e3
4359.5654	1.182e3
4360.0322	1.684e3
4360.2612	9.032e2
4360.6245	8.257e2
4361.2295	2.272e3
4361.9829	7.377e2
4362.2393	9.732e2
4362.7456	1.221e3
4363.2729	1.789e3
4363.6304	7.640e2
4364.2900	1.825e3
4364.6187	5.426e2
4365.2720	1.361e3
4366.2686	4.540e3
4367.2905	2.028e3
4367.6870	1.768e3
4368.1709	2.155e3
4368.5122	1.394e3
4369.0732	1.989e3
4369.5610	2.863e2
4369.9272	2.850e3
4370.4434	2.131e3
4370.9253	1.358e3
4371.8818	8.909e2
4372.2100	2.295e3
4372.8945	1.502e2
4373.3320	1.797e3
4373.8198	6.108e2
4374.2471	1.820e3
4374.8257	7.320e2
4375.2236	1.088e3
4375.4609	6.754e2
4376.2676	1.194e3
4377.0566	9.876e2
4377.9580	1.556e3
4378.3237	2.186e3
4378.7305	1.318e3
4379.1860	7.244e2
4379.4849	2.483e3
4380.2031	1.796e3
4380.6699	1.114e3
4381.2700	2.848e3
4381.8267	1.785e3
4382.2432	1.322e3
4382.5381	1.828e3
4383.2793	1.694e3
4384.2471	3.092e3
4384.8994	6.769e2
4385.3159	2.689e2
4385.6489	2.194e2
4386.1357	4.710e2
4386.4634	1.171e2
4387.2295	8.349e2
4387.6548	1.120e3
4388.3521	1.168e3
4389.4590	7.554e2
4390.1865	2.586e3
4390.4155	2.484e3
4391.0444	1.731e3
4391.4897	1.046e3
4391.8779	3.122e2
4392.2974	1.419e3
4392.8403	1.001e3
4393.2671	1.951e3
4394.3335	3.054e3
4395.2148	7.257e2
4395.7861	8.731e2
4396.3438	7.432e2
4396.5610	5.107e2
4397.1362	1.740e3
4397.6665	7.635e2
4398.1519	1.394e3
4398.4248	2.045e3
4399.0942	2.350e3
4399.5259	8.741e2
4399.8247	1.005e3
4400.2236	8.482e2
4400.5615	5.459e2
4401.1587	1.851e3
4401.7739	1.738e3
4402.1709	2.026e3
4402.5259	1.220e3
4403.2896	1.221e3
4403.6401	4.898e2
4404.0156	1.076e3
4404.2612	4.555e2
4404.5708	3.275e1
4405.0796	6.020e2
4405.9102	1.566e3
4406.5381	7.089e2
4407.1240	4.299e2
4407.4766	6.306e2
4408.3623	1.877e3
4409.1289	3.071e3
4409.7197	7.003e2
4410.2881	1.214e3
4410.6333	1.119e3
4411.3110	2.502e2
4411.7593	9.775e2
4412.2324	1.409e3
4412.6626	8.664e1
4413.3896	1.155e3
4414.0850	1.697e3
4414.7896	3.606e2
4415.2881	1.824e3
4416.6387	3.970e2
4417.3384	4.738e2
4417.6870	9.125e2
4418.4111	3.845e3
4419.0630	3.049e2
4419.4990	2.144e3
4420.3286	3.029e3
4421.3252	1.342e3
4421.5630	1.047e3
4422.2393	1.833e3
4422.7061	1.281e3
4423.1621	1.371e3
4424.1943	1.291e3
4424.9502	3.059e2
4425.2373	3.239e2
4425.5981	3.138e2
4425.8765	6.761e2
4426.1670	1.595e2
4426.7373	1.799e3
4427.0615	4.049e2
4427.5659	2.928e2
4427.9087	7.762e2
4428.4063	4.020e3
4429.3994	1.529e3
4430.1196	5.759e3
4430.9722	3.960e3
4431.5435	3.412e3
4432.0454	1.177e3
4432.4478	1.058e3
4433.2114	1.254e3
4433.7671	1.183e3
4434.2588	7.532e2
4434.9160	1.500e3
4435.7861	4.139e2
4436.1421	1.091e3
4436.4224	8.839e2
4437.1328	3.237e3
4438.2773	2.579e3
4438.8042	1.053e3
4439.4849	2.524e3
4440.4302	7.930e2
4440.7124	4.068e2
4441.1592	9.372e2
4442.0405	1.383e3
4442.5449	1.002e3
4443.0176	4.867e3
4443.6768	5.111e2
4444.2583	1.398e3
4444.7822	1.127e3
4445.3198	6.132e2
4445.8584	5.590e2
4446.3223	1.626e3
4446.8984	1.300e3
4447.5366	5.647e2
4448.2656	9.571e2
4449.2441	8.051e2
4449.5190	6.672e2
4449.9878	1.405e3
4450.4897	1.116e3
4450.8315	4.242e2
4451.1685	4.231e2
4451.5068	1.119e3
4452.2114	7.516e2
4452.8960	4.618e3
4453.2642	1.291e3
4453.8003	3.770e3
4454.0732	5.890e2
4454.3350	1.131e3
4454.9072	2.257e3
4455.5254	1.067e2
4456.0220	2.364e3
4456.7642	6.434e2
4457.2021	1.445e3
4457.6533	1.391e3
4458.2422	1.513e3
4458.7974	3.159e2
4459.2036	1.895e3
4459.8994	1.621e2
4460.2412	6.204e2
4460.5210	7.558e2
4460.8628	4.770e2
4461.2295	4.082e2
4461.5923	1.701e2
4462.1714	2.139e3
4462.5254	1.068e3
4463.2070	7.798e2
4463.5479	6.313e2
4464.1514	2.158e3
4464.6284	4.641e2
4465.1626	1.651e3
4466.1533	1.067e3
4466.6929	5.095e2
4467.0098	1.782e3
4468.2510	3.189e3
4469.2681	9.759e2
4469.5605	4.757e2
4470.0874	6.053e2
4470.7119	9.923e2
4471.1299	1.211e3
4471.5020	1.779e3
4471.9663	2.319e3
4473.1475	1.683e3
4473.6265	5.205e2
4474.5435	3.654e3
4474.8613	1.645e3
4475.7051	4.864e2
4476.1470	6.082e2
4476.5425	4.543e2
4477.1973	8.472e2
4478.0757	3.027e3
4478.3604	6.560e2
4478.8105	4.611e3
4479.5713	4.661e2
4480.2012	1.296e3
4480.6011	8.978e2
4481.1592	6.838e2
4481.7329	3.882e3
4482.2598	6.793e2
4482.6147	1.996e3
4483.1826	1.189e3
4484.3467	5.256e2
4484.8608	6.687e2
4485.1230	1.096e3
4486.0830	3.259e3
4486.6206	4.024e2
4487.0659	3.470e2
4487.6074	6.112e2
4488.0313	8.844e2
4488.5332	1.161e3
4488.8276	8.835e2
4489.3740	3.223e3
4490.0103	1.120e3
4490.5215	1.386e3
4490.8623	5.901e2
4491.1699	2.342e2
4491.4287	5.717e2
4492.0220	1.458e3
4492.7041	1.762e3
4493.1807	6.120e2
4493.5107	3.876e2
4493.9985	3.893e2
4494.4756	1.702e3
4494.9365	3.116e2
4495.3105	3.019e2
4496.1367	5.010e2
4496.6714	7.497e1
4497.1401	3.652e2
4497.4229	3.247e2
4497.8320	1.557e3
4498.3271	2.255e3
4498.7349	1.511e3
4499.4790	7.228e2
