3500.0681	2.875e2
3500.8162	5.667e2
3501.1160	3.936e2
3501.7449	1.294e3
3502.0127	9.135e2
3502.5522	1.261e3
3502.8145	1.758e3
3503.5500	1.657e3
3504.1506	3.241e2
3504.6875	6.583e2
3505.1372	3.337e2
3505.6182	7.593e2
3506.0181	1.390e3
3506.4897	2.054e2
3506.8979	1.230e3
3507.8025	1.683e2
3508.3162	1.155e3
3508.7390	1.707e3
3509.0630	5.490e2
3509.6316	1.178e3
3510.2400	1.886e3
3510.8987	4.255e3
3511.4280	9.029e2
3512.0283	1.044e3
3512.4197	1.875e3
3512.8364	2.605e2
3513.2292	1.028e3
3513.6992	5.583e2
3514.3418	9.420e2
3514.7512	8.331e2
3515.2073	1.266e3
3515.7114	4.008e2
3516.1941	6.088e2
3517.0955	1.302e2
3517.7539	6.014e2
3518.3926	1.576e3
3518.8804	7.512e2
3519.1550	1.232e3
3519.8091	1.010e3
3520.4619	1.987e3
3521.0500	1.426e3
3521.4993	2.324e3
3522.2073	3.046e3
3522.7620	5.717e2
3523.1331	5.891e2
3523.6616	7.667e2
3524.1025	1.044e3
3524.4612	1.575e2
3524.8499	5.452e2
3525.1182	8.252e2
3525.7051	6.589e2
3526.2258	1.106e3
3526.6169	1.223e3
3526.9529	1.151e3
3527.7026	8.165e2
3528.4805	1.976e3
3529.2258	1.134e3
3529.7244	1.723e3
3530.1816	3.444e3
3530.5881	1.197e3
3531.0684	1.724e3
3532.1555	7.065e2
3532.8533	1.247e3
3533.6758	8.561e2
3534.2532	1.212e3
3535.0547	1.078e3
3535.3784	1.406e3
3535.8235	9.508e2
3536.0615	5.048e2
3536.3606	1.617e2
3536.9346	7.226e2
3537.7488	1.391e3
3538.2014	7.261e2
3538.7373	3.370e3
3539.1394	1.970e3
3539.9063	6.707e2
3540.3472	1.495e3
3540.7688	3.431e2
3541.0806	6.774e2
3541.8044	5.541e2
3542.1338	2.941e2
3542.5681	6.458e2
3542.9812	3.911e2
3543.2666	1.785e2
3543.7244	6.803e2
3544.3230	2.180e3
3545.0835	6.178e1
3545.4822	5.252e1
3546.1357	4.714e2
3546.6960	2.096e2
3547.1113	1.165e3
3547.3613	8.940e2
3547.9177	1.336e3
3548.2646	2.921e2
3548.9106	3.541e3
3549.7446	4.412e2
3550.2351	6.114e2
3550.6160	7.390e2
3551.1191	2.224e3
3552.0249	4.629e2
3552.7058	7.359e2
3553.3796	1.343e3
3553.8379	1.388e3
3554.1123	1.176e3
3554.5164	3.951e2
3555.0759	1.545e3
3555.5159	4.350e2
3556.1270	7.169e2
3556.4119	3.272e2
3556.8149	7.335e2
3557.6929	3.064e2
3558.1489	6.999e2
3558.5139	3.178e3
3558.9297	1.057e3
3559.3960	9.001e2
3559.8213	1.003e3
3560.4082	1.812e2
3560.9492	6.629e2
3561.2898	6.874e2
3561.7051	1.100e3
3562.2012	2.388e3
3562.8083	4.910e2
3563.4822	1.096e3
3564.0024	3.011e3
3564.8201	1.287e3
3565.1968	1.387e3
3565.7231	3.989e2
3566.1279	3.366e2
3566.8936	1.992e3
3567.8950	8.370e2
3568.4587	1.425e3
3568.9678	3.972e3
3569.6262	9.863e2
3570.5315	1.482e3
3571.2869	1.397e3
3571.9333	3.823e3
3573.3066	4.234e2
3573.8069	3.077e2
3574.2385	4.488e2
3574.6648	1.441e3
3574.9653	1.373e3
3575.7969	1.292e3
3576.4321	1.744e3
3576.8235	8.023e2
3577.2942	5.680e2
3577.6689	4.555e2
3578.1379	1.486e3
3579.2200	1.692e3
3579.6284	4.969e2
3580.3633	2.930e3
3580.8191	1.340e3
3581.1455	1.349e3
3581.6921	1.592e3
3582.2795	2.062e3
3582.7900	1.841e2
3583.2751	1.918e3
3583.7231	1.325e3
3584.0642	1.068e3
3584.3604	1.881e2
3584.7278	6.988e2
3585.2620	4.129e2
3585.7041	1.716e2
3586.2158	9.133e2
3586.7839	1.361e3
3587.0630	6.441e2
3587.9373	6.710e2
3588.3113	8.388e2
3588.7217	1.519e3
3589.0652	1.110e3
3589.4412	6.017e2
3589.7959	1.746e3
3590.1682	9.202e2
3590.4319	1.591e3
3590.9338	1.193e3
3591.5325	1.330e3
3592.2400	1.053e3
3592.7776	4.644e2
3593.0969	1.107e3
3593.6892	1.033e3
3594.2002	7.339e2
3594.5356	2.906e2
3594.9146	5.897e2
3595.4253	9.115e2
3595.7756	3.531e2
3596.1108	1.708e3
3596.8069	4.916e2
3597.1179	1.518e2
3598.2522	1.554e3
3598.6794	2.856e3
3599.1575	3.176e3
3600.0254	1.515e3
3600.5393	1.569e3
3600.8914	4.494e2
3601.2180	1.476e3
3601.7498	3.851e2
3602.1907	8.648e2
3602.4822	2.349e2
3602.8081	6.817e2
3603.5789	2.402e3
3604.2183	5.253e2
3604.6301	1.171e3
3605.2827	1.105e-1
3605.7043	6.898e1
3606.1294	8.352e0
3606.8801	4.243e2
3607.2930	2.184e3
3608.0391	1.483e3
3608.6353	3.922e2
3608.8638	2.601e2
3609.3196	2.949e2
3609.7747	1.027e3
3610.1504	9.646e2
3610.5850	1.632e3
3610.9675	1.332e3
3611.3608	5.167e2
3611.8027	1.060e3
3612.3386	4.681e2
3612.9287	7.427e2
3613.6885	1.390e3
3614.1790	2.424e3
3614.5605	7.632e2
3615.0388	7.174e2
3615.3132	6.158e2
3615.6602	9.241e1
3616.4648	2.233e3
3616.9138	4.253e2
3617.4954	2.471e3
3617.9734	5.015e2
3618.5967	2.780e3
3619.0576	1.002e3
3619.4236	4.071e2
3619.9878	1.375e3
3620.4551	6.101e2
3620.9944	9.926e2
3621.5837	1.521e3
3622.2197	1.288e3
3622.5156	7.812e2
3622.7634	7.269e2
3623.2068	1.928e3
3623.5613	4.783e2
3624.2104	1.749e3
3624.7781	4.625e2
3625.2302	2.606e3
3625.7771	3.194e2
3626.1846	1.430e3
3627.0769	1.635e3
3627.4653	2.779e2
3628.1375	1.538e3
3628.6123	1.010e3
3629.0784	1.720e3
3629.9126	5.629e2
3630.4844	7.859e2
3630.9456	1.420e3
3631.7629	1.911e3
3632.8589	3.754e2
3633.2324	1.033e3
3633.7524	8.245e2
3634.2280	1.839e3
3634.6917	6.612e2
3634.9897	1.505e3
3635.3604	5.547e2
3635.8782	3.322e2
3636.1714	9.344e2
3636.7268	3.389e2
3637.1807	1.586e3
3638.1912	2.713e3
3638.7068	1.392e3
3639.1343	2.030e3
3639.4258	1.861e3
3640.2947	1.386e3
3640.8240	1.050e3
3641.1311	7.526e2
3641.6328	3.987e2
3642.0168	1.016e2
3642.7004	3.882e1
3643.4780	5.826e2
3643.9238	9.748e2
3644.7825	2.673e1
3645.1248	6.376e1
3645.5764	1.887e2
3646.1890	3.883e2
3646.5591	8.214e2
3646.7607	4.825e2
3647.0627	2.065e2
3647.8296	7.376e2
3648.4470	1.055e3
3648.8110	1.491e3
3649.3159	1.973e3
3650.1836	1.196e3
3650.8267	6.280e2
3651.2961	5.655e2
3652.4045	6.921e2
3652.8586	1.014e3
3653.2173	1.400e3
3654.3196	2.424e3
3654.6650	5.980e2
3655.3125	5.817e2
3655.8882	4.699e2
3656.1165	7.519e2
3657.0403	1.251e3
3657.6943	6.781e2
3658.4734	2.708e3
3659.1890	2.640e3
3659.8269	7.916e2
3660.1602	7.559e2
3660.8723	3.468e1
3661.2952	6.824e2
3661.7476	6.886e2
3662.1897	1.658e3
3662.5984	1.485e3
3663.1228	2.088e3
3663.5193	1.111e3
3664.1729	1.009e3
3664.6548	7.444e2
3664.8606	3.613e2
3665.2104	9.793e2
3665.4641	4.596e2
3666.2212	2.566e3
3666.4622	1.615e3
3667.1118	1.867e3
3667.6641	1.067e2
3668.2051	4.660e2
3668.6714	2.133e2
3669.1807	1.036e3
3669.7593	1.889e2
3670.1484	1.129e3
3670.4663	1.634e3
3671.0945	2.902e3
3671.6797	1.188e3
3672.2000	1.308e3
3672.7324	4.875e2
3673.1270	1.135e3
3673.5984	1.529e3
3674.1631	1.846e3
3674.7563	7.284e2
3675.1851	1.734e3
3676.0769	1.242e3
3677.0408	1.064e3
3677.5842	1.864e2
3677.8552	2.336e2
3678.2605	9.685e2
3678.5183	8.039e2
3678.7620	4.854e2
3679.2141	6.050e3
3679.7864	1.225e3
3680.2009	9.809e3
3680.8433	3.877e2
3681.2061	8.360e3
3681.7126	8.884e2
3682.2151	5.464e3
3682.5627	1.517e3
3682.8745	2.625e3
3683.1643	4.311e3
3683.5640	3.143e2
3683.8237	4.842e2
3684.2129	1.872e3
3684.7756	4.775e2
3685.1846	1.217e3
3685.5239	5.737e2
3686.1475	1.607e3
3686.7732	6.873e2
3687.1958	7.032e2
3687.5217	4.761e2
3688.4395	3.496e3
3688.9487	2.791e3
3689.3560	1.009e3
3689.6841	2.349e3
3690.2634	7.097e2
3690.6682	7.525e2
3691.1167	1.633e3
3691.5212	8.051e2
3692.2158	1.009e3
3692.4629	5.546e2
3692.8823	5.303e2
3693.2727	2.091e3
3693.7949	6.454e2
3694.3552	2.747e3
3694.7715	1.628e3
3695.1790	1.626e3
3695.8220	4.329e2
3696.1409	4.208e2
3697.1821	7.291e2
3697.5776	2.243e3
3698.2378	3.180e3
3698.5955	5.394e2
3698.8286	8.752e2
3699.2000	1.465e3
3700.2634	9.263e2
3700.9827	1.599e3
3701.8252	6.420e2
3702.4819	2.650e3
3703.1572	4.282e2
3703.6660	1.250e3
3704.2361	9.552e2
3704.8662	4.733e2
3705.1643	2.898e2
3705.7410	6.187e2
3706.1970	1.418e3
3706.5144	1.230e3
3707.2080	3.891e3
3707.7507	5.529e2
3708.2090	6.446e3
3708.8464	1.010e3
3709.2029	6.746e3
3709.7473	1.364e3
3710.2476	7.382e3
3710.6274	1.701e3
3711.2109	3.748e3
3711.8616	3.569e2
3712.2600	2.099e3
3712.7444	1.290e3
3713.3359	1.800e3
3713.8196	1.115e3
3714.2188	1.138e3
3715.0447	7.971e2
3715.3877	1.422e3
3716.1055	9.853e2
3716.3606	2.961e2
3716.8428	8.308e2
3717.2612	1.046e2
3717.6379	3.300e2
3718.2578	1.368e3
3718.6023	1.792e3
3719.2800	4.352e3
3719.8826	9.829e2
3720.3157	1.137e3
3721.1941	1.323e3
3721.6460	4.411e2
3722.1831	2.088e3
3722.6877	7.333e2
3723.2664	1.045e3
3723.5940	2.355e2
3723.8464	4.846e2
3724.2769	1.542e3
3724.9204	7.333e2
3725.1631	4.344e2
3725.8411	2.888e2
3726.2456	1.499e3
3726.6147	4.610e2
3727.1096	1.388e3
3727.6853	1.410e3
3728.2786	1.627e3
3728.6001	5.850e2
3729.0059	2.087e3
3729.5068	1.482e3
3729.8955	3.176e2
3730.3176	1.818e3
3730.9580	8.020e2
3731.4043	5.651e2
3731.7239	1.838e2
3732.2007	8.768e2
3732.9951	2.763e2
3733.5217	1.680e3
3733.9380	7.381e2
3734.2146	9.572e2
3734.7283	7.003e2
3735.2493	3.130e2
3735.6782	7.252e1
3736.2310	1.536e3
3736.6677	2.075e3
3737.2297	2.521e3
3737.8870	3.161e2
3738.2341	1.988e3
3738.6218	7.627e2
3739.3589	9.364e2
3739.7456	1.070e3
3740.1157	6.778e2
3740.4609	2.820e2
3741.2334	3.910e2
3741.9065	7.363e2
3742.2500	1.175e3
3742.5620	8.496e2
3742.9875	7.882e2
3743.3752	2.122e3
3743.7556	1.180e3
3744.4028	1.053e3
3745.1177	4.635e2
3745.3657	1.724e2
3745.6951	5.666e2
3746.1458	2.142e3
3746.4622	8.406e2
3746.7610	2.239e2
3747.2205	4.896e2
3747.5266	5.809e2
3747.8616	2.219e2
3748.2439	1.131e3
3748.5913	1.420e3
3749.2705	1.369e3
3749.7227	2.074e2
3750.2253	1.517e3
3750.5615	5.811e2
3750.8792	9.276e2
3751.2334	2.670e3
3751.7629	2.494e3
3752.2219	2.940e3
3752.6602	2.908e2
3753.1934	1.636e3
3753.8057	1.506e3
3754.2844	2.664e3
3754.7605	4.704e2
3755.1538	1.655e3
3756.1741	1.313e3
3757.2385	1.717e3
3757.6353	8.306e2
3758.3972	1.779e3
3758.8430	1.636e3
3759.3203	9.637e2
3759.7859	7.660e2
3760.0798	1.089e3
3760.3264	1.623e3
3760.8335	1.615e3
3761.2407	2.541e3
3761.7234	5.132e2
3762.2117	2.245e3
3762.5603	5.485e2
3763.7480	2.579e3
3764.2813	2.447e3
3764.8245	1.101e3
3765.2249	1.374e3
3766.2795	3.305e3
3766.8984	5.958e2
3767.2053	1.576e3
3767.7810	1.016e3
3768.3237	2.268e3
3768.9304	3.139e3
3769.5002	2.720e3
3770.1960	2.891e3
3770.5603	5.450e2
3770.8613	2.969e2
3771.2485	2.942e3
3771.8215	8.644e2
3772.2532	2.972e3
3772.5635	1.129e3
3773.3301	2.869e3
3773.8394	6.927e2
3774.2505	2.225e3
3774.6372	1.675e3
3775.2830	2.277e3
3775.6284	6.163e2
3776.0974	1.653e3
3776.7837	9.654e2
3777.1968	8.583e2
3777.7188	7.514e2
3778.2966	3.728e3
3778.6917	3.714e3
3779.2336	5.082e3
3780.2051	3.724e3
3780.7856	6.031e2
3781.1946	3.267e3
3781.8201	1.185e3
3782.2166	2.393e3
3782.9282	1.850e3
3783.2661	2.746e3
3784.2332	1.303e3
3784.6260	3.099e2
3785.2441	1.697e3
3785.6138	7.393e2
3786.0327	1.341e3
3786.7815	7.958e2
3787.2178	7.755e2
3787.9067	2.107e3
3788.3005	2.158e3
3788.6965	2.031e3
3789.2549	5.809e2
3789.6172	1.207e3
3790.3745	2.263e3
3791.0339	2.234e3
3791.4329	1.238e3
3791.7664	5.268e2
3792.1589	2.359e3
3792.7786	1.497e3
3793.3459	1.838e3
3793.8503	1.362e3
3794.2742	1.937e3
3794.5723	1.746e2
3794.8760	5.422e2
3795.2332	1.300e3
3795.5208	1.272e3
3795.9771	7.152e2
3796.2231	1.192e3
3796.8513	1.510e3
3797.3547	1.522e3
3797.6611	4.578e2
3798.5457	3.603e3
3799.1216	2.517e3
3799.5193	2.301e3
3799.7607	1.205e3
3800.2114	1.840e3
3800.9231	1.398e3
3801.2290	1.192e3
3801.7051	1.292e3
3802.2681	1.364e3
3802.6743	9.027e2
3803.2952	1.444e3
3803.6614	4.361e2
3804.1296	8.543e2
3804.7244	3.137e2
3805.2964	1.053e3
3806.2979	3.252e3
3806.5608	6.694e2
3806.8223	9.502e2
3807.1875	2.196e3
3807.9954	1.167e3
3808.3245	2.766e3
3808.7817	3.439e3
3809.2156	1.714e3
3809.7163	1.097e3
3810.2627	3.148e3
3811.2280	2.573e3
3811.6301	9.705e2
3812.2837	1.391e3
3813.1545	1.039e3
3813.5383	1.271e3
3814.3540	2.207e3
3814.5608	1.020e3
3814.8149	2.432e3
3815.3743	7.263e2
3816.0007	3.324e3
3817.1997	2.641e3
3817.5623	7.895e2
3818.4019	2.662e3
3818.7422	1.388e3
3819.3018	3.470e3
3820.2852	2.389e3
3820.6484	1.273e3
3821.2603	2.534e3
3821.7737	2.649e2
3822.3013	3.072e3
3823.2356	3.215e3
3823.5449	2.390e3
3823.8633	1.195e3
3824.2649	2.062e3
3824.7363	3.237e2
3825.0596	4.574e2
3825.3113	6.051e2
3826.2419	2.128e3
3826.8381	6.382e2
3827.2268	1.352e3
3827.5239	1.572e3
3828.1548	1.105e3
3828.5137	1.985e3
3829.2083	1.821e3
3829.6814	2.099e2
3829.9998	4.789e2
3830.2312	1.324e3
3830.9138	1.123e3
3831.2227	9.143e2
3831.7361	1.017e3
3832.3225	2.784e3
3832.8052	1.270e3
3833.2690	2.195e3
3833.6130	1.029e3
3833.8611	5.345e2
3834.2678	2.096e3
3834.7974	1.645e3
3835.3083	7.866e3
3835.8286	1.262e3
3836.3005	1.470e4
3836.8264	1.178e3
3837.3040	1.757e4
3837.7646	5.843e2
3838.3108	1.408e4
3838.6602	1.278e3
3839.3076	8.778e3
3840.3042	3.721e3
3841.0181	2.522e3
3841.3252	3.474e3
3841.9346	1.621e3
3842.4070	3.498e3
3843.0906	4.409e3
3843.5647	8.202e2
3843.9937	8.946e2
3844.2375	1.516e3
3844.6858	5.829e2
3844.9219	8.871e2
3845.2622	4.590e2
3846.1509	1.394e3
3846.5581	1.785e3
3847.2566	2.475e3
3847.9343	1.239e3
3848.3557	5.015e3
3848.7317	3.522e3
3849.3120	6.822e3
3849.7771	2.782e3
3850.3193	1.107e4
3850.8816	1.806e3
3851.3210	1.074e4
3851.9124	1.283e3
3852.3213	8.429e3
3852.9241	1.386e3
3853.3281	5.723e3
3853.9087	1.374e3
3854.3184	4.445e3
3854.7375	8.909e2
3855.3162	2.871e3
3855.6743	1.734e3
3856.3850	1.906e3
3856.9177	1.009e3
3857.3242	1.118e3
3857.7412	6.031e2
3858.3293	1.974e3
3858.9226	2.087e3
3859.3318	2.897e3
3859.7046	3.511e3
3860.3201	1.849e3
3860.8455	1.722e3
3861.2793	1.549e3
3861.6729	9.609e2
3862.3701	4.425e3
3862.7888	2.304e3
3863.3098	5.592e3
3863.9377	1.120e3
3864.3127	6.161e3
3864.7869	5.103e2
3865.3059	6.337e3
3865.6931	4.405e2
3865.9187	8.156e2
3866.3113	4.741e3
3866.8633	3.590e2
3867.3208	3.580e3
3868.2854	3.229e3
3868.6128	2.806e3
3869.1487	2.893e3
3870.1218	2.975e3
3870.5330	2.165e3
3870.8635	8.666e2
3871.1440	1.757e3
3871.7834	1.818e3
3872.3660	1.927e3
3872.7705	9.015e2
3873.3235	2.238e3
3873.8291	1.433e3
3874.2878	1.644e3
3874.7700	1.044e3
3875.2849	1.740e3
3875.8186	5.377e2
3876.3369	2.708e3
3876.8418	1.356e3
3877.3738	5.048e3
3877.9353	1.505e3
3878.3740	6.993e3
3878.6611	8.774e2
3878.9175	1.169e3
3879.3396	5.235e3
3879.6948	7.609e2
3879.9617	5.475e2
3880.3635	4.081e3
3880.8284	1.747e3
3881.3430	4.231e3
3881.9509	1.861e3
3882.2268	2.800e3
3882.6611	3.213e2
3883.2341	2.595e3
3883.7915	1.952e3
3884.3755	2.999e3
3885.1267	7.067e2
3885.6482	2.214e3
3885.9939	5.087e2
3886.2852	1.691e3
3886.8455	2.678e3
3887.1157	1.772e3
3887.5161	9.591e2
3888.1343	2.923e3
3888.5156	1.401e3
3889.2200	2.442e3
3889.8220	1.234e3
3890.2964	2.660e3
3890.6609	3.293e2
3891.3323	3.202e3
3891.7605	3.202e2
3892.3496	4.749e3
3893.3013	2.341e3
3893.5610	5.060e2
3893.8213	7.184e2
3894.3469	3.314e3
3894.8655	1.264e3
3895.3208	2.738e3
3895.8435	1.396e3
3896.3823	1.467e3
3897.1748	3.597e3
3897.7380	1.522e3
3898.3020	2.811e3
3898.6411	2.250e3
3899.2388	1.413e3
3899.6016	2.230e3
3899.9636	1.242e3
3900.5933	2.563e2
3901.1462	2.356e3
3901.8328	1.204e3
3902.2908	2.032e3
3902.8315	1.249e3
3903.4387	3.119e3
3903.8604	7.228e2
3904.3215	2.730e3
3904.9280	2.036e3
3905.3665	4.722e3
3905.8167	1.122e3
3906.3521	4.836e3
3906.9580	1.289e3
3907.3621	5.066e3
3907.7686	5.955e2
3908.1272	6.157e3
3908.3630	3.873e3
3908.9087	1.948e3
3909.3406	2.695e3
3909.8447	7.263e2
3910.3401	3.135e3
3910.7219	8.727e2
3911.2878	3.447e3
3912.1941	1.264e3
3913.3684	2.314e3
3913.5615	1.256e3
3913.9321	1.385e3
3914.2217	2.125e3
3914.8442	4.370e2
3915.2917	2.273e3
3915.7397	9.632e2
3916.2627	3.831e3
3916.7520	1.284e3
3917.2654	5.432e3
3918.3191	9.681e3
3919.2859	7.148e3
3919.9351	8.026e2
3920.3420	3.726e3
3920.9426	7.943e2
3921.3362	4.291e3
3922.3428	7.608e3
3923.3257	4.064e3
3923.8271	1.698e3
3924.3333	2.550e3
3924.9338	1.236e3
3925.3052	2.742e3
3925.9250	2.121e3
3926.2305	2.086e3
3926.7285	8.448e2
3927.1086	2.431e3
3927.9519	8.659e2
3928.2974	1.182e3
3928.5264	1.812e3
3928.8711	6.798e2
3929.2378	2.139e3
3929.7317	1.000e3
3930.2480	1.761e3
3930.7568	9.226e2
3930.9924	5.253e2
3931.3130	2.366e3
3931.8462	1.516e3
3932.2881	3.774e3
3932.8271	2.134e3
3933.3230	3.227e3
3933.6125	1.406e3
3934.3303	5.690e3
3934.7180	1.790e3
3935.3223	3.805e3
3935.7456	1.214e3
3936.2983	2.942e3
3936.9011	1.488e3
3937.3259	3.069e3
3937.8538	9.885e2
3938.3938	5.250e3
3939.2966	1.998e3
3939.6375	9.482e2
3940.4548	5.541e3
3941.2302	1.848e3
3941.9075	2.368e3
3942.4014	1.933e3
3942.7739	2.150e3
3943.4158	2.002e3
3943.7627	7.115e2
3944.3037	1.682e3
3944.6157	1.256e3
3945.3647	1.779e3
3945.7922	6.194e2
3946.3591	4.726e3
3946.7610	1.083e3
3947.3469	3.253e3
3947.9141	2.344e3
3948.4089	7.104e3
3948.9067	1.215e3
3949.3933	9.765e3
3949.9675	1.471e3
3950.4004	1.060e4
3950.8132	1.164e3
3951.4028	7.899e3
3952.4021	6.185e3
3953.3660	6.919e3
3953.9880	7.894e2
3954.3848	3.764e3
3955.0840	6.176e2
3955.3245	1.272e3
3955.7488	8.189e2
3956.1865	2.812e3
3956.9351	6.731e2
3957.3284	1.757e3
3957.9163	6.685e2
3958.3711	2.837e3
3958.6323	3.706e3
3959.2373	2.938e3
3959.6248	1.545e3
3960.3872	4.433e3
3960.9138	8.423e2
3961.3508	3.319e3
3961.7109	1.090e3
3962.3784	4.107e3
3962.7261	5.859e2
3963.3970	5.655e3
3963.9482	1.017e3
3964.3962	7.589e3
3964.9761	1.046e3
3965.3999	4.667e3
3965.7896	1.269e3
3966.3992	5.086e3
3967.0510	1.829e3
3967.4009	3.623e3
3967.8887	2.384e3
3968.3855	4.198e3
3969.0918	1.629e3
3969.4128	3.044e3
3969.9307	2.883e3
3970.3174	2.808e3
3970.8469	8.991e2
3971.3105	2.422e3
3972.2854	2.739e3
3972.8352	7.035e2
3973.3948	3.810e3
3973.8274	1.057e3
3974.3491	4.935e3
3974.9106	1.421e3
3975.3777	4.219e3
3976.3477	5.439e3
3976.6602	6.260e2
3976.9346	1.175e3
3977.3840	5.089e3
3977.9937	1.390e3
3978.3950	7.053e3
3978.9888	1.260e3
3979.3999	6.794e3
3979.8389	9.816e2
3980.3960	4.685e3
3980.9844	8.751e2
3981.3884	7.286e3
3982.0823	2.373e3
3982.3198	3.350e3
3982.9529	1.207e3
3983.3335	2.367e3
3983.6743	2.883e3
3984.3511	2.099e3
3984.8750	1.123e3
3985.4299	4.969e3
3986.3096	2.966e3
3986.7253	1.111e3
3987.3391	2.646e3
3987.6802	4.169e2
3988.3730	7.697e3
3988.7610	1.172e3
3989.3633	8.021e3
3989.9163	1.875e3
3990.3994	8.282e3
3990.9697	1.114e3
3991.4009	2.670e4
3991.8264	1.905e3
3992.4058	4.591e4
3992.9180	1.427e3
3993.4036	4.982e4
3993.8572	2.212e3
3994.4060	3.952e4
3994.8821	2.083e3
3995.4106	2.433e4
3995.9219	2.471e3
3996.4087	1.456e4
3997.0144	1.151e3
3997.4067	7.366e3
3997.9988	8.284e2
3998.4041	4.068e3
3998.9307	1.438e3
3999.3303	2.838e3
3999.7883	1.121e3
4000.3225	2.324e3
4000.6619	1.955e3
4001.3530	3.459e3
4001.8984	1.098e3
4002.3701	4.432e3
4002.6633	1.736e3
4003.3926	6.812e3
4003.8748	3.271e3
4004.3809	6.757e3
4004.8201	2.605e3
4005.4194	1.841e5
4005.8635	2.773e3
4006.4233	3.682e5
4006.8633	4.033e3
4007.4272	4.041e5
4007.9226	4.330e3
4008.4297	3.272e5
4008.9187	5.405e3
4009.4297	1.940e5
4009.9199	3.143e3
4010.4309	9.887e4
4010.9316	2.529e3
4011.4319	4.379e4
4012.0051	2.588e3
4012.4268	1.744e4
4012.9519	2.012e3
4013.4219	9.595e3
4013.9194	2.290e3
4014.4094	5.860e3
4014.7629	1.879e3
4015.3835	3.437e3
4015.7141	1.193e3
4016.3315	6.423e3
4017.3982	5.621e3
4018.3948	6.520e3
4018.9287	2.202e3
4019.4150	9.741e3
4019.9309	1.935e3
4020.4309	1.403e4
4020.9495	1.307e3
4021.4380	1.664e4
4021.8625	9.423e2
4022.4253	1.392e4
4022.8184	1.607e3
4023.4248	1.099e4
4024.0730	1.215e3
4024.4131	6.513e3
4024.8472	1.094e3
4025.4189	3.720e3
4025.7847	4.947e2
4026.4084	4.647e3
4026.9109	1.166e3
4027.4216	4.206e3
4028.3943	5.438e3
4029.3884	4.642e3
4029.9939	1.994e3
4030.3845	7.570e3
4030.7188	3.112e3
4031.3748	6.063e3
4031.9165	1.338e3
4032.3740	4.587e3
4033.0427	1.711e3
4033.4038	7.656e3
4033.7603	6.747e2
4034.0496	9.017e2
4034.4160	1.229e4
4034.9629	9.725e2
4035.4175	1.182e4
4035.9111	1.981e3
4036.4063	1.059e4
4037.4126	8.665e3
4038.0725	1.685e3
4038.4121	6.253e3
4039.4214	4.916e3
4040.0115	1.460e3
4040.3972	1.953e3
4040.8738	1.718e3
4041.3586	3.556e3
4041.9487	1.249e3
4042.4048	5.040e3
4042.8550	1.396e3
4043.3857	7.976e3
4043.8735	1.782e3
4044.3811	1.136e4
4044.9243	1.669e3
4045.3821	1.202e4
4045.9250	9.666e2
4046.3875	1.010e4
4046.7163	2.173e3
4047.3840	8.364e3
4047.6602	6.465e2
4047.9729	9.458e2
4048.4111	1.024e4
4048.9258	1.388e3
4049.4089	9.795e3
4049.9617	4.392e2
4050.4116	7.832e3
4051.3838	8.730e3
4051.8691	1.842e3
4052.4121	4.842e3
4052.7690	3.727e2
4053.3826	4.186e3
4053.9597	7.900e2
4054.3970	3.489e3
4054.9102	1.376e3
4055.3508	2.288e3
4055.7153	1.080e3
4056.3186	2.287e3
4056.7422	8.481e2
4057.3325	3.686e3
4057.8716	2.162e3
4058.3523	6.553e3
4058.8135	1.848e3
4059.3662	8.404e3
4059.8586	1.260e3
4060.3599	1.075e4
4060.6606	1.191e3
4060.9858	6.388e2
4061.3706	1.116e4
4061.6646	1.689e3
4062.3970	1.399e4
4062.9104	1.257e3
4063.4336	1.735e4
4064.4275	1.406e4
4065.4250	1.291e4
4065.9387	1.611e3
4066.4482	9.863e3
4067.4072	5.691e3
4068.3958	7.672e3
4068.9448	2.587e3
4069.3831	4.941e3
4070.4299	4.862e3
4070.8228	1.278e3
4071.3911	3.876e3
4071.7854	1.020e3
4072.3450	5.649e3
4072.8943	1.831e3
4073.4026	4.920e3
4074.0344	8.744e2
4074.3950	4.100e3
4074.9192	9.868e2
4075.4272	5.033e3
4075.9670	1.836e3
4076.4395	6.802e3
4077.4324	9.107e3
4077.8450	1.263e3
4078.4285	1.304e4
4079.4324	1.552e4
4079.9363	1.774e3
4080.4114	9.682e3
4080.9529	9.904e2
4081.4033	6.629e3
4081.8235	8.765e2
4082.3850	5.104e3
4082.9622	6.771e2
4083.3767	4.055e3
4083.8162	2.203e3
4084.3569	4.432e3
4084.9722	1.326e3
4085.3672	3.785e3
4086.3640	6.310e3
4086.9441	1.341e3
4087.3926	4.581e3
4087.8635	1.164e3
4088.4116	6.421e3
4089.4106	7.073e3
4089.9036	1.365e3
4090.4319	9.622e3
4090.9277	1.091e3
4091.4275	7.604e3
4091.8167	1.486e3
4092.4304	7.803e3
4093.4231	8.792e3
4093.9260	2.141e3
4094.4478	6.026e3
4095.3936	4.625e3
4095.9253	1.710e3
4096.3936	4.212e3
4096.7632	1.289e3
4097.3682	6.043e3
4097.9209	1.028e3
4098.3442	4.444e3
4098.7388	9.104e2
4099.3423	3.819e3
4100.2969	3.905e3
4100.8281	7.400e2
4101.4009	6.914e3
4101.9673	1.349e3
4102.4082	1.071e4
4102.8950	2.082e3
4103.4043	2.367e4
4103.8604	1.251e3
4104.4019	3.493e4
4104.9229	8.633e2
4105.4033	3.650e4
4105.9360	9.528e2
4106.4067	2.876e4
4106.9185	1.140e3
4107.4067	2.118e4
4107.9248	1.444e3
4108.4019	1.233e4
4108.8970	1.348e3
4109.4067	5.964e3
4109.9844	6.990e2
4110.3970	4.236e3
4111.0142	2.461e3
4111.4043	3.155e3
4111.7378	2.096e3
4112.4312	3.467e3
4112.9136	1.543e3
4113.3818	3.135e3
4113.8989	1.709e3
4114.4063	4.099e3
4114.9395	8.571e2
4115.3857	3.176e3
4115.9629	1.167e3
4116.3926	2.483e3
4116.7891	3.461e2
4117.4185	3.878e3
4117.7769	5.950e2
4118.3950	5.764e3
4118.9512	8.529e2
4119.4077	4.745e3
4120.4272	4.950e3
4121.3965	5.860e3
4122.0483	1.043e3
4122.4155	3.707e3
4122.8618	5.304e2
4123.3608	4.750e3
4123.9878	1.251e3
4124.3994	2.271e3
4125.3774	3.841e3
4125.9434	1.195e3
4126.3936	4.479e3
4126.9331	7.672e2
4127.3647	4.660e3
4127.7935	1.503e3
4128.3735	6.581e3
4128.9233	2.665e3
4129.3701	7.087e3
4129.9707	1.009e3
4130.3896	4.728e3
4130.9790	6.393e2
4131.3857	4.191e3
4131.9849	1.217e3
4132.3745	4.326e3
4132.8608	3.399e2
4133.4170	5.330e3
4134.3989	4.248e3
4134.9517	1.051e3
4135.4033	3.961e3
4135.9312	9.287e2
4136.4551	3.119e3
4137.3779	3.998e3
4138.0439	2.010e3
4138.4102	3.876e3
4138.7212	3.326e3
4139.4297	3.506e3
4140.3345	3.316e3
4140.7622	8.494e2
4141.3560	5.078e3
4141.9375	1.167e3
4142.3628	9.551e3
4142.8613	7.186e2
4143.3618	8.863e3
4143.8315	1.999e3
4144.3525	8.686e3
4144.9590	1.322e3
4145.3721	7.043e3
4145.9141	7.499e2
4146.3804	5.958e3
4147.4014	6.212e3
4147.8345	1.346e3
4148.4058	6.499e3
4148.7603	1.804e3
4149.3828	4.608e3
4150.3262	5.854e3
4150.9204	1.891e3
4151.4409	4.606e3
4152.3765	3.189e3
4152.6714	5.361e2
4152.9902	1.282e3
4153.3247	4.665e3
4154.4053	2.924e3
4154.8633	3.144e2
4155.3394	2.868e3
4155.9912	1.331e3
4156.3218	5.154e3
4156.8193	1.685e3
4157.3413	7.363e3
4158.3535	9.689e3
4158.6606	3.260e3
4159.3584	1.030e4
4159.9185	1.245e3
4160.3843	9.505e3
4160.9883	7.762e2
4161.4136	6.641e3
4161.9639	1.401e3
4162.4199	7.024e3
4162.9546	1.304e3
4163.4360	5.552e3
4163.8828	1.134e3
4164.4028	3.367e3
4165.3374	3.500e3
4165.7964	1.917e3
4166.3872	4.145e3
4167.4126	2.629e3
4168.3081	4.047e3
4168.6177	2.271e3
4169.3306	2.795e3
4169.6611	1.001e3
4170.3706	4.761e3
4170.9380	8.132e2
4171.4141	6.492e3
4171.8857	1.458e3
4172.4253	1.063e4
4172.9517	1.476e3
4173.4341	1.222e4
4173.9126	2.025e3
4174.4375	1.246e4
4175.0107	1.939e3
4175.4482	8.675e3
4175.7627	3.823e2
4176.4189	5.917e3
4176.9761	1.480e3
4177.4067	5.356e3
4178.4834	9.503e3
4179.4204	4.439e3
4179.9312	9.676e2
4180.3579	3.824e3
4181.3062	4.329e3
4182.2954	4.440e3
4182.9995	1.147e3
4183.3457	3.305e3
4183.7686	1.853e3
4184.3179	4.238e3
4185.3350	3.433e3
4186.3232	3.854e3
4186.7607	4.032e2
4187.4155	4.297e3
4188.0869	1.034e3
4188.4355	3.612e3
4189.3066	3.449e3
4189.6870	4.166e2
4190.2427	5.554e3
4191.3638	3.337e3
4191.8530	1.638e3
4192.3047	2.636e3
4192.5601	1.223e3
4193.2930	5.037e3
4194.2969	4.175e3
4195.2734	3.086e3
4195.7744	6.452e2
4196.3423	3.804e3
4196.9375	1.144e3
4197.2827	2.650e3
4198.3794	5.659e3
4198.9941	1.443e3
4199.3311	2.610e3
4199.7197	3.155e3
4200.4033	2.934e3
4200.8169	1.057e3
4201.3667	5.126e3
4201.9404	1.604e3
4202.3882	6.843e3
4202.8682	1.032e3
4203.3730	5.027e3
4203.9272	1.243e3
4204.3906	4.883e3
4204.8994	1.352e3
4205.3706	3.844e3
4205.9341	1.352e3
4206.3931	3.884e3
4207.3140	2.286e3
4207.6133	1.285e3
4208.1699	9.917e2
4208.5425	1.977e3
4209.2471	2.095e3
4209.7988	2.934e2
4210.2446	2.473e3
4210.5371	2.278e3
4211.2446	4.226e3
4211.8301	1.999e3
4212.3291	2.566e3
4212.6616	9.136e2
4213.3262	3.709e3
4214.3652	3.517e3
4214.6611	1.108e3
4215.3145	3.261e3
4215.9624	5.596e2
4216.4043	4.430e3
4217.3745	1.979e3
4218.3701	3.678e3
4218.8667	1.079e3
4219.2339	2.595e3
4219.5605	1.568e3
4220.2734	1.130e3
4220.5615	4.684e2
4220.8608	2.102e2
4221.2617	9.981e2
4222.1475	3.226e3
4222.4399	2.544e3
4222.8530	1.441e3
4223.2158	2.059e3
4223.6753	3.550e3
4224.3174	3.621e3
4224.8667	3.510e2
4225.3374	2.963e3
4225.7295	3.591e2
4226.3179	4.034e3
4227.3721	5.023e3
4228.3320	6.703e3
4228.9180	1.131e3
4229.3940	3.533e3
4229.9502	7.487e2
4230.4253	5.268e3
4231.3799	3.417e3
4231.9668	1.188e3
4232.4229	3.096e3
4233.3911	4.759e3
4233.9927	1.124e3
4234.4160	4.190e3
4235.4033	2.293e3
4235.9390	5.152e2
4236.3696	1.643e3
4237.0464	1.455e3
4237.4946	2.298e3
4237.8906	1.629e3
4238.4419	8.042e3
4239.2979	3.607e3
4240.3062	6.351e3
4241.3301	4.491e3
4241.6641	4.314e2
4242.3052	4.677e3
4243.3262	2.756e3
4243.7202	1.596e3
4244.3765	2.868e3
4244.7607	5.055e2
4245.4009	2.117e3
4246.3755	3.208e3
4246.7192	7.186e2
4247.3877	4.236e3
4248.3345	5.272e3
4248.7612	9.719e2
4249.0176	1.463e3
4249.4189	2.930e3
4250.3379	3.809e3
4250.9233	1.728e3
4251.3960	2.483e3
4251.8770	6.781e2
4252.2822	1.974e3
4252.9097	1.339e3
4253.3159	2.384e3
4253.8608	3.447e2
4254.3286	4.112e3
4255.2744	4.818e3
4255.5630	1.782e3
4256.2974	3.303e3
4256.5605	9.310e2
4257.3257	4.014e3
4258.3188	6.686e3
4258.8848	8.833e2
4259.5483	6.254e3
4260.4185	2.839e3
4260.8887	1.562e3
4261.4106	3.377e3
4261.7612	7.724e2
4262.4819	3.969e3
4263.2734	2.184e3
4263.7539	1.337e3
4264.2886	3.271e3
4264.7607	7.314e2
4265.2505	1.768e3
4265.7803	5.697e2
4266.2935	3.094e3
4266.9766	7.871e2
4267.3438	1.952e3
4267.8384	7.616e2
4268.3311	3.149e3
4268.8101	1.002e3
4269.3438	1.904e3
4269.7861	1.177e3
4270.4565	3.103e3
4270.8428	1.202e3
4271.4146	5.368e3
4271.8633	8.499e2
4272.3677	3.023e3
4272.7871	7.618e2
4273.0371	1.374e3
4273.4053	2.870e3
4273.9727	6.892e2
4274.4204	2.440e3
4275.3872	2.515e3
4276.1670	2.390e3
4277.2144	3.029e3
4277.8164	4.037e2
4278.2407	2.088e3
4278.4604	1.295e3
4278.7607	7.051e2
4279.2773	4.187e3
4279.7173	8.791e2
4280.2637	1.744e3
4280.5605	6.286e2
4281.2729	2.269e3
4282.3027	3.823e3
4282.9331	4.735e3
4283.3608	1.990e3
4284.2773	2.077e3
4284.8379	4.537e2
4285.2935	2.099e3
4285.8418	4.801e2
4286.3447	1.804e3
4287.2236	1.056e3
4287.6675	3.632e2
4288.1870	1.957e3
4288.5176	2.902e3
4288.9639	1.242e3
4289.3193	2.452e3
4290.3892	2.684e3
4291.3989	1.863e3
4292.3135	3.354e3
4293.2310	2.383e3
4293.7622	2.030e3
4294.2622	3.610e3
4294.7412	1.951e3
4295.1973	4.519e3
4295.8613	8.506e2
4296.2632	2.515e3
4296.5601	5.653e2
4297.2690	1.978e3
4297.8057	6.660e2
4298.2524	1.027e3
4298.5190	1.317e3
4299.2729	2.265e3
4299.6411	8.431e2
4299.8608	4.671e2
4300.3955	3.934e3
4301.3408	2.833e3
4302.4009	3.315e3
4303.2690	4.529e3
4303.8472	9.652e2
4304.2114	2.328e3
4305.1270	1.148e3
4305.4502	9.746e2
4306.1899	1.758e3
4306.5127	2.926e3
4307.2236	1.246e3
4307.5645	5.836e2
4308.2744	1.188e3
4308.4609	7.083e2
4308.8130	4.223e2
4309.3438	2.418e3
4309.9390	2.579e3
4310.4277	3.813e3
4310.7612	1.502e3
4311.3423	2.197e3
4312.2827	5.169e3
4313.2529	2.276e3
4313.8350	7.408e2
4314.3013	2.181e3
4314.6289	1.143e3
4315.2378	8.856e2
4315.9468	2.545e3
4316.3232	1.499e3
4316.9604	9.520e2
4317.3052	1.874e3
4317.6660	4.255e2
4318.1284	2.589e3
4318.5352	2.563e3
4319.1934	1.832e3
4319.7578	1.038e3
4320.3130	1.890e3
4321.0903	2.576e3
4321.4648	1.827e3
4321.8677	1.204e3
4322.2417	1.939e3
4322.6270	1.629e3
4322.8613	6.636e2
4323.2734	1.902e3
4324.2573	3.742e3
4324.8867	7.859e2
4325.3804	2.393e3
4326.2510	3.707e3
4327.2847	3.386e3
4327.6631	8.199e2
4328.1382	1.498e3
4328.5190	2.301e3
4328.9487	8.512e2
4329.2974	1.698e3
4329.7646	5.881e2
4330.2593	1.737e3
4330.5630	7.799e2
4331.2803	2.768e3
4331.8896	7.511e2
4332.3765	1.718e3
4333.0674	2.744e3
4333.9419	2.890e3
4334.3262	1.349e3
4335.0679	2.331e3
4335.5518	5.780e2
4336.0503	8.440e2
4336.2603	4.138e2
4336.7031	1.386e3
4337.2905	1.527e3
4338.3394	6.436e3
4339.2559	2.829e3
4339.6626	7.941e2
4340.2939	3.244e3
4341.2817	1.512e3
4341.5630	6.857e2
4342.1152	1.663e3
4342.6240	5.340e2
4343.0459	9.281e2
4343.5596	2.647e3
4344.2153	2.080e3
4345.1992	2.935e3
4345.8828	2.093e3
4346.3423	2.224e3
4346.8335	7.822e2
4347.2490	1.181e3
4347.6738	1.760e3
4348.1567	1.804e3
4348.6108	1.724e3
4349.2983	1.959e3
4349.6182	1.076e3
4350.1924	1.868e3
4350.7827	1.233e3
4351.2817	1.288e3
4351.8320	8.246e2
4352.3550	1.521e3
4352.6646	2.496e2
4353.2231	1.340e3
4354.3696	4.357e3
4354.7178	1.322e3
4355.2876	2.363e3
4355.8389	7.259e2
4356.2202	1.453e3
4356.5625	6.147e2
4357.1860	2.242e3
4357.9341	2.747e3
4358.4146	3.217e3
4358.8198	2.739e3
4359.3311	2.365e3
4360.0615	3.082e3
4360.5625	6.728e2
4360.8638	5.785e2
4361.4082	1.636e3
4361.9961	8.850e2
4362.2183	1.018e3
4362.6362	1.628e3
4363.1929	1.470e3
4363.6152	1.151e3
4364.3286	1.839e3
4365.3013	1.856e3
4366.2739	2.809e3
4366.5601	6.343e2
4366.8154	9.774e2
4367.2046	1.660e3
4367.7847	3.035e3
4368.2188	1.784e3
4368.7695	1.875e3
4369.1807	7.230e2
4369.4341	1.088e3
4369.9575	1.463e3
4370.2749	1.454e3
4370.6304	1.292e3
4371.1294	1.394e3
4371.7524	8.053e2
4372.2085	2.178e3
4372.6216	1.008e3
4373.3047	1.827e3
4373.8208	6.968e2
4374.2729	1.992e3
4374.8198	5.389e2
4375.2192	1.575e3
4375.5630	3.050e2
4376.2847	1.014e3
4376.6382	6.780e2
4377.1855	1.025e3
4377.9111	1.725e3
4378.2871	2.101e3
4378.8345	1.822e3
4379.1646	4.752e2
4379.4917	2.270e3
4380.1035	1.360e3
4380.4619	5.133e2
4380.7832	1.080e3
4381.2446	1.706e3
4381.6895	1.501e3
4382.2788	2.175e3
4382.5605	1.080e3
4383.2554	1.946e3
4384.3169	2.607e3
4384.9648	3.270e2
4385.8989	1.860e2
4386.2090	9.648e2
4387.1128	1.216e3
4387.7490	6.682e2
4388.1606	7.215e2
4388.4883	1.284e3
4389.1812	6.974e2
4389.6572	5.008e2
4390.0586	1.091e3
4390.5396	3.739e3
4391.1895	2.249e3
4391.6011	1.885e3
4392.3003	1.886e3
4392.7886	5.392e2
4393.2095	1.750e3
4393.5620	4.457e2
4394.3418	2.573e3
4395.1045	1.197e3
4395.8618	1.367e3
4396.4170	6.174e2
4397.2173	1.990e3
4398.0425	1.140e3
4398.5864	2.370e3
4398.9707	5.490e2
4399.2197	1.312e3
4399.7852	1.630e3
4400.2856	1.137e3
4401.0957	1.871e3
4401.6807	1.767e3
4402.1772	2.902e3
4402.6279	9.058e2
4403.3076	2.246e3
4403.8403	6.373e2
4404.2163	1.209e3
4405.1372	6.657e2
4405.6953	6.402e2
4406.1152	3.807e2
4407.0156	9.413e2
4407.4248	4.088e2
4408.2603	2.245e3
4408.6270	1.065e3
4409.1553	2.064e3
4409.9272	6.060e2
4410.3130	9.790e2
4410.8081	5.232e2
4411.2612	1.084e2
4411.8906	1.190e3
4412.2095	7.535e2
4412.6216	3.380e2
4413.3208	1.071e3
4413.7896	8.608e2
4414.2817	1.590e3
4414.7319	1.109e3
4415.3018	9.623e2
4415.6763	6.078e2
4416.8296	3.439e2
4417.2065	1.126e3
4417.4634	4.085e2
4417.8599	2.105e2
4418.3296	2.496e3
4418.9824	3.938e2
4419.4995	3.056e3
4419.9648	5.745e2
4420.4507	3.019e3
4421.1035	1.546e3
4421.4321	1.261e3
4421.7603	2.882e2
4422.2188	1.671e3
4422.6006	2.094e3
4423.1431	1.380e3
4423.7407	3.024e2
4424.2813	8.814e2
4424.7471	3.938e2
4425.2515	7.197e2
4425.5630	4.236e2
4426.2231	1.194e3
4426.7627	5.327e2
4427.0229	1.108e3
4427.8477	9.997e2
4428.3823	2.414e3
4428.7935	1.588e3
4429.3491	1.170e3
4429.5610	5.890e2
4429.8730	9.188e2
4430.2456	1.694e3
4430.4614	1.032e3
4430.9849	3.123e3
4431.5181	3.139e3
4432.0396	1.176e3
4432.4189	1.114e3
4432.6616	6.039e2
4433.1904	3.717e2
4433.7056	5.127e2
4433.9761	2.200e2
4434.2964	5.917e2
4434.5811	3.562e2
4434.8359	5.640e2
4435.2173	6.692e2
4435.5605	2.287e2
4436.1509	2.190e3
4437.1372	3.147e3
4438.2798	2.692e3
4438.6602	7.772e2
4439.3745	1.833e3
4440.2065	8.089e2
4440.8013	1.262e3
4441.2222	5.548e2
4441.9390	9.251e2
4442.4624	8.884e2
4443.0200	5.370e3
4443.7222	1.343e3
4444.2114	1.115e3
4444.8320	5.951e2
4445.1948	6.909e2
4445.6401	7.805e2
4446.0508	6.831e2
4446.4185	1.109e3
4446.8291	8.768e2
4447.1304	7.065e2
4447.5059	9.012e2
4448.3032	8.486e2
4449.0688	7.035e2
4449.6489	1.099e3
4450.2622	1.299e3
4450.8633	7.486e2
4451.0610	5.125e2
4451.6230	1.642e2
4452.0908	3.800e2
4452.7227	1.578e3
4453.1421	1.901e3
4453.8042	4.027e3
4454.3389	2.635e3
4454.9937	2.216e3
4456.0205	7.403e2
4456.2612	3.212e2
4456.8081	6.072e2
4457.2026	1.489e3
4457.7515	8.398e2
4457.9609	4.041e2
4458.2969	1.291e3
4458.8193	1.613e3
4459.2212	1.080e3
4459.8760	2.148e2
4460.2710	2.722e2
4460.4609	2.783e2
4461.0352	4.345e2
4461.6904	7.943e2
4462.2129	7.570e2
4462.5928	1.382e3
4462.9092	3.606e2
4463.2666	3.115e2
4463.5151	3.510e2
4464.1987	2.165e3
4464.6606	3.921e2
4464.9961	1.360e3
4465.6479	1.116e2
4466.1597	7.816e2
4466.4292	9.929e2
4467.0889	1.864e3
4467.7739	8.726e2
4468.0933	1.027e3
4468.3862	1.804e3
4468.8271	6.219e2
4469.3169	1.142e3
4470.0938	5.013e2
4470.5415	9.520e2
4470.7666	4.502e2
4471.1733	1.303e3
4471.4883	1.675e3
4471.9233	1.351e3
4472.1616	7.659e2
4472.5635	1.158e2
4473.0244	1.431e3
4473.3613	5.129e2
4474.4888	3.326e3
4474.9160	1.390e3
4475.6240	6.703e2
4476.1982	5.850e2
4476.9878	4.338e2
4477.4165	5.096e2
4478.0654	2.580e3
4478.7949	2.484e3
4479.1230	1.636e3
4479.7246	4.338e2
4480.3643	2.792e3
4481.0391	1.204e3
4481.6948	2.439e3
4482.1206	9.073e2
4482.6597	1.341e3
4483.2349	9.024e2
4484.1460	7.718e2
4484.9463	1.019e3
4485.4312	9.189e2
4486.1470	3.276e3
4486.7036	7.126e2
4487.0269	8.821e2
4487.7310	2.082e2
4488.2070	2.099e3
4488.8477	9.733e2
4489.2788	2.895e3
4489.8594	2.130e3
4490.6655	1.849e3
4491.2739	1.254e3
4492.0400	9.911e2
4492.3560	7.259e2
4492.7427	1.211e3
4493.1724	1.290e3
4493.4727	2.371e2
4493.7549	5.247e2
4494.4263	1.114e3
4494.8506	3.724e2
4495.2173	6.514e2
4495.7881	2.451e-1
4496.1118	4.063e2
4496.4160	2.028e2
4497.1665	3.645e2
4497.7344	1.056e3
4498.2793	3.020e3
4498.7847	1.840e3
4499.4692	1.902e3
