3500.1902	3.484e2
3500.8213	2.994e2
3501.2351	3.652e2
3501.8728	2.258e3
3502.3245	8.494e2
3502.7783	2.041e3
3503.4490	1.787e3
3503.9451	2.307e2
3504.1636	2.015e2
3504.7158	2.105e2
3505.1968	3.744e2
3505.6326	1.027e3
3506.0193	1.393e3
3506.5518	6.354e2
3506.8816	1.063e3
3507.8054	6.061e2
3508.2646	5.809e2
3508.7412	2.187e3
3509.0476	1.500e3
3509.6243	1.347e3
3510.2534	1.828e3
3510.8784	4.453e3
3511.4138	6.827e2
3511.8745	7.506e2
3512.4336	1.734e3
3513.1880	2.473e3
3513.7908	5.195e2
3514.0603	8.168e1
3514.4612	5.054e2
3514.8164	8.226e2
3515.2444	8.977e2
3515.6208	6.201e2
3516.0232	2.542e2
3516.5454	3.497e1
3517.0974	2.476e2
3517.5088	5.859e2
3517.9170	6.923e2
3518.3784	1.834e3
3518.8379	8.432e2
3519.2390	7.527e2
3519.7322	9.697e2
3520.1326	7.203e2
3520.5054	2.473e3
3521.1218	1.573e3
3521.4827	1.386e3
3522.1843	1.966e3
3522.6401	7.166e2
3523.0952	1.328e3
3523.6187	1.102e3
3524.0752	1.801e3
3524.8062	4.798e2
3525.1975	7.011e2
3525.7305	4.819e2
3526.3098	1.902e3
3526.8926	2.227e3
3527.3618	1.612e2
3527.6868	4.257e2
3528.3882	1.694e3
3528.7153	8.621e2
3529.2605	2.019e3
3529.7197	1.735e3
3530.1655	2.994e3
3530.5681	1.254e3
3531.0029	1.713e3
3531.3606	3.166e2
3532.1814	9.127e2
3532.7312	5.285e2
3533.0190	4.435e2
3533.5002	4.557e2
3533.9358	5.360e2
3534.4355	1.493e3
3535.0969	8.295e2
3535.3823	1.828e3
3535.7678	4.686e2
3536.1409	9.250e2
3536.9736	1.443e3
3537.7092	1.093e3
3538.7368	3.988e3
3539.1279	1.805e3
3539.7073	9.208e2
3540.3289	1.751e3
3540.7783	2.140e2
3541.0386	5.108e2
3541.5510	2.344e2
3541.9666	5.538e2
3542.2859	7.903e1
3542.5879	6.924e2
3542.8401	1.552e3
3543.3550	3.877e2
3543.7671	1.104e3
3544.2512	1.738e3
3545.2253	6.465e2
3546.0381	3.927e2
3546.2788	2.535e2
3546.7705	3.913e2
3547.0581	3.384e2
3547.4312	7.745e2
3547.8623	1.588e3
3548.3164	4.374e2
3548.8833	2.748e3
3549.1633	1.115e3
3549.6877	5.457e2
3550.2554	8.915e2
3551.0947	1.952e3
3551.8826	5.325e2
3552.2712	2.836e2
3552.6580	6.542e2
3552.9592	5.675e2
3553.4822	1.321e3
3553.8105	1.876e3
3554.1252	1.390e3
3555.0322	6.440e2
3555.5461	4.398e2
3556.2290	9.787e2
3556.8228	5.174e2
3557.5254	1.305e1
3558.1885	6.215e2
3558.5432	3.024e3
3558.9893	1.308e3
3559.5051	6.642e2
3559.8252	6.563e2
3560.3640	3.774e1
3560.9287	7.823e2
3561.2937	1.354e3
3561.6697	5.799e2
3562.2043	2.524e3
3562.7468	1.818e3
3563.0715	2.928e2
3563.4976	1.162e3
3564.0076	2.720e3
3564.3225	7.019e2
3564.8081	1.273e3
3565.2427	6.973e2
3565.7495	2.608e2
3565.9624	1.906e2
3566.4963	1.994e2
3566.8948	1.493e3
3567.7915	1.320e3
3568.2793	1.166e3
3568.5229	1.132e3
3568.9797	3.432e3
3569.4143	7.054e2
3569.8982	4.533e1
3570.3328	1.047e3
3570.7798	7.687e2
3571.2244	1.014e3
3571.8889	3.857e3
3572.9692	4.921e1
3573.3201	1.712e2
3573.8198	5.379e2
3574.2415	4.455e2
3574.6973	1.445e3
3575.1165	1.006e3
3575.7444	1.061e3
3576.3789	1.654e3
3576.8789	8.933e2
3577.1621	2.832e2
3577.6873	1.672e2
3578.1108	1.218e3
3578.7324	6.999e2
3579.2744	4.734e2
3579.6995	5.703e2
3580.3618	2.927e3
3580.8391	1.230e3
3581.1748	1.833e3
3581.8997	1.281e3
3582.3140	1.706e3
3582.7178	7.816e2
3583.3149	1.804e3
3583.6150	9.806e2
3584.0686	1.558e3
3584.7246	8.935e2
3585.1631	4.950e2
3585.7219	3.281e2
3586.2119	1.237e3
3586.9092	1.481e3
3587.3567	4.195e2
3588.2415	7.707e2
3588.5288	8.783e2
3589.0012	1.467e3
3589.3726	2.333e2
3589.7512	1.320e3
3590.1235	1.755e3
3590.4292	1.625e3
3591.0325	6.770e2
3591.4502	9.430e2
3591.7634	3.144e2
3592.2063	9.210e2
3592.7070	4.787e2
3593.1799	1.336e3
3593.6118	6.941e2
3594.0674	4.658e2
3594.5105	1.020e3
3595.0938	2.348e2
3595.5142	8.209e2
3596.0103	1.744e3
3596.3616	4.147e2
3596.8662	7.817e2
3597.8254	4.108e2
3598.2715	1.176e3
3598.6641	3.099e3
3599.1504	2.761e3
3599.8755	1.311e3
3600.5176	9.032e2
3600.8972	8.649e2
3601.2297	4.091e2
3601.7715	1.030e3
3602.1875	8.161e2
3602.5618	2.657e2
3602.9424	4.827e2
3603.4629	1.247e3
3604.0271	8.075e2
3604.3589	8.488e2
3604.8623	9.811e1
3605.2666	1.638e-1
3605.8481	4.179e2
3606.3870	7.523e0
3607.2773	1.536e3
3608.0186	9.590e2
3608.2607	3.152e2
3608.8694	3.324e1
3609.7175	1.727e3
3610.2344	1.336e3
3610.6260	2.122e3
3611.0200	1.043e3
3611.3608	3.166e2
3611.7231	4.676e2
3612.2393	3.997e2
3612.8723	9.135e2
3613.2874	4.779e2
3613.8071	1.116e3
3614.1267	1.730e3
3614.6536	4.692e2
3615.3894	6.453e2
3615.7625	5.105e1
3616.2600	9.833e2
3616.6750	1.592e3
3617.3018	1.376e3
3617.5625	7.451e2
3618.2749	2.269e3
3618.7061	1.331e3
3619.1023	9.508e2
3619.9861	1.686e3
3620.4419	6.475e2
3621.0725	6.643e2
3621.5291	1.741e3
3622.2100	6.821e2
3622.6458	9.541e2
3623.1865	1.924e3
3623.5620	6.623e2
3624.1917	1.638e3
3624.6306	8.754e2
3625.3201	2.304e3
3625.8772	2.308e2
3626.2708	1.100e3
3626.8572	1.241e3
3627.1179	1.184e3
3627.6697	5.200e2
3628.1177	1.829e3
3628.6399	1.115e3
3629.0674	1.790e3
3629.9104	8.239e2
3630.6746	1.665e3
3631.1199	1.257e3
3631.6470	1.538e3
3631.8606	8.945e2
3632.5300	1.928e2
3632.9282	7.421e2
3633.4041	1.442e3
3634.2581	2.081e3
3635.0786	2.096e3
3635.4656	5.721e2
3635.7917	2.413e2
3636.1987	1.265e3
3636.7932	3.641e2
3637.1648	1.306e3
3637.7112	7.413e2
3638.1951	2.452e3
3638.6882	6.014e2
3639.0911	2.324e3
3639.4167	1.167e3
3640.2368	9.967e2
3640.7305	6.565e2
3641.0852	7.042e2
3641.8115	8.162e2
3642.6814	6.237e1
3643.5574	9.000e2
3643.9248	1.169e3
3644.6663	6.016e0
3645.0684	6.913e1
3645.4158	2.375e2
3646.1511	8.924e2
3646.4297	8.836e2
3646.9133	5.404e2
3647.1611	1.906e2
3647.8132	9.243e2
3648.3926	1.747e3
3648.8857	8.374e2
3649.3206	9.736e2
3649.6301	6.100e2
3650.2527	1.120e3
3650.7795	8.336e1
3651.1726	3.915e2
3651.4617	9.664e1
3651.7273	1.936e2
3652.2366	9.016e2
3652.6963	1.817e3
3653.1563	1.744e3
3653.7800	2.027e2
3654.3840	2.006e3
3655.1421	1.250e3
3655.5935	1.513e2
3656.0330	1.606e3
3657.2222	1.005e3
3657.6709	4.625e2
3658.3213	2.341e3
3659.1941	2.766e3
3659.8928	9.919e2
3660.2180	5.345e2
3660.8496	2.625e2
3661.2986	6.344e2
3661.6516	6.513e2
3662.1670	2.263e3
3662.7021	1.156e3
3663.1450	9.975e2
3663.4219	1.334e3
3664.2542	1.170e3
3664.6165	4.788e2
3664.8618	1.869e2
3665.2407	1.439e3
3665.8494	6.073e2
3666.2969	2.627e3
3667.0313	1.411e3
3667.7520	1.286e2
3668.2793	4.387e2
3668.5757	1.583e2
3668.9485	4.128e2
3669.2410	4.786e2
3669.7295	3.071e2
3670.2253	1.813e3
3670.7222	1.668e3
3671.2017	2.073e3
3671.7188	1.282e3
3672.3113	9.480e2
3672.8967	8.409e2
3673.4407	1.253e3
3673.8621	1.260e3
3674.1257	1.778e3
3674.9087	6.966e2
3675.3909	4.721e2
3675.7720	3.043e2
3676.1084	8.063e2
3676.8936	3.454e2
3677.1243	5.193e2
3677.5579	4.860e1
3677.8650	1.804e2
3678.2463	9.031e2
3678.5889	1.279e3
3679.2065	4.969e3
3679.7102	1.580e3
3680.2021	8.212e3
3680.7981	9.875e2
3681.2051	7.633e3
3682.2107	5.940e3
3682.8145	3.545e3
3683.1914	3.574e3
3683.7983	9.580e2
3684.2190	1.755e3
3684.7192	2.989e2
3685.1597	1.098e3
3685.8501	6.827e2
3686.2100	9.643e2
3686.6160	3.607e2
3687.2222	3.850e2
3687.5271	3.523e2
3688.0920	7.491e2
3688.4966	2.843e3
3688.9163	2.609e3
3689.3169	1.322e3
3689.7751	1.850e3
3690.2803	1.319e3
3690.6492	5.368e2
3691.0969	2.042e3
3691.7612	2.035e2
3692.1921	9.321e2
3692.4685	2.596e2
3693.1245	2.278e3
3693.6638	9.431e2
3694.3428	2.617e3
3694.8816	6.087e2
3695.2119	1.767e3
3695.7808	4.323e2
3696.0161	4.226e2
3696.3616	1.361e2
3697.2209	8.147e2
3697.6133	2.181e3
3698.2568	2.644e3
3698.6472	1.219e3
3699.2300	1.152e3
3699.8999	2.507e2
3700.3394	5.796e2
3700.9009	1.286e3
3701.2422	9.361e2
3701.5613	2.728e2
3702.2231	1.430e3
3702.6387	1.384e3
3703.2576	6.545e2
3703.5925	8.010e2
3704.1587	1.331e3
3704.9431	4.025e2
3705.2222	3.983e2
3705.6157	8.102e2
3706.4014	1.643e3
3706.7236	7.442e2
3707.1936	2.955e3
3707.6045	9.392e2
3708.1992	5.015e3
3708.7783	1.031e3
3709.2061	6.173e3
3709.7803	1.097e3
3710.2515	6.515e3
3710.7366	1.766e3
3711.2217	3.713e3
3712.2107	2.227e3
3712.5171	1.264e3
3713.2173	1.428e3
3713.4639	8.285e2
3713.8218	7.761e2
3714.2974	8.071e2
3714.9060	3.699e2
3715.4412	1.003e3
3716.1436	1.503e3
3716.5764	2.409e2
3716.8250	5.674e2
3717.2227	2.951e2
3717.6548	8.893e1
3718.2427	1.471e3
3718.5767	1.954e3
3719.0398	1.761e3
3719.3247	2.242e3
3719.7842	6.568e2
3720.1147	1.440e3
3720.7239	1.851e2
3721.1399	8.155e2
3721.7297	9.880e2
3722.1843	2.209e3
3722.7109	1.157e3
3723.1917	1.121e3
3723.5869	9.040e2
3723.8796	2.919e2
3724.2664	1.453e3
3724.8096	4.816e2
3725.2078	1.226e3
3725.8511	2.229e2
3726.2822	1.206e3
3726.9863	1.208e3
3727.2632	4.955e2
3727.9805	1.212e3
3728.3486	2.029e3
3728.9360	1.359e3
3729.3755	2.413e3
3730.2195	1.820e3
3730.5154	1.086e3
3731.0042	5.076e2
3731.3110	3.016e2
3731.8770	6.652e1
3732.2397	3.797e2
3733.4116	2.786e3
3734.1921	2.044e3
3734.6667	1.864e2
3735.2063	4.499e2
3735.6177	1.300e2
3736.2507	1.458e3
3736.6357	2.039e3
3737.2102	1.966e3
3737.7930	1.874e2
3738.2136	1.502e3
3738.5229	8.675e2
3738.8464	6.282e2
3739.2056	9.319e2
3739.6055	1.337e3
3740.1987	6.642e2
3740.7021	1.235e1
3741.2124	3.426e2
3741.5261	2.488e2
3741.9426	7.496e2
3742.5730	1.972e3
3743.2466	1.311e3
3743.4604	8.724e2
3743.7607	4.662e2
3744.1953	2.147e2
3744.6245	4.264e2
3745.0249	7.174e2
3746.1382	2.210e3
3746.4316	2.232e3
3747.2700	9.994e2
3747.5608	4.310e2
3748.2002	7.881e2
3748.5618	2.015e3
3749.2319	1.210e3
3750.3008	1.241e3
3750.5627	7.540e2
3751.1885	3.449e3
3751.7922	2.461e3
3752.2173	2.302e3
3753.2161	1.737e3
3753.8247	9.582e2
3754.3174	3.050e3
3754.8560	7.506e2
3755.2078	1.130e3
3755.5159	3.816e2
3756.2085	1.592e3
3756.8394	6.630e2
3757.5432	2.343e3
3758.4155	1.502e3
3758.9443	2.384e3
3759.8555	1.793e3
3760.4270	8.178e2
3760.8594	1.567e3
3761.2708	2.944e3
3761.8306	1.231e3
3762.2078	1.414e3
3762.6179	6.552e2
3763.2773	7.048e2
3763.7085	1.711e3
3764.2251	1.975e3
3764.6187	9.496e2
3765.1650	1.351e3
3766.2590	2.407e3
3766.8047	1.322e3
3767.2776	1.672e3
3767.6948	5.974e2
3768.1931	1.945e3
3768.8699	3.216e3
3769.3794	2.352e3
3769.6606	1.291e3
3770.2073	2.399e3
3770.7373	1.061e3
3771.2668	2.497e3
3771.5618	9.622e2
3772.2217	1.963e3
3772.4619	1.112e3
3773.1714	1.773e3
3773.4565	1.577e3
3773.8997	5.066e2
3774.2324	1.895e3
3774.5310	1.877e3
3775.3267	2.530e3
3776.1211	1.687e3
3776.6431	5.224e2
3776.8604	2.733e2
3777.1326	7.021e2
3777.7539	5.786e2
3778.2234	3.513e3
3778.6292	4.835e3
3779.2070	3.085e3
3779.5620	8.172e2
3780.1897	2.635e3
3780.4612	6.164e2
3780.8977	6.899e2
3781.2192	2.954e3
3781.8428	1.356e3
3782.2292	2.922e3
3782.5603	6.358e2
3782.9539	1.483e3
3783.2190	2.562e3
3784.1602	1.072e3
3785.2229	1.963e3
3785.7104	7.934e2
3786.1731	1.473e3
3786.5791	4.548e2
3786.9241	5.816e2
3787.6599	1.478e3
3787.8628	1.004e3
3788.3525	2.188e3
3788.7795	1.552e3
3789.3179	1.105e3
3790.2051	1.137e3
3790.5637	1.005e3
3790.9207	1.662e3
3791.4153	1.500e3
3791.9141	1.283e3
3792.2229	1.616e3
3792.6741	1.504e3
3793.2886	2.006e3
3793.8081	9.105e2
3794.2620	2.193e3
3794.8738	7.630e2
3795.2373	1.253e3
3795.5591	1.219e3
3796.2275	2.661e3
3796.8523	1.511e3
3797.3049	1.221e3
3798.5994	3.824e3
3799.1606	2.587e3
3799.6399	2.050e3
3799.8613	1.986e3
3800.4219	9.502e2
3800.7876	5.674e2
3801.1470	1.771e3
3801.6165	1.114e3
3802.2087	9.641e2
3802.6667	9.163e2
3802.9917	2.630e2
3803.3936	1.810e3
3804.2703	6.664e2
3805.2327	1.797e3
3806.2449	2.820e3
3806.6633	8.370e2
3807.1602	2.546e3
3807.7170	9.099e2
3808.2925	2.899e3
3808.7451	2.528e3
3809.2080	1.902e3
3809.6204	6.540e2
3810.2581	3.639e3
3811.1301	1.215e3
3811.4778	1.481e3
3812.2500	1.426e3
3812.7388	2.789e2
3813.1548	7.455e2
3813.6716	1.958e3
3814.2485	1.400e3
3814.5991	2.101e3
3814.9619	6.522e2
3815.2954	1.519e3
3815.8000	7.178e2
3816.0212	1.628e3
3816.6204	3.782e2
3817.2322	3.473e3
3817.5618	3.807e2
3818.1892	1.125e3
3818.4951	2.101e3
3818.7622	1.160e3
3819.2551	1.379e3
3819.5205	1.669e3
3820.3225	2.745e3
3821.2944	2.897e3
3822.3218	2.908e3
3823.2151	4.160e3
3823.6965	1.882e3
3824.1875	2.397e3
3824.7224	5.010e2
3825.2148	8.708e2
3825.8784	5.696e2
3826.2239	1.391e3
3826.5618	1.160e3
3827.0483	8.897e2
3827.4585	1.346e3
3827.7603	5.639e2
3828.4111	2.567e3
3828.7610	1.075e3
3829.2800	1.108e3
3830.2407	1.762e3
3830.6980	1.166e3
3831.2493	1.041e3
3831.8171	1.119e3
3832.3157	2.850e3
3832.8188	7.764e2
3833.3049	2.097e3
3833.5615	1.286e3
3834.2849	2.766e3
3834.8196	1.099e3
3835.3052	7.145e3
3835.7830	7.938e2
3836.2969	1.331e4
3836.8066	1.049e3
3837.3081	1.557e4
3837.9116	9.422e2
3838.3054	1.254e4
3839.3018	7.084e3
3840.3049	3.186e3
3841.0098	2.414e3
3841.3201	2.669e3
3841.7661	8.629e2
3841.9619	5.997e2
3842.4448	3.550e3
3843.1360	4.486e3
3843.6238	9.428e2
3844.2090	1.795e3
3844.7932	5.345e2
3845.1792	1.554e3
3845.8860	6.879e2
3846.2339	1.463e3
3846.6223	9.258e2
3847.2820	2.124e3
3847.8396	1.197e3
3848.3442	3.891e3
3848.6877	4.199e3
3849.3115	5.749e3
3849.7205	2.492e3
3850.3179	9.165e3
3850.8479	1.852e3
3851.3169	9.299e3
3851.8521	1.286e3
3852.3286	7.850e3
3852.9158	1.124e3
3853.3213	5.311e3
3854.3198	4.569e3
3854.9954	1.443e3
3855.3201	2.174e3
3855.6316	1.462e3
3855.9614	3.999e2
3856.4846	2.406e3
3857.2998	1.155e3
3857.8911	4.283e2
3858.2214	1.452e3
3858.6675	1.108e3
3858.9390	1.487e3
3859.3101	2.765e3
3859.6990	2.039e3
3860.2041	1.756e3
3860.7712	1.976e3
3861.2971	2.157e3
3861.7278	7.755e2
3862.3586	4.984e3
3862.8208	1.721e3
3863.3079	5.250e3
3863.8501	6.904e2
3864.3040	4.675e3
3864.7593	4.082e2
3865.3159	5.689e3
3865.9722	9.708e2
3866.3081	4.385e3
3866.7312	8.005e2
3867.3115	2.354e3
3867.5627	6.535e2
3868.4216	4.602e3
3868.9080	1.585e3
3869.2981	1.931e3
3869.7339	1.061e3
3870.1826	2.360e3
3870.5417	1.887e3
3870.9167	1.048e3
3871.2458	1.496e3
3871.7988	2.335e3
3872.3245	2.405e3
3872.9214	1.190e3
3873.3420	2.001e3
3873.6611	7.065e2
3874.2390	1.803e3
3874.7017	1.492e3
3875.2449	1.528e3
3875.8574	3.929e2
3876.2766	2.697e3
3876.5615	8.294e2
3876.9197	8.128e2
3877.3799	3.951e3
3877.8794	1.704e3
3878.3572	6.747e3
3878.9150	1.510e3
3879.3716	4.280e3
3879.8472	8.416e2
3880.3533	4.888e3
3880.9014	1.329e3
3881.3120	2.534e3
3881.6230	1.745e3
3882.1965	3.324e3
3882.7722	4.010e2
3883.2434	2.188e3
3883.4609	1.184e3
3883.7642	8.665e2
3884.3433	2.227e3
3884.9302	5.507e2
3885.1941	3.150e2
3885.6724	2.477e3
3886.4485	2.434e3
3886.7969	2.396e3
3887.2041	2.372e3
3887.6726	4.605e2
3888.0452	1.616e3
3888.4158	1.856e3
3888.7974	4.597e2
3889.1980	2.200e3
3889.7524	1.644e3
3890.3105	2.618e3
3890.8369	8.387e2
3891.2988	2.908e3
3891.9204	7.526e2
3892.3704	3.968e3
3892.8613	3.756e2
3893.3235	2.717e3
3893.9766	9.655e2
3894.3108	2.664e3
3894.8799	9.747e2
3895.3201	2.079e3
3895.7207	1.721e3
3896.3594	1.253e3
3896.8159	1.187e3
3897.2097	1.415e3
3897.4602	4.400e2
3897.9944	1.617e3
3898.2939	2.363e3
3898.6479	2.835e3
3899.2151	1.032e3
3899.6650	2.067e3
3900.0613	9.805e2
3900.8674	1.028e3
3901.2114	1.662e3
3901.6340	5.517e2
3902.3003	1.983e3
3902.7920	9.699e2
3903.3940	2.612e3
3903.9609	1.718e3
3904.3367	3.255e3
3904.8210	1.307e3
3905.3491	4.110e3
3905.9128	1.293e3
3906.3804	4.436e3
3906.8210	1.061e3
3907.3540	4.705e3
3907.7507	4.620e2
3908.1204	5.977e3
3908.3621	3.323e3
3908.9236	1.893e3
3909.3574	2.657e3
3910.2998	3.175e3
3910.8752	1.191e3
3911.2791	2.679e3
3912.0662	1.192e3
3912.6445	3.157e2
3913.3967	2.501e3
3913.8218	1.917e3
3914.2754	1.623e3
3914.6924	8.901e2
3915.2966	2.723e3
3915.8823	6.391e2
3916.2898	3.439e3
3916.6338	1.045e3
3917.2786	4.499e3
3918.3274	9.333e3
3919.3545	5.802e3
3919.8853	1.327e3
3920.3689	3.810e3
3920.8379	6.526e2
3921.3169	4.098e3
3922.3188	6.138e3
3922.8279	8.292e2
3923.3379	4.547e3
3923.8042	1.281e3
3924.3181	3.137e3
3924.6604	3.635e2
3924.9739	8.493e2
3925.3193	2.484e3
3925.5610	1.033e3
3925.9326	1.023e3
3926.3264	2.655e3
3927.2253	1.892e3
3927.7927	4.928e2
3928.1794	1.310e3
3928.4758	1.970e3
3928.8394	1.224e3
3929.2839	1.661e3
3929.9324	1.455e3
3930.2759	1.238e3
3930.8110	1.087e3
3931.2881	2.446e3
3931.5613	1.261e3
3931.9324	1.328e3
3932.3235	2.892e3
3932.7766	1.592e3
3933.3391	4.237e3
3933.6614	7.846e2
3934.3293	5.531e3
3934.7178	1.327e3
3935.3484	3.745e3
3935.7251	9.782e2
3936.3025	3.169e3
3936.9219	1.776e3
3937.3367	3.017e3
3937.9055	1.190e3
3938.3792	3.859e3
3938.8457	8.402e2
3939.2998	2.475e3
3939.7327	1.023e3
3940.4836	4.972e3
3941.2461	2.043e3
3941.9426	1.741e3
3942.3494	2.634e3
3942.8074	1.982e3
3943.2117	1.829e3
3943.7112	1.227e3
3944.2307	1.834e3
3944.6091	6.031e2
3944.8625	2.849e2
3945.3057	1.940e3
3946.3557	4.480e3
3946.8254	1.340e3
3947.3523	2.815e3
3947.9509	2.676e3
3948.3970	5.535e3
3948.6614	1.254e3
3949.3936	9.141e3
3949.9688	1.807e3
3950.3945	1.034e4
3951.3872	6.631e3
3951.6604	1.348e3
3952.3860	5.371e3
3952.7568	1.398e3
3953.3740	5.434e3
3953.9199	9.990e2
3954.3806	3.112e3
3954.9351	6.714e2
3955.2935	1.358e3
3955.7837	7.913e2
3956.1216	2.097e3
3956.7158	1.271e3
3957.2957	1.770e3
3957.7651	4.687e2
3958.3279	3.067e3
3958.7061	3.487e3
3959.2727	3.684e3
3960.3450	3.982e3
3960.8430	8.530e2
3961.3606	4.103e3
3961.9128	6.592e2
3962.3704	3.096e3
3962.8254	1.435e3
3963.3943	5.012e3
3963.9077	1.539e3
3964.3945	6.104e3
3964.8564	9.973e2
3965.3967	4.373e3
3965.7214	1.364e3
3966.4041	4.591e3
3967.3755	5.177e3
3968.0313	2.601e3
3968.3787	2.571e3
3968.6611	7.173e2
3968.9944	1.147e3
3969.4858	3.731e3
3970.1743	5.157e3
3970.6606	8.278e2
3971.2979	2.689e3
3972.3159	2.237e3
3972.7642	6.786e2
3973.4019	3.598e3
3974.3362	4.940e3
3974.8420	1.330e3
3975.3640	3.613e3
3975.8521	7.153e2
3976.3525	5.054e3
3976.9148	1.960e3
3977.3884	4.237e3
3978.3965	8.699e3
3979.3938	6.736e3
3979.8269	1.352e3
3980.3911	4.383e3
3980.6929	4.680e2
3980.9270	8.617e2
3981.3838	6.606e3
3982.0981	2.030e3
3982.3796	3.947e3
3982.9746	1.007e3
3983.3452	3.336e3
3983.7170	1.986e3
3984.3420	1.515e3
3985.5254	5.609e3
3986.3699	2.429e3
3986.7151	1.009e3
3987.3665	2.036e3
3987.6641	6.743e2
3988.3770	7.202e3
3989.3892	7.019e3
3989.9065	2.007e3
3990.3914	6.857e3
3990.8479	1.863e3
3991.4031	2.353e4
3991.8411	1.658e3
3992.4031	3.854e4
3992.9285	1.151e3
3993.4065	4.448e4
3993.9170	1.262e3
3994.4075	3.327e4
3994.7612	1.572e3
3995.4048	2.182e4
3995.9146	1.705e3
3996.4158	1.226e4
3996.9478	1.536e3
3997.4077	6.103e3
3997.8870	1.113e3
3998.4055	4.360e3
3998.9927	1.299e3
3999.3271	3.923e3
4000.3091	3.268e3
4000.6619	1.199e3
4001.3010	2.761e3
4001.6689	1.061e3
4002.4683	6.019e3
4002.8604	1.301e3
4003.4084	6.458e3
4003.9114	2.580e3
4004.3677	6.317e3
4004.8203	2.018e3
4005.4175	1.533e5
4005.8916	3.633e3
4006.4231	3.099e5
4006.9124	3.137e3
4007.4241	3.490e5
4007.8967	5.007e3
4008.4231	2.776e5
4008.9160	3.613e3
4009.4243	1.696e5
4009.9404	2.849e3
4010.4294	8.427e4
4010.9592	3.138e3
4011.4326	3.729e4
4012.0159	2.281e3
4012.4331	1.556e4
4013.0083	2.523e3
4013.4172	7.643e3
4013.8838	2.838e3
4014.4067	4.489e3
4014.7419	2.735e3
4015.4250	2.569e3
4015.6602	1.273e3
4016.3054	5.231e3
4016.9675	9.165e2
4017.3806	3.443e3
4017.9597	9.642e2
4018.3979	4.020e3
4018.8916	2.451e3
4019.4158	1.017e4
4019.9270	1.398e3
4020.4329	1.505e4
4020.9377	1.185e3
4021.4351	1.726e4
4021.9260	1.010e3
4022.4314	1.503e4
4022.8547	9.417e2
4023.4285	1.120e4
4024.4155	7.168e3
4024.9263	1.509e3
4025.4292	3.615e3
4025.9539	1.201e3
4026.4160	4.105e3
4027.4087	3.585e3
4027.9124	1.048e3
4028.4023	3.903e3
4028.9661	1.188e3
4029.3806	3.753e3
4029.7202	1.146e3
4030.3865	7.701e3
4030.7610	1.990e3
4031.3784	5.289e3
4032.3572	4.539e3
4032.7805	5.181e2
4033.4006	7.902e3
4033.7612	1.351e3
4034.4160	1.099e4
4034.9185	6.949e2
4035.4177	1.082e4
4035.8188	1.915e3
4036.4275	8.790e3
4036.7632	1.115e3
4037.4065	7.184e3
4038.0537	1.731e3
4038.4143	5.579e3
4039.0154	1.414e3
4039.4595	3.950e3
4039.9529	1.432e3
4040.3838	1.854e3
4040.6621	8.982e2
4041.3762	3.753e3
4041.7576	1.555e3
4042.3818	5.104e3
4042.9629	7.321e2
4043.3936	8.154e3
4043.9194	1.096e3
4044.3801	1.058e4
4044.9524	1.139e3
4045.3623	1.084e4
4045.9751	8.576e2
4046.3806	1.217e4
4047.3926	7.893e3
4047.9382	1.180e3
4048.4036	9.525e3
4048.9622	1.421e3
4049.4087	7.906e3
4049.9238	5.877e2
4050.4189	7.101e3
4051.0994	2.286e3
4051.4143	5.945e3
4051.8142	1.482e3
4052.4321	4.686e3
4053.3687	3.787e3
4053.9653	9.011e2
4054.3918	2.921e3
4055.0085	1.541e3
4055.3921	1.811e3
4055.8057	9.762e2
4056.3403	2.024e3
4056.9075	1.479e3
4057.3796	2.938e3
4057.9336	1.874e3
4058.3667	5.759e3
4058.8984	1.867e3
4059.3435	7.084e3
4059.6711	9.437e2
4059.9626	6.543e2
4060.3481	9.592e3
4060.7605	9.787e2
4061.3677	1.007e4
4061.6628	1.993e3
4062.4053	1.159e4
4063.4170	1.505e4
4063.9182	1.218e3
4064.4287	1.220e4
4065.0828	1.243e3
4065.4211	9.927e3
4065.9531	1.826e3
4066.4299	8.511e3
4066.9700	1.105e3
4067.4438	4.976e3
4068.3677	8.002e3
4069.3223	4.959e3
4069.9287	9.698e2
4070.4075	3.761e3
4070.7610	1.458e3
4071.3481	2.608e3
4071.7739	1.125e3
4072.3647	5.099e3
4072.7646	1.556e3
4073.3918	4.119e3
4073.8198	1.106e3
4074.4023	4.002e3
4074.9019	1.105e3
4075.4077	4.266e3
4075.8833	1.835e3
4076.4570	6.145e3
4077.4270	7.586e3
4078.4280	1.256e4
4078.8625	1.490e3
4079.4194	1.212e4
4079.8882	1.715e3
4080.4116	7.846e3
4080.9487	1.040e3
4081.3984	5.751e3
4081.8145	1.394e3
4082.4141	4.197e3
4082.7715	4.625e2
4083.3601	4.415e3
4083.7236	2.487e3
4084.3738	4.060e3
4084.8271	8.703e2
4085.3533	3.028e3
4086.3381	5.821e3
4086.9553	1.126e3
4087.3933	3.778e3
4087.8899	1.294e3
4088.4155	5.156e3
4088.7607	1.451e3
4089.4023	4.908e3
4089.9709	8.069e2
4090.4189	7.302e3
4090.8745	1.251e3
4091.4294	6.985e3
4091.9246	8.259e2
4092.4421	6.054e3
4093.0925	1.370e3
4093.4316	6.097e3
4093.8943	1.740e3
4094.4392	5.378e3
4094.9373	9.384e2
4095.4102	3.773e3
4095.9353	1.431e3
4096.3726	3.935e3
4096.7988	1.699e3
4097.3628	5.490e3
4097.9453	9.318e2
4098.3408	4.206e3
4099.3354	2.834e3
4099.7217	1.025e3
4100.3208	3.796e3
4100.9536	5.032e2
4101.4043	4.856e3
4101.9023	3.155e3
4102.4019	9.610e3
4102.8179	1.993e3
4103.3989	2.091e4
4103.8604	1.153e3
4104.4004	2.870e4
4104.9395	8.172e2
4105.3994	3.039e4
4105.9302	9.570e2
4106.4023	2.578e4
4106.9199	1.037e3
4107.4033	1.743e4
4107.9238	1.326e3
4108.4082	1.122e4
4108.7627	1.816e3
4109.4028	5.774e3
4109.8472	4.978e2
4110.4106	4.047e3
4110.9688	2.311e3
4111.3843	2.935e3
4111.6611	1.325e3
4112.0625	1.239e3
4112.4482	2.714e3
4112.9312	1.315e3
4113.3882	2.654e3
4113.8896	1.897e3
4114.3618	3.856e3
4114.9282	7.054e2
4115.4087	2.919e3
4115.9336	9.679e2
4116.3896	2.678e3
4116.8325	4.592e2
4117.4058	3.455e3
4117.9604	1.319e3
4118.4219	5.781e3
4119.4004	4.082e3
4119.7617	6.523e2
4120.3950	4.794e3
4120.8623	7.058e2
4121.3921	4.654e3
4121.8198	1.325e3
4122.4004	3.381e3
4122.8950	7.431e2
4123.3979	5.062e3
4123.9170	1.349e3
4124.3916	2.021e3
4125.3691	3.419e3
4125.7183	1.203e3
4126.3975	4.843e3
4126.9634	5.528e2
4127.3770	4.404e3
4127.9307	1.803e3
4128.3848	5.679e3
4128.8760	2.910e3
4129.3628	6.165e3
4129.7607	1.454e3
4130.3984	4.255e3
4131.3677	4.258e3
4132.3501	6.018e3
4133.4248	4.389e3
4134.3940	4.084e3
4134.8267	1.557e3
4135.3765	4.074e3
4135.7607	1.008e3
4136.4355	3.147e3
4137.3789	3.338e3
4138.4253	5.738e3
4138.7236	3.565e3
4139.1978	1.514e3
4139.4155	2.816e3
4140.3188	2.136e3
4140.7773	1.418e3
4141.3560	4.582e3
4141.9058	1.500e3
4142.3623	8.057e3
4142.8105	8.529e2
4143.3540	8.910e3
4143.8804	4.793e2
4144.3540	7.643e3
4144.9380	7.619e2
4145.3359	5.752e3
4145.9419	8.422e2
4146.3877	4.777e3
4147.3882	6.252e3
4147.8613	1.041e3
4148.4033	7.287e3
4149.3804	4.075e3
4150.3291	4.775e3
4150.8540	2.492e3
4151.4600	4.247e3
4152.3481	3.240e3
4153.2153	4.811e3
4153.6631	1.292e3
4154.3428	2.447e3
4154.8618	3.142e2
4155.3135	2.482e3
4156.3369	5.734e3
4156.8203	1.688e3
4157.3311	6.450e3
4158.3462	9.641e3
4158.6616	2.120e3
4158.9604	1.086e3
4159.3555	8.758e3
4159.9795	1.111e3
4160.3877	8.693e3
4160.8623	9.317e2
4161.3735	5.444e3
4161.8843	1.856e3
4162.4429	6.445e3
4162.9146	8.203e2
4163.4409	4.787e3
4163.8604	7.721e2
4164.3994	3.379e3
4165.3086	2.540e3
4165.7988	1.634e3
4166.3374	3.412e3
4166.6606	9.756e2
4167.3081	1.488e3
4167.7578	1.517e3
4168.2568	3.562e3
4168.5630	2.986e3
4169.3599	2.653e3
4169.8140	8.502e2
4170.3340	3.715e3
4170.7627	7.213e2
4171.4097	5.959e3
4172.4219	6.975e3
4172.9180	1.131e3
4173.4331	8.496e3
4174.0293	1.914e3
4174.4282	7.429e3
4174.8906	1.481e3
4175.4351	5.819e3
4175.7612	3.719e2
4176.4209	4.453e3
4176.9473	1.412e3
4177.4263	5.185e3
4178.4243	7.402e3
4178.8623	1.450e3
4179.3770	3.982e3
4180.3691	4.403e3
4181.3271	3.963e3
4182.2588	4.420e3
4182.7334	9.521e2
4183.3066	3.192e3
4183.6177	1.542e3
4183.8608	1.217e3
4184.3286	3.117e3
4185.2915	2.826e3
4186.3989	4.964e3
4186.9609	4.071e2
4187.3940	2.423e3
4187.8779	9.962e2
4188.3892	2.663e3
4189.3345	6.058e3
4189.7612	3.308e2
4190.2446	4.317e3
4190.9336	1.388e3
4191.3750	2.911e3
4191.8701	1.952e3
4192.3628	3.165e3
4192.7822	6.219e2
4193.3018	4.130e3
4193.8159	1.204e3
4194.3223	3.109e3
4194.8838	5.939e2
4195.2803	1.836e3
4195.5620	5.738e2
4196.3354	3.345e3
4196.8613	5.108e2
4197.2866	2.440e3
4197.9766	1.373e3
4198.3428	3.219e3
4198.7119	1.588e3
4199.3442	2.481e3
4199.7690	2.837e3
4200.3394	2.453e3
4200.7407	1.953e3
4201.3809	7.024e3
4202.3638	5.585e3
4202.7632	8.793e2
4203.3491	5.079e3
4203.9204	1.192e3
4204.3857	3.876e3
4204.8418	1.766e3
4205.3711	4.415e3
4205.9150	1.156e3
4206.3574	2.893e3
4206.6606	5.314e2
4207.3296	2.149e3
4207.7217	7.694e2
4208.1587	1.166e3
4208.5010	1.990e3
4209.3086	1.870e3
4209.7710	3.326e2
4210.0762	1.513e3
4210.3481	2.248e3
4210.7905	1.906e3
4211.2944	3.430e3
4211.8232	2.047e3
4212.3867	3.190e3
4213.3174	2.879e3
4213.7163	1.225e3
4214.3340	4.096e3
4214.7607	7.338e2
4215.2349	1.715e3
4215.4614	1.269e3
4216.3887	3.700e3
4216.9385	7.509e2
4217.4341	2.162e3
4218.3350	3.257e3
4219.1313	2.934e3
4219.5327	2.491e3
4220.3003	1.365e3
4220.9502	2.754e2
4221.3525	9.820e2
4221.7852	7.317e2
4222.0996	1.397e3
4222.4688	4.870e3
4223.2471	2.787e3
4223.6787	2.494e3
4224.3145	2.675e3
4224.6606	4.290e2
4224.9902	6.044e2
4225.3257	2.772e3
4226.3413	5.311e3
4226.9683	1.102e3
4227.4082	4.125e3
4228.3623	6.515e3
4229.3682	3.977e3
4229.7612	4.014e2
4230.4111	4.217e3
4230.7627	4.908e2
4231.4531	2.684e3
4231.9326	8.900e2
4232.4673	2.976e3
4233.3892	3.953e3
4233.8188	1.089e3
4234.3862	3.992e3
4235.4102	2.417e3
4236.2368	1.059e3
4236.6851	1.333e3
4237.2979	2.813e3
4237.7622	8.314e2
4238.4243	6.697e3
4238.8125	1.649e3
4239.3013	3.219e3
4239.8320	8.982e2
4240.3301	5.793e3
4241.3457	3.140e3
4241.6616	5.751e2
4242.3208	4.075e3
4243.3169	2.428e3
4243.6230	1.218e3
4243.9736	4.439e2
4244.3525	2.975e3
4245.3916	1.589e3
4245.9072	1.049e3
4246.3765	2.883e3
4246.8506	1.650e3
4247.3779	3.354e3
4247.9614	1.276e3
4248.2783	2.269e3
4248.5620	2.168e3
4248.9932	8.679e2
4249.3267	3.266e3
4250.0620	1.361e3
4250.3892	2.036e3
4250.8857	1.014e3
4251.3262	2.109e3
4252.1948	2.657e3
4252.9380	1.933e3
4253.3960	1.762e3
4254.3467	3.420e3
4254.9341	1.294e3
4255.3267	2.902e3
4255.6611	1.140e3
4256.3179	3.469e3
4257.2939	3.346e3
4258.3564	7.632e3
4259.5083	5.639e3
4259.9668	5.463e2
4260.4873	2.360e3
4260.8594	9.328e2
4261.3555	2.820e3
4261.8252	8.388e2
4262.4771	2.568e3
4262.8608	3.886e2
4263.2964	2.224e3
4263.5625	5.419e2
4264.2803	3.284e3
4264.9424	8.713e2
4265.3008	1.489e3
4266.2734	3.031e3
4267.0605	2.384e3
4267.5332	1.099e3
4268.3472	4.031e3
4268.8184	1.053e3
4269.3779	1.772e3
4269.8950	3.247e2
4270.4375	2.046e3
4270.7466	1.772e3
4271.3950	5.104e3
4272.3472	3.556e3
4273.0181	1.905e3
4273.3208	3.217e3
4274.3047	3.298e3
4275.3926	1.686e3
4275.8613	6.498e2
4276.2231	1.057e3
4276.4629	8.071e2
4277.0454	1.211e3
4277.3105	7.806e2
4277.7339	1.061e3
4278.3667	4.733e3
4279.2427	3.911e3
4280.2876	1.562e3
4280.5620	5.605e2
4280.8887	2.956e2
4281.3428	2.061e3
4282.2803	3.871e3
4282.9204	6.764e3
4283.6606	9.152e2
4284.3477	1.889e3
4284.8237	4.004e2
4285.3013	1.429e3
4285.6240	6.957e2
4286.0513	1.106e3
4286.4189	1.514e3
4287.3164	8.913e2
4288.2549	3.452e3
4288.6807	1.848e3
4289.2837	3.149e3
4290.2959	2.413e3
4290.7729	2.554e2
4291.3511	1.810e3
4291.7622	3.533e2
4292.2837	3.465e3
4293.2388	2.762e3
4293.7808	1.955e3
4294.2471	3.105e3
4294.8296	2.683e3
4295.2388	2.967e3
4295.8403	9.638e2
4296.2905	1.981e3
4296.5620	6.827e2
4297.1880	2.556e3
4297.9209	8.463e2
4298.4580	2.737e3
4299.3052	2.497e3
4299.8501	1.169e3
4300.2832	2.717e3
4301.3457	3.137e3
4302.4204	3.350e3
4303.2793	4.713e3
4303.8325	8.474e2
4304.1587	8.895e2
4304.3618	8.414e2
4304.8218	2.753e2
4305.2437	1.124e3
4305.8853	1.415e3
4306.4985	2.922e3
4306.8286	1.164e3
4307.1616	6.963e2
4307.5229	4.409e2
4308.3843	2.480e3
4309.3335	2.087e3
4309.9380	2.816e3
4310.4351	3.904e3
4310.9277	1.450e3
4311.2881	1.655e3
4312.3584	4.448e3
4313.1548	2.458e3
4313.8789	8.926e2
4314.3066	2.060e3
4314.5610	1.382e3
4315.3188	1.195e3
4315.7549	8.254e2
4316.1665	1.861e3
4316.4604	6.991e2
4317.0396	1.451e3
4317.3296	1.456e3
4318.1704	2.337e3
4318.4146	3.130e3
4319.2422	2.259e3
4319.8628	4.871e2
4320.2422	1.911e3
4321.2529	4.456e3
4321.8945	1.966e3
4322.3281	1.928e3
4322.5601	9.305e2
4323.1558	1.806e3
4324.2061	3.936e3
4325.2783	2.388e3
4325.5610	6.348e2
4326.3169	3.309e3
4326.7607	7.024e2
4327.3286	2.712e3
4327.8154	1.244e3
4328.3008	2.077e3
4328.7905	2.414e3
4329.3779	1.142e3
4330.1357	1.693e3
4330.4243	1.503e3
4330.7646	7.004e2
4331.0913	5.007e2
4331.4624	1.420e3
4331.8403	6.719e2
4332.3843	1.759e3
4332.8530	1.155e3
4333.1460	1.433e3
4333.5449	7.640e2
4333.8789	1.189e3
4334.1406	2.520e3
4335.0034	1.254e3
4335.2607	8.378e2
4335.6602	3.167e2
4336.1885	1.870e3
4336.7905	8.036e2
4337.3037	1.953e3
4338.3184	4.468e3
4338.6611	1.518e3
4339.3018	2.451e3
4339.7603	7.410e2
4340.2505	2.643e3
4340.8628	9.123e2
4341.2949	1.734e3
4341.8535	9.119e2
4342.2920	9.687e2
4342.9116	1.949e3
4343.2622	5.942e2
4343.6948	1.334e3
4344.1987	9.515e2
4344.6250	3.738e2
4345.2939	2.465e3
4345.9038	1.696e3
4346.3682	2.354e3
4346.8228	1.198e3
4347.3613	1.763e3
4347.8521	1.655e3
4348.4004	2.416e3
4348.8423	1.245e3
4349.2266	1.365e3
4349.5488	1.138e3
4350.1851	1.823e3
4350.8354	8.609e2
4351.2783	1.245e3
4351.7358	1.023e3
4352.0610	5.170e2
4352.5020	5.269e2
4353.2642	2.340e3
4354.3442	4.357e3
4354.7832	1.861e3
4355.2861	8.178e2
4355.7729	9.894e2
4356.2700	1.561e3
4356.6904	3.075e2
4357.2222	2.566e3
4357.9619	3.026e3
4358.5347	3.710e3
4358.8633	1.763e3
4359.1616	9.718e2
4359.5327	1.039e3
4360.0513	3.323e3
4360.8965	3.473e2
4361.3042	1.653e3
4362.0981	1.398e3
4362.6162	5.545e2
4363.2183	2.140e3
4363.4619	9.187e2
4363.7632	4.851e2
4364.2646	1.535e3
4364.6162	5.634e2
4365.2954	2.085e3
4366.1470	2.798e3
4366.5215	2.153e3
4367.1255	1.244e3
4367.6572	1.603e3
4367.8604	7.617e2
4368.2124	1.923e3
4368.6924	1.354e3
4369.1685	6.491e2
4369.5024	1.110e3
4369.9229	2.611e3
4370.5596	1.405e3
4371.0703	1.039e3
4371.9224	1.191e3
4372.2866	1.302e3
4372.7305	7.571e2
4373.3125	1.316e3
4373.8091	9.487e2
4374.2891	1.329e3
4374.7222	7.938e2
4375.1279	9.279e2
4375.3604	7.010e2
4376.3105	9.477e2
4376.7559	4.770e2
4377.2217	9.234e2
4377.5674	5.607e2
4377.8735	7.546e2
4378.2974	2.560e3
4378.8193	1.756e3
4379.4946	2.104e3
4380.0376	9.933e2
4380.6714	1.753e3
4381.3125	2.123e3
4381.7876	1.327e3
4382.3022	2.352e3
4383.2588	1.890e3
4384.3506	2.491e3
4384.9360	6.724e2
4385.5898	2.997e2
4386.1162	3.392e2
4386.9834	7.034e2
4387.2573	9.932e2
4387.7720	4.247e2
4388.1265	8.950e2
4388.4248	9.135e2
4389.2437	6.664e2
4390.0239	2.102e3
4390.4907	4.166e3
4391.1289	1.705e3
4391.5078	1.595e3
4392.2876	1.528e3
4392.7549	1.093e3
4393.2451	1.781e3
4393.6221	3.689e2
4394.3086	2.769e3
4395.2568	1.016e3
4395.6929	5.430e2
4396.2407	6.731e2
4396.5190	5.574e2
4396.8604	5.480e2
4397.1294	9.661e2
4397.7729	7.213e2
4398.1274	1.205e3
4398.4858	1.603e3
4398.7632	7.048e2
4399.2505	1.679e3
4399.5610	1.617e3
4400.2573	1.388e3
4400.6733	4.218e2
4401.0645	1.350e3
4401.5923	2.366e3
4402.1772	2.776e3
4402.4609	1.118e3
4403.0728	9.419e2
4403.3223	8.905e2
4404.0903	9.606e2
4404.4204	4.256e2
4405.1768	9.408e2
4406.0244	8.506e2
4406.3135	4.601e2
4407.1660	1.537e3
4408.2832	2.416e3
4408.8818	7.485e2
4409.1968	1.695e3
4409.5938	2.957e2
4409.9229	8.209e2
4410.1616	5.032e2
4410.6499	8.023e2
4411.1191	4.326e2
4411.7788	6.115e2
4412.0171	9.016e2
4412.4629	3.600e2
4413.3057	8.702e2
4413.6201	5.779e2
4414.1909	1.280e3
4414.6348	1.476e3
4415.2471	1.343e3
4416.0073	2.270e2
4416.6401	1.192e2
4417.1597	1.109e3
4417.7026	9.378e2
4418.2881	2.410e3
4418.7241	4.563e2
4419.5317	3.626e3
4420.3604	1.997e3
4420.8779	1.406e3
4421.3218	1.566e3
4421.7241	7.573e2
4422.2671	2.459e3
4422.7271	8.269e2
4423.1108	1.420e3
4424.1069	1.304e3
4424.5205	6.060e2
4425.0757	2.732e2
4425.4487	4.556e2
4425.9165	1.291e3
4426.5747	4.659e2
4426.8789	7.588e2
4427.2183	6.331e2
4428.0859	1.299e3
4428.3301	1.079e3
4428.6631	1.139e3
4429.3516	2.414e3
4430.2227	3.198e3
4430.8906	3.878e3
4431.5479	2.551e3
4431.9287	1.291e3
4432.3867	7.516e2
4432.7363	2.612e2
4433.1582	4.327e2
4433.3613	2.284e2
4433.7109	1.154e3
4434.4385	5.783e2
4434.9121	9.348e2
4436.1074	1.923e3
4437.0552	2.111e3
4437.7251	5.052e2
4438.2100	1.486e3
4438.6113	1.299e3
4439.2388	9.181e2
4439.5186	9.513e2
4440.2949	1.214e3
4440.7275	3.855e2
4441.0713	2.231e2
4441.3638	1.580e2
4441.9121	8.473e2
4442.4351	1.507e3
4442.9951	5.859e3
4443.6743	6.074e2
4444.0146	1.466e3
4444.8159	7.171e2
4445.4780	4.052e2
4445.7295	4.009e2
4446.3149	2.015e3
4447.1025	1.121e3
4447.4629	6.472e2
4447.7969	1.799e2
4448.1362	8.774e2
4448.5151	2.584e2
4449.2432	7.651e2
4450.1533	1.902e3
4450.5713	1.469e3
4451.0210	6.204e2
4451.6323	2.530e2
4452.0596	6.343e2
4452.7974	2.597e3
4453.1958	1.760e3
4453.8208	4.625e3
4454.3203	1.222e3
4454.9575	1.797e3
4455.5469	1.158e2
4456.1025	8.639e2
4456.6772	7.522e2
4457.1650	2.077e3
4457.7524	1.747e3
4458.2300	1.194e3
4458.8770	1.553e3
4459.2188	9.371e2
4459.9341	2.862e2
4460.4253	7.225e2
4460.8828	2.703e2
4461.1143	4.956e2
4461.7437	4.545e2
4462.3535	1.331e3
4462.6274	9.360e2
4463.1997	9.116e2
4463.7729	6.905e2
4464.1563	1.675e3
4464.6816	6.589e2
4465.0908	8.046e2
4465.4365	4.325e2
4466.1021	1.592e3
4466.5151	8.315e2
4467.0889	2.113e3
4467.8496	1.510e3
4468.2837	2.430e3
4468.7964	1.818e3
4469.2617	6.464e2
4469.8198	5.905e2
4470.1138	3.998e2
4470.5879	9.201e2
4471.1577	1.710e3
4471.5381	1.499e3
4471.8608	5.316e2
4472.1201	9.961e2
4472.7402	3.011e2
4473.2051	9.266e2
4473.6309	1.915e2
4474.4692	3.477e3
4475.0234	8.050e2
4475.7144	1.097e3
4476.2192	6.647e2
4476.8530	7.892e2
4477.2310	6.540e2
4477.5688	1.511e2
4477.9888	2.081e3
4478.2983	5.170e2
4478.7988	3.068e3
4479.1309	2.066e3
4480.2026	1.347e3
4480.6606	1.991e3
4481.2197	5.314e2
4481.7397	1.990e3
4482.1211	7.013e2
4482.5913	8.409e2
4483.1650	1.140e3
4483.8555	2.016e2
4484.3833	3.659e2
4484.7788	8.928e2
4485.3647	6.855e2
4485.5698	4.021e2
4486.0425	3.043e3
4486.4604	3.162e2
4486.9639	4.694e2
4487.2119	5.141e2
4488.0825	1.519e3
4488.4409	7.387e2
4488.9004	1.560e3
4489.3267	2.162e3
4489.7744	1.173e3
4490.2588	1.092e3
4490.5166	1.692e3
4491.1611	6.316e2
4491.7925	4.699e2
4492.0894	1.240e3
4492.3633	4.872e2
4492.7227	5.302e2
4493.2061	1.713e3
4493.7832	4.335e2
4494.3452	1.674e3
4494.7285	3.059e2
4495.2783	7.812e2
4496.0098	1.830e2
4496.6318	4.131e2
4497.2100	3.728e2
4497.8262	1.171e3
4498.1973	2.275e3
4498.4619	5.442e2
4498.8594	1.633e3
4499.5967	1.378e3
